                           time                    temp                     den                    ener                    sdot                   sneut                   s-snu                      ye                   1-sum
      1  1.0175522000000001E-04  9.8688104000000000E+07  7.8888152999999998E+06  1.382835E+17 -3.841752E-07  0.000000E+00 -3.841752E-07  5.000000E-01  0.000000E+00  7.126061E-09 -1.854899E-02
      2  1.0175522001017553E-04  9.8688103999999985E+07  7.8888152999999980E+06  1.382835E+17 -3.841752E-07  0.000000E+00 -3.841752E-07  5.000000E-01  0.000000E+00  7.126061E-09 -1.854899E-02
      3  1.0175522003052657E-04  9.8688103999999955E+07  7.8888152999999933E+06  1.382835E+17 -3.841752E-07  0.000000E+00 -3.841752E-07  5.000000E-01  0.000000E+00  7.126061E-09 -1.854899E-02
      4  1.0175522007122866E-04  9.8688103999999896E+07  7.8888152999999849E+06  1.382835E+17 -3.841752E-07  0.000000E+00 -3.841752E-07  5.000000E-01  0.000000E+00  7.126061E-09 -1.854899E-02
      5  1.0175522015263284E-04  9.8688103999999791E+07  7.8888152999999691E+06  1.382835E+17 -3.841752E-07  0.000000E+00 -3.841752E-07  5.000000E-01  0.000000E+00  7.126061E-09 -1.854899E-02
      6  1.0175522031544119E-04  9.8688103999999568E+07  7.8888152999999356E+06  1.382835E+17 -3.841752E-07  0.000000E+00 -3.841752E-07  5.000000E-01  0.000000E+00  7.126061E-09 -1.854899E-02
      7  1.0175522064105789E-04  9.8688103999999121E+07  7.8888152999998694E+06  1.382835E+17 -3.841752E-07  0.000000E+00 -3.841752E-07  5.000000E-01  0.000000E+00  7.126061E-09 -1.854899E-02
      8  1.0175522129229130E-04  9.8688103999998227E+07  7.8888152999997372E+06  1.382835E+17 -3.841752E-07  0.000000E+00 -3.841752E-07  5.000000E-01  0.000000E+00  7.126061E-09 -1.854899E-02
      9  1.0175522259475811E-04  9.8688103999996439E+07  7.8888152999994727E+06  1.382835E+17 -3.841752E-07  0.000000E+00 -3.841752E-07  5.000000E-01  0.000000E+00  7.126061E-09 -1.854899E-02
     10  1.0175522519969174E-04  9.8688103999992862E+07  7.8888152999989437E+06  1.382835E+17 -3.841752E-07  0.000000E+00 -3.841752E-07  5.000000E-01  0.000000E+00  7.126061E-09 -1.854899E-02
     11  1.0175523040955900E-04  9.8688103999985710E+07  7.8888152999978866E+06  1.382835E+17 -3.841752E-07  0.000000E+00 -3.841752E-07  5.000000E-01  0.000000E+00  7.126061E-09 -1.854899E-02
     12  1.0175524082929354E-04  9.8688103999971405E+07  7.8888152999957707E+06  1.382835E+17 -3.841752E-07  0.000000E+00 -3.841752E-07  5.000000E-01  0.000000E+00  7.126061E-09 -1.854899E-02
     13  1.0175526166876259E-04  9.8688103999942809E+07  7.8888152999915387E+06  1.382835E+17 -3.841752E-07  0.000000E+00 -3.841752E-07  5.000000E-01  0.000000E+00  7.126061E-09 -1.854899E-02
     14  1.0175530334770070E-04  9.8688103999885604E+07  7.8888152999830758E+06  1.382835E+17 -3.841752E-07  0.000000E+00 -3.841752E-07  5.000000E-01  0.000000E+00  7.126061E-09 -1.854899E-02
     15  1.0175538670557692E-04  9.8688103999771178E+07  7.8888152999661509E+06  1.382835E+17 -3.841752E-07  0.000000E+00 -3.841752E-07  5.000000E-01  0.000000E+00  7.126061E-09 -1.854899E-02
     16  1.0175555342132937E-04  9.8688103999542341E+07  7.8888152999322992E+06  1.382835E+17 -3.841752E-07  0.000000E+00 -3.841752E-07  5.000000E-01  0.000000E+00  7.126061E-09 -1.854899E-02
     17  1.0175588685283427E-04  9.8688103999084681E+07  7.8888152998645967E+06  1.382835E+17 -3.841752E-07  0.000000E+00 -3.841752E-07  5.000000E-01  0.000000E+00  7.126061E-09 -1.854899E-02
     18  1.0175655371584406E-04  9.8688103998169333E+07  7.8888152997291917E+06  1.382835E+17 -3.841751E-07  0.000000E+00 -3.841751E-07  5.000000E-01  0.000000E+00  7.126061E-09 -1.854899E-02
     19  1.0175788744186364E-04  9.8688103996338665E+07  7.8888152994583817E+06  1.382835E+17 -3.841751E-07  0.000000E+00 -3.841751E-07  5.000000E-01  0.000000E+00  7.126061E-09 -1.854899E-02
     20  1.0176055489390281E-04  9.8688103992677316E+07  7.8888152989167627E+06  1.382835E+17 -3.841749E-07  0.000000E+00 -3.841749E-07  5.000000E-01  0.000000E+00  7.126060E-09 -1.854900E-02
     21  1.0176588979798114E-04  9.8688103985354617E+07  7.8888152978335228E+06  1.382835E+17 -3.841747E-07  0.000000E+00 -3.841747E-07  5.000000E-01  0.000000E+00  7.126059E-09 -1.854901E-02
     22  1.0177655960613782E-04  9.8688103970709220E+07  7.8888152956670430E+06  1.382835E+17 -3.841741E-07  0.000000E+00 -3.841741E-07  5.000000E-01  0.000000E+00  7.126057E-09 -1.854903E-02
     23  1.0179789922245117E-04  9.8688103941418409E+07  7.8888152913340852E+06  1.382835E+17 -3.841730E-07  0.000000E+00 -3.841730E-07  5.000000E-01  0.000000E+00  7.126053E-09 -1.854907E-02
     24  1.0184057845507785E-04  9.8688103882836819E+07  7.8888152826681677E+06  1.382835E+17 -3.841709E-07  0.000000E+00 -3.841709E-07  5.000000E-01  0.000000E+00  7.126044E-09 -1.854915E-02
     25  1.0192593692033123E-04  9.8688103765673622E+07  7.8888152653363338E+06  1.382835E+17 -3.841666E-07  0.000000E+00 -3.841666E-07  5.000000E-01  0.000000E+00  7.126026E-09 -1.854931E-02
     26  1.0209665385083798E-04  9.8688103531347215E+07  7.8888152306726649E+06  1.382835E+17 -3.841580E-07  0.000000E+00 -3.841580E-07  5.000000E-01  0.000000E+00  7.125990E-09 -1.854963E-02
     27  1.0243808771185149E-04  9.8688103062694415E+07  7.8888151613453282E+06  1.382835E+17 -3.841408E-07  0.000000E+00 -3.841408E-07  5.000000E-01  0.000000E+00  7.125919E-09 -1.855028E-02
     28  1.0312095543387850E-04  9.8688102125388831E+07  7.8888150226906547E+06  1.382835E+17 -3.841064E-07  0.000000E+00 -3.841064E-07  5.000000E-01  0.000000E+00  7.125776E-09 -1.855157E-02
     29  1.0448669087793252E-04  9.8688100250777647E+07  7.8888147453813078E+06  1.382835E+17 -3.840376E-07  0.000000E+00 -3.840376E-07  5.000000E-01  0.000000E+00  7.125491E-09 -1.855415E-02
     30  1.0721816176604055E-04  9.8688096501555279E+07  7.8888141907626148E+06  1.382835E+17 -3.839000E-07  0.000000E+00 -3.839000E-07  5.000000E-01  0.000000E+00  7.124920E-09 -1.855931E-02
     31  1.1268110354225661E-04  9.8688089003110543E+07  7.8888130815252271E+06  1.382835E+17 -3.838582E-07  0.000000E+00 -3.838582E-07  5.000000E-01  0.000000E+00  7.125954E-09 -1.856403E-02
     32  1.2360698709468874E-04  9.8688074006221056E+07  7.8888108630504524E+06  1.382835E+17 -3.878498E-07  0.000000E+00 -3.878498E-07  5.000000E-01  0.000000E+00  7.167485E-09 -1.848005E-02
     33  1.4545875419955299E-04  9.8688044012442112E+07  7.8888064261009041E+06  1.382835E+17 -3.982196E-07  0.000000E+00 -3.982196E-07  5.000000E-01  0.000000E+00  7.296801E-09 -1.832356E-02
     34  1.8916228840928150E-04  9.8687984024884209E+07  7.8887975522018056E+06  1.382835E+17 -4.071737E-07  0.000000E+00 -4.071737E-07  5.000000E-01  0.000000E+00  7.471721E-09 -1.835020E-02
     35  2.7656935682873854E-04  9.8687864913707107E+07  7.8887798217522511E+06  1.382835E+17 -3.857609E-07  0.000000E+00 -3.857609E-07  5.000000E-01  0.000000E+00  7.385000E-09 -1.914398E-02
     36  4.5138349366765263E-04  9.8687628495947972E+07  7.8887444028893039E+06  1.382835E+17 -3.652893E-07  0.000000E+00 -3.652893E-07  5.000000E-01  0.000000E+00  7.150889E-09 -1.957596E-02
     37  8.0101176734548069E-04  9.8687161506702796E+07  7.8886739561140621E+06  1.382835E+17 -3.635470E-07  0.000000E+00 -3.635470E-07  5.000000E-01  0.000000E+00  7.041098E-09 -1.936778E-02
     38  1.5002683147011370E-03  9.8686267575223491E+07  7.8885360812666323E+06  1.382835E+17 -3.548429E-07  0.000000E+00 -3.548429E-07  5.000000E-01  0.000000E+00  7.005882E-09 -1.974361E-02
     39  2.8987814094124497E-03  9.8684639158405647E+07  7.8882789549682904E+06  1.382835E+17 -3.455025E-07  0.000000E+00 -3.455025E-07  5.000000E-01  0.000000E+00  6.969521E-09 -2.017213E-02
     40  5.6958075988350742E-03  9.8682157722559616E+07  7.8878956565465499E+06  1.382835E+17 -3.364721E-07  0.000000E+00 -3.364721E-07  5.000000E-01  0.000000E+00  6.937418E-09 -2.061811E-02
     41  1.1289859977680325E-02  9.8680975256189898E+07  7.8877641573002636E+06  1.382835E+17 -3.292780E-07  0.000000E+00 -3.292780E-07  5.000000E-01  0.000000E+00  6.919303E-09 -2.101356E-02
     42  2.1289859754162907E-02  9.8664480175300926E+07  7.8871472726725368E+06  1.382835E+17 -3.248879E-07  0.000000E+00 -3.248879E-07  5.000000E-01  0.000000E+00  6.910563E-09 -2.127060E-02
     43  3.1289859530645489E-02  9.8880560749767363E+07  7.8807048289962998E+06  1.382835E+17 -3.281728E-07  0.000000E+00 -3.281728E-07  5.000000E-01  0.000000E+00  7.062205E-09 -2.151978E-02
     44  4.1289859307128071E-02  1.0166091176773205E+08  7.9090658524866542E+06  1.382835E+17 -4.226201E-07  0.000000E+00 -4.226201E-07  5.000000E-01  0.000000E+00  9.161481E-09 -2.167782E-02
     45  5.1289859083610653E-02  1.0198954504460242E+08  7.8590965721871993E+06  1.382835E+17 -4.330256E-07  0.000000E+00 -4.330256E-07  5.000000E-01  0.000000E+00  9.450763E-09 -2.182495E-02
     46  6.1289858860093235E-02  1.0148381968118031E+08  7.7998934239021633E+06  1.382835E+17 -4.109609E-07  0.000000E+00 -4.109609E-07  5.000000E-01  0.000000E+00  9.045029E-09 -2.200947E-02
     47  7.1289858636575817E-02  1.0232854935992256E+08  7.9862743368477998E+06  1.382835E+17 -4.391829E-07  0.000000E+00 -4.391829E-07  5.000000E-01  0.000000E+00  9.748207E-09 -2.219624E-02
     48  8.1289858413058400E-02  1.0308951722152875E+08  7.7745893629441215E+06  1.382835E+17 -4.683284E-07  0.000000E+00 -4.683284E-07  5.000000E-01  0.000000E+00  1.043244E-08 -2.227590E-02
     49  9.1289858189540982E-02  1.0183102023402730E+08  7.6671824873505021E+06  1.382835E+17 -4.151336E-07  0.000000E+00 -4.151336E-07  5.000000E-01  0.000000E+00  9.354220E-09 -2.253303E-02
     50  1.0128985796602356E-01  1.0495116418115348E+08  8.0324910188564444E+06  1.382835E+17 -5.398034E-07  0.000000E+00 -5.398034E-07  5.000000E-01  0.000000E+00  1.218214E-08 -2.256774E-02
     51  1.1128985774250615E-01  1.0570732092234336E+08  8.0211886671156110E+06  1.382835E+17 -5.732171E-07  0.000000E+00 -5.732171E-07  5.000000E-01  0.000000E+00  1.296927E-08 -2.262540E-02
     52  1.2128985751898873E-01  1.0272996793993907E+08  7.6658815879118908E+06  1.382835E+17 -4.421430E-07  0.000000E+00 -4.421430E-07  5.000000E-01  0.000000E+00  1.015054E-08 -2.295759E-02
     53  1.3128985729547132E-01  1.0935368162943552E+08  7.8890695733335037E+06  1.382835E+17 -7.503511E-07  0.000000E+00 -7.503511E-07  5.000000E-01  0.000000E+00  1.710493E-08 -2.279590E-02
     54  1.4128985707195391E-01  1.1065752381311284E+08  8.0534105656995140E+06  1.382835E+17 -8.241036E-07  0.000000E+00 -8.241036E-07  5.000000E-01  0.000000E+00  1.880860E-08 -2.282310E-02
     55  1.5128985684843649E-01  1.0872665505819200E+08  7.6348963361241985E+06  1.382835E+17 -7.193700E-07  0.000000E+00 -7.193700E-07  5.000000E-01  0.000000E+00  1.643422E-08 -2.284530E-02
     56  1.6128985662491907E-01  1.1339768086736749E+08  7.7806024140872266E+06  1.382835E+17 -9.879439E-07  0.000000E+00 -9.879439E-07  5.000000E-01  0.000000E+00  2.267564E-08 -2.295236E-02
     57  1.7128985640140165E-01  1.1581223614778306E+08  7.9315456203484135E+06  1.382835E+17 -1.147986E-06  0.000000E+00 -1.147986E-06  5.000000E-01  0.000000E+00  2.646654E-08 -2.305476E-02
     58  1.8128985617788423E-01  1.1628078740054584E+08  7.8135127923298776E+06  1.382835E+17 -1.182973E-06  0.000000E+00 -1.182973E-06  5.000000E-01  0.000000E+00  2.729320E-08 -2.307171E-02
     59  1.9128985595436682E-01  1.1674995238368650E+08  7.8661431764924265E+06  1.382835E+17 -1.213848E-06  0.000000E+00 -1.213848E-06  5.000000E-01  0.000000E+00  2.809710E-08 -2.314714E-02
     60  2.0128985573084940E-01  1.1865704729060018E+08  7.9402043008134207E+06  1.382835E+17 -1.349738E-06  0.000000E+00 -1.349738E-06  5.000000E-01  0.000000E+00  3.145212E-08 -2.330239E-02
     61  2.1128985550733198E-01  1.1714682865241322E+08  7.6604195937809665E+06  1.382835E+17 -1.238322E-06  0.000000E+00 -1.238322E-06  5.000000E-01  0.000000E+00  2.881601E-08 -2.327021E-02
     62  2.2128985528381456E-01  1.1924836672798474E+08  7.9167331788707189E+06  1.382835E+17 -1.387736E-06  0.000000E+00 -1.387736E-06  5.000000E-01  0.000000E+00  3.255167E-08 -2.345667E-02
     63  2.3128985506029714E-01  1.2770614427190685E+08  8.1951569748460706E+06  1.382835E+17 -2.100291E-06  0.000000E+00 -2.100291E-06  5.000000E-01  0.000000E+00  5.074120E-08 -2.415912E-02
     64  2.4128985483677973E-01  1.3126187824899024E+08  8.0726130469703395E+06  1.382835E+17 -2.455975E-06  0.000000E+00 -2.455975E-06  5.000000E-01  0.000000E+00  6.014040E-08 -2.448738E-02
     65  2.5128985461326231E-01  1.2466770434319505E+08  7.6355537289591925E+06  1.382835E+17 -1.837896E-06  0.000000E+00 -1.837896E-06  5.000000E-01  0.000000E+00  4.380836E-08 -2.383615E-02
     66  2.6128985438974489E-01  1.2655178643620966E+08  7.7889304642534535E+06  1.382835E+17 -1.995223E-06  0.000000E+00 -1.995223E-06  5.000000E-01  0.000000E+00  4.808777E-08 -2.410145E-02
     67  2.7128985416622747E-01  1.2868503266708335E+08  7.9210292921512499E+06  1.382835E+17 -2.190967E-06  0.000000E+00 -2.190967E-06  5.000000E-01  0.000000E+00  5.333494E-08 -2.434310E-02
     68  2.8128985394271006E-01  1.3065232693225603E+08  8.1135179434114918E+06  1.382835E+17 -2.381200E-06  0.000000E+00 -2.381200E-06  5.000000E-01  0.000000E+00  5.850507E-08 -2.456958E-02
     69  2.9128985371919264E-01  1.3269310318277782E+08  8.0488838384495126E+06  1.382835E+17 -2.585869E-06  0.000000E+00 -2.585869E-06  5.000000E-01  0.000000E+00  6.420276E-08 -2.482831E-02
     70  3.0128985349567522E-01  1.2908573161355977E+08  7.5758347696424983E+06  1.382835E+17 -2.225833E-06  0.000000E+00 -2.225833E-06  5.000000E-01  0.000000E+00  5.445139E-08 -2.446338E-02
     71  3.1128985327215780E-01  1.2903699936037414E+08  7.6622368417254966E+06  1.382835E+17 -2.214035E-06  0.000000E+00 -2.214035E-06  5.000000E-01  0.000000E+00  5.428560E-08 -2.451885E-02
     72  3.2128985304864038E-01  1.3226746168231359E+08  7.9706954690533318E+06  1.382835E+17 -2.528438E-06  0.000000E+00 -2.528438E-06  5.000000E-01  0.000000E+00  6.296876E-08 -2.490421E-02
     73  3.3128985282512297E-01  1.3366032091671821E+08  8.0911039044535588E+06  1.382835E+17 -2.673779E-06  0.000000E+00 -2.673779E-06  5.000000E-01  0.000000E+00  6.703216E-08 -2.507020E-02
     74  3.4128985260160555E-01  1.3342621554930086E+08  7.9441300954333059E+06  1.382835E+17 -2.648796E-06  0.000000E+00 -2.648796E-06  5.000000E-01  0.000000E+00  6.637539E-08 -2.505870E-02
     75  3.5128985237808813E-01  1.2858676435357012E+08  7.4300031979329148E+06  1.382835E+17 -2.160686E-06  0.000000E+00 -2.160686E-06  5.000000E-01  0.000000E+00  5.318863E-08 -2.461655E-02
     76  3.6128985215457071E-01  1.2865625895940286E+08  7.5417887845638003E+06  1.382835E+17 -2.160102E-06  0.000000E+00 -2.160102E-06  5.000000E-01  0.000000E+00  5.331219E-08 -2.468040E-02
     77  3.7128985193105329E-01  1.3494737672493163E+08  7.8396408987644147E+06  1.382835E+17 -2.790823E-06  0.000000E+00 -2.790823E-06  5.000000E-01  0.000000E+00  7.083100E-08 -2.537997E-02
     78  3.8128985170753588E-01  1.3812915672224298E+08  7.8241999077843297E+06  1.382835E+17 -3.148981E-06  0.000000E+00 -3.148981E-06  5.000000E-01  0.000000E+00  8.110990E-08 -2.575751E-02
     79  3.9128985148401846E-01  1.3870714894717523E+08  7.7436638508756896E+06  1.382835E+17 -3.217152E-06  0.000000E+00 -3.217152E-06  5.000000E-01  0.000000E+00  8.311560E-08 -2.583515E-02
     80  4.0128985126050104E-01  1.3730724070365262E+08  7.5571280298738489E+06  1.382835E+17 -3.057304E-06  0.000000E+00 -3.057304E-06  5.000000E-01  0.000000E+00  7.845988E-08 -2.566309E-02
     81  4.1128985103698362E-01  1.3748759787542069E+08  7.5910613186889691E+06  1.382835E+17 -3.071788E-06  0.000000E+00 -3.071788E-06  5.000000E-01  0.000000E+00  7.902814E-08 -2.572708E-02
     82  4.2128985081346620E-01  1.3951302309364176E+08  7.8198159456754467E+06  1.382835E+17 -3.299011E-06  0.000000E+00 -3.299011E-06  5.000000E-01  0.000000E+00  8.586987E-08 -2.602898E-02
     83  4.3128985058994879E-01  1.4108667560783160E+08  7.8130565620968966E+06  1.382835E+17 -3.482396E-06  0.000000E+00 -3.482396E-06  5.000000E-01  0.000000E+00  9.148875E-08 -2.627178E-02
     84  4.4128985036643137E-01  1.4058503190074137E+08  7.6336192138547339E+06  1.382835E+17 -3.424507E-06  0.000000E+00 -3.424507E-06  5.000000E-01  0.000000E+00  8.971358E-08 -2.619752E-02
     85  4.5128985014291395E-01  1.4492734475559309E+08  7.6360874120223848E+06  1.382835E+17 -3.944967E-06  0.000000E+00 -3.944967E-06  5.000000E-01  0.000000E+00  1.061890E-07 -2.691759E-02
     86  4.6128984991939653E-01  1.4442094516082743E+08  7.4316851175483139E+06  1.382835E+17 -3.887086E-06  0.000000E+00 -3.887086E-06  5.000000E-01  0.000000E+00  1.042452E-07 -2.681835E-02
     87  4.7128984969587912E-01  1.4573009125585964E+08  7.4996154424476810E+06  1.382835E+17 -4.048708E-06  0.000000E+00 -4.048708E-06  5.000000E-01  0.000000E+00  1.095390E-07 -2.705530E-02
     88  4.8128984947236170E-01  1.4864838580474159E+08  7.7492712742966330E+06  1.382835E+17 -4.420686E-06  0.000000E+00 -4.420686E-06  5.000000E-01  0.000000E+00  1.220272E-07 -2.760368E-02
     89  4.9128984924884428E-01  1.4642556425212178E+08  7.4870522707354985E+06  1.382835E+17 -4.135730E-06  0.000000E+00 -4.135730E-06  5.000000E-01  0.000000E+00  1.124767E-07 -2.719633E-02
     90  5.0128984902532681E-01  1.4520221607105488E+08  7.4599499838243518E+06  1.382835E+17 -3.978231E-06  0.000000E+00 -3.978231E-06  5.000000E-01  0.000000E+00  1.074164E-07 -2.700103E-02
     91  5.1128984880180939E-01  1.4854474383858934E+08  7.4611461905947300E+06  1.382835E+17 -4.399653E-06  0.000000E+00 -4.399653E-06  5.000000E-01  0.000000E+00  1.215635E-07 -2.763024E-02
     92  5.2128984857829197E-01  1.5780097846713871E+08  7.4085221257242830E+06  1.382835E+17 -5.683427E-06  0.000000E+00 -5.683427E-06  5.000000E-01  0.000000E+00  1.681065E-07 -2.957836E-02
     93  5.3128984835477455E-01  1.7473964415411311E+08  7.7190722621780010E+06  1.382835E+17 -8.253825E-06  0.000000E+00 -8.253825E-06  5.000000E-01  0.000000E+00  2.869118E-07 -3.476108E-02
     94  5.3128986107245402E-01  1.7473965042069122E+08  7.7190725638600020E+06  1.382835E+17 -8.253059E-06  0.000000E+00 -8.253059E-06  5.000000E-01  0.000000E+00  2.869045E-07 -3.476341E-02
     95  5.3128988650781284E-01  1.7473966295384738E+08  7.7190731672240030E+06  1.382835E+17 -8.251786E-06  0.000000E+00 -8.251786E-06  5.000000E-01  0.000000E+00  2.868898E-07 -3.476699E-02
     96  5.3128993737853047E-01  1.7473968802015966E+08  7.7190743739520041E+06  1.382835E+17 -8.249241E-06  0.000000E+00 -8.249241E-06  5.000000E-01  0.000000E+00  2.868604E-07 -3.477416E-02
     97  5.3129003911996575E-01  1.7473973815278429E+08  7.7190767874080054E+06  1.382835E+17 -8.244150E-06  0.000000E+00 -8.244150E-06  5.000000E-01  0.000000E+00  2.868016E-07 -3.478849E-02
     98  5.3129024260283630E-01  1.7473983841803351E+08  7.7190816143200099E+06  1.382835E+17 -8.233970E-06  0.000000E+00 -8.233970E-06  5.000000E-01  0.000000E+00  2.866839E-07 -3.481722E-02
     99  5.3129064956857752E-01  1.7474003894853202E+08  7.7190912681440208E+06  1.382835E+17 -8.257642E-06  0.000000E+00 -8.257642E-06  5.000000E-01  0.000000E+00  2.871755E-07 -3.477694E-02
    100  5.3129146350005996E-01  1.7474044000952902E+08  7.7191105757920425E+06  1.382835E+17 -8.400894E-06  0.000000E+00 -8.400894E-06  5.000000E-01  0.000000E+00  2.900626E-07 -3.452758E-02
    101  5.3129309136302472E-01  1.7474124213152301E+08  7.7191491910880832E+06  1.382835E+17 -8.600105E-06  0.000000E+00 -8.600105E-06  5.000000E-01  0.000000E+00  2.954282E-07 -3.435170E-02
    102  5.3129634708895424E-01  1.7474284637551096E+08  7.7192264216801655E+06  1.382835E+17 -8.479585E-06  0.000000E+00 -8.479585E-06  5.000000E-01  0.000000E+00  2.973743E-07 -3.506944E-02
    103  5.3130285854081338E-01  1.7474605486348695E+08  7.7193808828643318E+06  1.382835E+17 -7.795100E-06  0.000000E+00 -7.795100E-06  5.000000E-01  0.000000E+00  2.891559E-07 -3.709457E-02
    104  5.3131588144453168E-01  1.7475247183943886E+08  7.7196898052326636E+06  1.382835E+17 -7.301262E-06  0.000000E+00 -7.301262E-06  5.000000E-01  0.000000E+00  2.787104E-07 -3.817291E-02
    105  5.3134192725196827E-01  1.7476530579134274E+08  7.7203076499693291E+06  1.382835E+17 -6.948489E-06  0.000000E+00 -6.948489E-06  5.000000E-01  0.000000E+00  2.722961E-07 -3.918782E-02
    106  5.3139401886684146E-01  1.7479097369515046E+08  7.7215433394426582E+06  1.382835E+17 -6.508398E-06  0.000000E+00 -6.508398E-06  5.000000E-01  0.000000E+00  2.677476E-07 -4.113878E-02
    107  5.3149820209658782E-01  1.7484230950276592E+08  7.7240147183893183E+06  1.382835E+17 -6.216418E-06  0.000000E+00 -6.216418E-06  5.000000E-01  0.000000E+00  2.645900E-07 -4.256310E-02
    108  5.3170656855608056E-01  1.7495255888837829E+08  7.7290275075179609E+06  1.382835E+17 -6.273579E-06  0.000000E+00 -6.273579E-06  5.000000E-01  0.000000E+00  2.658281E-07 -4.237265E-02
    109  5.3212330147506604E-01  1.7563359387050363E+08  7.7433092083729682E+06  1.382835E+17 -6.879914E-06  0.000000E+00 -6.879914E-06  5.000000E-01  0.000000E+00  2.773585E-07 -4.031424E-02
    110  5.3295676731303698E-01  1.7907649494527617E+08  7.7849580532777719E+06  1.382835E+17 -8.079718E-06  0.000000E+00 -8.079718E-06  5.000000E-01  0.000000E+00  3.164754E-07 -3.916911E-02
    111  5.3462369898897888E-01  2.2927116768678796E+08  7.9721376719653634E+06  1.382835E+17 -1.007408E-05  0.000000E+00 -1.007408E-05  5.000000E-01  0.000000E+00  1.146868E-06 -1.138434E-01
    112  5.3472919513806394E-01  2.3748925836802658E+08  7.9930071469842037E+06  1.382835E+17 -7.883299E-06  0.000000E+00 -7.883299E-06  5.000000E-01  0.000000E+00  1.368934E-06 -1.736499E-01
    113  5.3494018743623406E-01  2.5392543973050386E+08  8.0347460970218824E+06  1.382835E+17 -8.353258E-06  0.000000E+00 -8.353258E-06  5.000000E-01  0.000000E+00  2.055333E-06 -2.460517E-01
    114  5.3536217203257441E-01  3.2746838461743033E+08  8.1854142778064776E+06  1.382835E+17  1.196239E-03  0.000000E+00  1.196239E-03  5.000000E-01  0.000000E+00  8.805792E-06  7.361230E-03
    115  5.3620614122525501E-01  5.8764269145067286E+08  8.6950639113614466E+06  1.382835E+17  5.587286E+05  0.000000E+00  5.587286E+05  5.000000E-01  0.000000E+00 -1.959523E+00 -3.507111E-06
    116  5.3621346759275035E-01  5.9117739137315822E+08  8.7019986728561651E+06  1.382835E+17  8.583344E+05  0.000000E+00  8.583344E+05  5.000000E-01  0.000000E+00 -7.299129E+03 -8.503830E-03
    117  5.3622812032774103E-01  5.9824679121812880E+08  8.7158681958456002E+06  1.382835E+17  1.247519E+06  0.000000E+00  1.247519E+06  5.000000E-01  0.000000E+00 -1.094376E+04 -8.772422E-03
    118  5.3625742579772251E-01  6.1238559090812349E+08  8.7436072418245785E+06  1.382835E+17  2.562475E+06  0.000000E+00  2.562475E+06  5.000000E-01  0.000000E+00 -2.298157E+04 -8.968508E-03
    119  5.3631603673768546E-01  6.4066319028811288E+08  8.7990853337825332E+06  1.382835E+17  1.012574E+07  0.000000E+00  1.012574E+07  5.000000E-01  0.000000E+00 -9.418573E+04 -9.301616E-03
    120  5.3643325861761137E-01  6.9721838904809153E+08  8.9100415176984407E+06  1.382835E+17  1.262339E+08  0.000000E+00  1.262339E+08  5.000000E-01  1.110223E-16 -1.263041E+06 -1.000556E-02
    121  5.3666770237746309E-01  8.1032878656799555E+08  9.1319538855301552E+06  1.382835E+17  9.654059E+09  0.000000E+00  9.654059E+09  5.000000E-01 -4.218847E-15 -1.175460E+08 -1.217581E-02
    122  5.3713658989716662E-01  1.1272877781838291E+09  9.8174738870226778E+06  1.382835E+17  1.089820E+14  0.000000E+00  1.089820E+14  5.000000E-01 -1.971534E-12 -2.336281E+12 -2.143730E-02
    123  5.3713958538340412E-01  1.1295116216105278E+09  9.8223832687371131E+06  1.382835E+17  8.615693E+13  0.000000E+00  8.615693E+13  5.000000E-01 -1.080069E-11 -1.635113E+12 -1.897831E-02
    124  5.3714557635587912E-01  1.1339593084639254E+09  9.8322020321659818E+06  1.382835E+17  9.440193E+13  0.000000E+00  9.440193E+13  5.000000E-01 -1.080847E-11 -1.792426E+12 -1.898718E-02
    125  5.3715755830082912E-01  1.1428546821707203E+09  9.8518395590237174E+06  1.382835E+17  1.157030E+14  0.000000E+00  1.157030E+14  5.000000E-01 -1.080824E-11 -2.222415E+12 -1.920793E-02
    126  5.3718152219072912E-01  1.1606454295843105E+09  9.8911146127391905E+06  1.382835E+17  1.729186E+14  0.000000E+00  1.729186E+14  5.000000E-01 -1.080824E-11 -3.399142E+12 -1.965747E-02
    127  5.3722944997052913E-01  1.1962269244114907E+09  9.9696647201701384E+06  1.382835E+17  3.780547E+14  0.000000E+00  3.780547E+14  5.000000E-01 -1.080891E-11 -7.786797E+12 -2.059701E-02
    128  5.3732530553012914E-01  1.2673899140658512E+09  1.0126764935032031E+07  1.382836E+17  1.692449E+15  0.000000E+00  1.692449E+15  5.000000E-01 -1.128098E-11 -3.917510E+13 -2.314699E-02
    129  5.3751701664932916E-01  1.4097158933745720E+09  1.0440965364755819E+07  1.382852E+17  5.340475E+16  0.000000E+00  5.340475E+16  5.000000E-01 -1.703215E-11 -3.256939E+15 -6.098595E-02
    130  5.3755535887316919E-01  1.4381810892363327E+09  1.0503805450700611E+07  1.382863E+17  3.805753E+16  0.000000E+00  3.805753E+16  5.000000E-01 -2.326206E-11 -1.032164E+15 -2.712115E-02
    131  5.3763204332084913E-01  1.4951114809597716E+09  1.0629485622590017E+07  1.382912E+17  1.074875E+17  0.000000E+00  1.074875E+17  5.000000E-01 -2.326961E-11 -3.101889E+15 -2.885813E-02
    132  5.3778541221620912E-01  1.6240766858062105E+09  1.0965235211008385E+07  1.383470E+17 -1.482993E+18  0.000000E+00 -1.482993E+18  5.000000E-01 -6.235057E-10  2.407515E+17 -1.623417E-01
    133  5.3779829481598029E-01  1.6349440821524227E+09  1.0993630891422821E+07  1.383584E+17  9.184913E+17  0.000000E+00  9.184913E+17  5.000000E-01 -7.105414E-10 -1.512376E+16 -1.646588E-02
    134  5.3782406001552274E-01  1.6566788748449407E+09  1.1050422252251936E+07  1.383871E+17  1.284283E+18  0.000000E+00  1.284283E+18  5.000000E-01 -7.105412E-10 -2.658407E+16 -2.069954E-02
    135  5.3787559041460764E-01  1.7001484602299769E+09  1.1164004973910166E+07  1.384767E+17  2.369495E+18  0.000000E+00  2.369495E+18  5.000000E-01 -7.105414E-10 -5.986117E+16 -2.526326E-02
    136  5.3797865121277744E-01  1.7870876310000491E+09  1.1391170417226627E+07  1.389017E+17 -1.014821E+19  0.000000E+00 -1.014821E+19  5.000000E-01  9.799536E-08  1.870521E+18 -1.843203E-01
    137  5.3799926337241144E-01  1.8044754651541011E+09  1.1436603505890017E+07  1.390550E+17  7.670265E+18  0.000000E+00  7.670265E+18  5.000000E-01  9.799027E-08 -1.199164E+17 -1.563394E-02
    138  5.3804048769167934E-01  1.8392511334621115E+09  1.1527469683216553E+07  1.394738E+17  1.381406E+19  0.000000E+00  1.381406E+19  5.000000E-01  9.799027E-08 -4.692121E+17 -3.396626E-02
    139  5.3812293633021513E-01  1.9088024700781319E+09  1.1709202037869623E+07  1.410195E+17 -2.665175E+19  0.000000E+00 -2.665175E+19  5.000000E-01  1.035318E-07  6.200643E+18 -2.326542E-01
    140  5.3813942605792231E-01  1.9227127374013548E+09  1.1745548508800287E+07  1.414987E+17  2.980457E+19  0.000000E+00  2.980457E+19  5.000000E-01  1.035318E-07 -5.640128E+17 -1.892370E-02
    141  5.3817240551333667E-01  1.9505332720478003E+09  1.1818241450661613E+07  1.426998E+17  4.469621E+19  0.000000E+00  4.469621E+19  5.000000E-01  1.035318E-07 -1.359090E+18 -3.040729E-02
    142  5.3823836442416528E-01  2.0061743413405979E+09  1.1963627334384020E+07  1.464467E+17  2.880829E+20  0.000000E+00  2.880829E+20  5.000000E-01  1.035318E-07 -3.071486E+19 -1.066181E-01
    143  5.3825080344020149E-01  2.0166675430097857E+09  1.1991045272557070E+07  1.474227E+17  8.942539E+19  0.000000E+00  8.942539E+19  5.000000E-01  1.034234E-07 -2.889716E+18 -3.231427E-02
    144  5.3827568147227378E-01  2.0376539463480675E+09  1.2045881148902925E+07  1.496961E+17  1.029279E+20  0.000000E+00  1.029279E+20  5.000000E-01  1.034234E-07 -2.699504E+18 -2.622714E-02
    145  5.3832543753641837E-01  2.0796267530246315E+09  1.2155552901594635E+07  1.558130E+17  1.297609E+20  0.000000E+00  1.297609E+20  5.000000E-01  1.034234E-07 -1.068562E+18 -8.234852E-03
    146  5.3842494966470766E-01  2.1635723663778529E+09  1.2374896406978300E+07  1.765900E+17 -5.083632E+19  0.000000E+00 -5.083632E+19  5.000000E-01  8.469583E-08  4.082448E+19 -8.030574E-01
    147  5.3844206938917649E-01  2.1780140811284013E+09  1.2412631509631103E+07  1.815601E+17  2.757645E+20  0.000000E+00  2.757645E+20  5.000000E-01  8.470514E-08 -3.077185E+18 -1.115874E-02
    148  5.3846939416035855E-01  2.2010644842907772E+09  1.2472860460593294E+07  1.903948E+17  3.482687E+20  0.000000E+00  3.482687E+20  5.000000E-01  8.470514E-08 -8.702935E+18 -2.498914E-02
    149  5.3852404370272267E-01  2.2424019694597769E+09  1.2607824730609730E+07  2.109452E+17  4.837741E+20  0.000000E+00  4.837741E+20  5.000000E-01  8.470514E-08 -2.191327E+19 -4.529649E-02
    150  5.3863334278745090E-01  2.3214043486029658E+09  1.2888937895399462E+07  2.576496E+17  1.082293E+21  0.000000E+00  1.082293E+21  5.000000E-01  8.470514E-08 -1.116743E+20 -1.031831E-01
    151  5.3865520260439659E-01  2.3372048244316359E+09  1.2945160528357524E+07  2.670645E+17  4.887524E+20  0.000000E+00  4.887524E+20  5.000000E-01  8.470514E-08 -1.938218E+19 -3.965644E-02
    152  5.3869565774635642E-01  2.3664461714323788E+09  1.3049209642918935E+07  2.839304E+17  4.279570E+20  0.000000E+00  4.279570E+20  5.000000E-01  8.470514E-08 -1.301950E+19 -3.042245E-02
    153  5.3877656803027607E-01  2.4249288654338651E+09  1.3257307872041756E+07  3.139460E+17  4.432158E+20  0.000000E+00  4.432158E+20  5.000000E-01  8.470514E-08 -2.507167E+19 -5.656764E-02
    154  5.3893838859811549E-01  2.5418942534369178E+09  1.3673504330287684E+07  3.548305E+17 -3.216179E+19  0.000000E+00 -3.216179E+19  5.000001E-01 -1.635293E-06  1.001966E+19 -3.115392E-01
    155  5.3896725821367131E-01  2.5627614758800855E+09  1.3747755903531296E+07  3.597494E+17  1.635493E+20  0.000000E+00  1.635493E+20  5.000001E-01 -5.750315E-06 -5.933708E+18 -3.628085E-02
    156  5.3900620619389616E-01  2.5909134325797815E+09  1.3847928654386451E+07  3.655289E+17  1.409891E+20  0.000000E+00  1.409891E+20  5.000001E-01 -5.750317E-06 -3.856672E+18 -2.735440E-02
    157  5.3908410215434588E-01  2.6472173459791737E+09  1.4048274156096760E+07  3.748509E+17  1.145613E+20  0.000000E+00  1.145613E+20  5.000001E-01 -5.750317E-06 -3.509562E+18 -3.063480E-02
    158  5.3923989407524520E-01  2.7598251727778783E+09  1.4448965159517091E+07  3.891467E+17  1.504852E+20  0.000000E+00  1.504852E+20  5.000001E-01 -5.750689E-06 -8.387157E+18 -5.573409E-02
    159  5.3927105245942508E-01  2.7823467381376352E+09  1.4529103360201215E+07  3.918735E+17  9.434078E+19  0.000000E+00  9.434078E+19  5.000001E-01 -5.750859E-06 -1.499060E+18 -1.588984E-02
    160  5.3930449736848740E-01  2.8065210246169834E+09  1.4615122417506138E+07  3.948990E+17  9.325042E+19  0.000000E+00  9.325042E+19  5.000001E-01 -5.750859E-06 -8.666207E+17 -9.293477E-03
    161  5.3937138718661204E-01  2.8478317636376281E+09  1.4770720701593574E+07  4.012772E+17  9.814141E+19  0.000000E+00  9.814141E+19  5.000001E-01 -5.750859E-06 -7.566301E+17 -7.709591E-03
    162  5.3950516682286132E-01  2.9199764209007235E+09  1.5057444234524470E+07  4.139801E+17  8.690422E+19  0.000000E+00  8.690422E+19  5.000001E-01 -5.751376E-06 -1.515624E+17 -1.744016E-03
    163  5.3953192275011119E-01  2.9344053523533545E+09  1.5114788941110697E+07  4.163851E+17  8.824982E+19  0.000000E+00  8.824982E+19  5.000001E-01 -5.751376E-06 -2.978004E+17 -3.374515E-03
    164  5.3958543460461095E-01  2.9632632152586164E+09  1.5229478354283150E+07  4.208960E+17  7.725757E+19  0.000000E+00  7.725757E+19  5.000001E-01 -5.751376E-06 -1.185711E+17 -1.534750E-03
    165  5.3969245831361035E-01  3.0209789410690804E+09  1.5458857180627817E+07  4.282195E+17  3.461977E+19  0.000000E+00  3.461977E+19  5.000001E-01 -5.721351E-06  1.087924E+18  3.142493E-02
    166  5.3990650573160925E-01  3.1364103926900682E+09  1.5917614833317393E+07  4.351399E+17 -2.054007E+20  0.000000E+00 -2.054007E+20  5.000001E-01 -2.623000E-05  8.395162E+17 -4.087212E-03
    167  5.3994458847774263E-01  3.1569476489157481E+09  1.5999235772207709E+07  4.355862E+17  8.434825E+18  0.000000E+00  8.434825E+18  5.000001E-01 -2.628246E-05 -7.185617E+17 -8.518987E-02
    168  5.3999720711813248E-01  3.1853238194825654E+09  1.6112010802052220E+07  4.360437E+17  1.022114E+19  0.000000E+00  1.022114E+19  5.000001E-01 -2.628435E-05 -2.700009E+17 -2.641592E-02
    169  5.4010244439891231E-01  3.2420761606162601E+09  1.6337560861741481E+07  4.367441E+17  9.628190E+18  0.000000E+00  9.628190E+18  5.000001E-01 -2.642342E-05 -1.051443E+18 -1.092046E-01
    170  5.4031291896047184E-01  3.3449978315955710E+09  1.6713883673660804E+07  4.388143E+17 -1.575986E+18  0.000000E+00 -1.575986E+18  5.000001E-01 -2.642342E-05  2.023466E+18 -1.283937E+00
    171  5.4035501387278373E-01  3.3643071086817603E+09  1.6780138953627542E+07  4.394539E+17  1.465918E+19  0.000000E+00  1.465918E+19  5.000001E-01 -2.642342E-05 -6.635253E+16 -4.526348E-03
    172  5.4043920369740761E-01  3.4029256628541889E+09  1.6912649513561197E+07  4.410579E+17  2.239636E+19  0.000000E+00  2.239636E+19  5.000001E-01 -2.642342E-05 -8.518174E+17 -3.803374E-02
    173  5.4060758334665526E-01  3.4801627711989961E+09  1.7177670633428331E+07  4.460078E+17  4.826605E+19  0.000000E+00  4.826605E+19  5.000001E-01 -2.642398E-05 -6.159772E+18 -1.276212E-01
    174  5.4094434264515057E-01  3.6346369878886104E+09  1.7707712873162605E+07  4.689369E+17 -1.072304E+21  0.000000E+00 -1.072304E+21  5.000001E-01 -2.556210E-05  3.944648E+20 -3.678666E-01
    175  5.4099580073527331E-01  3.6582412304427791E+09  1.7788705325228449E+07  4.749240E+17  2.358406E+19  0.000000E+00  2.358406E+19  5.000001E-01 -2.629761E-05  2.350501E+19  9.966482E-01
    176  5.4108739614047563E-01  3.6954079979060340E+09  1.7917555735847749E+07  4.876692E+17  1.338775E+20  0.000000E+00  1.338775E+20  5.000001E-01 -2.629761E-05 -2.528021E+18 -1.888310E-02
    177  5.4127058695088015E-01  3.7638982887046194E+09  1.8156799140643604E+07  5.202210E+17  1.095967E+20  0.000000E+00  1.095967E+20  5.000001E-01 -2.629761E-05 -5.450943E+18 -4.973636E-02
    178  5.4130722511296103E-01  3.7775963468643284E+09  1.8204647821602743E+07  5.278270E+17  2.092697E+20  0.000000E+00  2.092697E+20  5.000001E-01 -2.629761E-05 -6.601308E+18 -3.154451E-02
    179  5.4136830623984433E-01  3.8004329953474298E+09  1.8284418508418635E+07  5.412280E+17  2.230759E+20  0.000000E+00  2.230759E+20  5.000001E-01 -2.629761E-05 -5.953265E+18 -2.668718E-02
    180  5.4149046849361104E-01  3.8461062923136740E+09  1.8443959882050563E+07  5.701626E+17  2.096269E+20  0.000000E+00  2.096269E+20  5.000001E-01 -2.629761E-05 -2.446588E+18 -1.167116E-02
    181  5.4173479300114447E-01  3.9374528862461624E+09  1.8763042629314411E+07  6.304673E+17  8.040994E+19  0.000000E+00  8.040994E+19  5.000002E-01 -7.345648E-05  1.567565E+18  1.949466E-02
    182  5.4177183260047002E-01  3.9513010313756485E+09  1.8811415579001959E+07  6.394954E+17  2.248262E+20  0.000000E+00  2.248262E+20  5.000002E-01 -7.345905E-05 -6.061419E+18 -2.696047E-02
    183  5.4184591179912101E-01  3.9789973216345797E+09  1.8908161478376906E+07  6.572665E+17  1.910056E+20  0.000000E+00  1.910056E+20  5.000002E-01 -7.345905E-05 -7.734235E+18 -4.049219E-02
    184  5.4199407019642309E-01  4.0396459662884946E+09  1.8985240734158721E+07  6.906213E+17 -2.497182E+20  0.000000E+00 -2.497182E+20  5.000002E-01 -7.345905E-05 -3.757848E+19  1.504835E-01
    185  5.4202370187588356E-01  4.0520799718738360E+09  1.8993917394505344E+07  6.967752E+17  1.644853E+20  0.000000E+00  1.644853E+20  5.000002E-01 -7.345905E-05 -9.920244E+18 -6.031081E-02
    186  5.4207894396255940E-01  4.0752605821794343E+09  1.9010093218206614E+07  7.075864E+17  1.435054E+20  0.000000E+00  1.435054E+20  5.000002E-01 -7.345905E-05 -9.785424E+18 -6.818853E-02
    187  5.4218942813591098E-01  4.1216218027905841E+09  1.9042444865609124E+07  7.260623E+17 -2.638889E+20  0.000000E+00 -2.638889E+20  5.000002E-01 -7.345905E-05 -4.618580E+19  1.750199E-01
    188  5.4241039648261413E-01  4.2143442440128837E+09  1.9107148160414141E+07  7.485702E+17  3.705203E+21  0.000000E+00  3.705203E+21  5.000002E-01 -7.346143E-05  6.776333E+20  1.828870E-01
    189  5.4244414486104808E-01  4.2285056932990737E+09  1.9117030260323845E+07  7.504052E+17  2.096446E+20  0.000000E+00  2.096446E+20  5.000002E-01 -7.346144E-05  4.328884E+19  2.064867E-01
    190  5.4250502037005555E-01  4.2540501927264276E+09  1.9134855646015882E+07  7.528458E+17 -7.278382E+19  0.000000E+00 -7.278382E+19  5.000002E-01 -7.346144E-05 -7.122691E+18  9.786091E-02
    191  5.4262677138807058E-01  4.3051391915811825E+09  1.9170506417399988E+07  7.551680E+17 -1.352996E+21  0.000000E+00 -1.352996E+21  5.000002E-01 -7.346144E-05 -3.664342E+19  2.708317E-02
    192  5.4283189668951159E-01  4.3954765905100584E+09  1.9195131365016699E+07  7.550736E+17 -8.413469E+21  0.000000E+00 -8.413469E+21  5.000002E-01 -7.330674E-05 -1.187890E+21  1.411891E-01
    193  5.4285592266267346E-01  4.4065492996633005E+09  1.9193928485533826E+07  7.548760E+17 -6.344076E+20  0.000000E+00 -6.344076E+20  5.000002E-01 -7.331434E-05 -3.157559E+19  4.977177E-02
    194  5.4289286298228123E-01  4.4235737678206949E+09  1.9192079039009951E+07  7.546270E+17 -1.684297E+20  0.000000E+00 -1.684297E+20  5.000002E-01 -7.331434E-05 -2.811462E+18  1.669220E-02
    195  5.4296674362149677E-01  4.4576227041354856E+09  1.9188380145962194E+07  7.540896E+17 -1.002162E+21  0.000000E+00 -1.002162E+21  5.000002E-01 -7.331434E-05 -2.823409E+19  2.817319E-02
    196  5.4311450489992785E-01  4.5257205767650652E+09  1.9180982359866686E+07  7.529817E+17 -8.498818E+21  0.000000E+00 -8.498818E+21  5.000002E-01 -7.331434E-05  2.058031E+20 -2.421549E-02
    197  5.4334984134538045E-01  4.6341787023152151E+09  1.9169200053281214E+07  7.515113E+17  5.499271E+22  0.000000E+00  5.499271E+22  5.000002E-01 -7.331434E-05  2.686639E+21  4.885447E-02
    198  5.4338125831609208E-01  4.6486576571039400E+09  1.9167627137619134E+07  7.512737E+17  1.634029E+21  0.000000E+00  1.634029E+21  5.000002E-01 -7.331434E-05  1.966777E+20  1.203636E-01
    199  5.4342012847043186E-01  4.6665715168608961E+09  1.9165681072382297E+07  7.510941E+17 -2.180597E+20  0.000000E+00 -2.180597E+20  5.000002E-01 -7.331434E-05  1.980935E+19 -9.084369E-02
    200  5.4349786877911133E-01  4.7023992363747578E+09  1.9161788941908631E+07  7.507521E+17 -2.978331E+21  0.000000E+00 -2.978331E+21  5.000002E-01 -7.331434E-05 -1.776576E+19  5.965006E-03
    201  5.4365334939647025E-01  4.7686749089140425E+09  1.9129736311452664E+07  7.503911E+17 -3.779243E+22  0.000000E+00 -3.779243E+22  5.000002E-01 -7.331434E-05  1.183874E+21 -3.132569E-02
    202  5.4392961410131402E-01  4.8777143353978996E+09  1.9033438186655991E+07  7.507504E+17  1.006443E+24  0.000000E+00  1.006443E+24  5.000002E-01 -7.331434E-05 -2.721653E+22 -2.704230E-02
    203  5.4396219444046834E-01  4.8905735296190567E+09  1.9022081594551418E+07  7.506739E+17  5.335328E+22  0.000000E+00  5.335328E+22  5.000002E-01 -7.331434E-05 -5.967668E+20 -1.118519E-02
    204  5.4400445347196613E-01  4.9072528247931843E+09  1.9007351281856343E+07  7.508181E+17  1.487419E+21  0.000000E+00  1.487419E+21  5.000002E-01 -7.331434E-05  5.941162E+19  3.994275E-02
    205  5.4408897153496183E-01  4.9406114151414852E+09  1.8977890656466156E+07  7.511367E+17 -3.829798E+22  0.000000E+00 -3.829798E+22  5.000002E-01 -7.331434E-05  9.482363E+20 -2.475944E-02
    206  5.4425800766095311E-01  5.0073285958380432E+09  1.8918969405685820E+07  7.519396E+17 -4.600243E+23  0.000000E+00 -4.600243E+23  5.000002E-01 -7.331434E-05  7.425442E+21 -1.614141E-02
    207  5.4459607991293579E-01  5.0440302958777838E+09  1.8701434780385092E+07  7.631777E+17  7.198991E+24  0.000000E+00  7.198991E+24  4.999996E-01 -1.033889E-04 -9.406709E+22 -1.306670E-02
    208  5.4502008777222033E-01  4.9955461494449978E+09  1.8331197589142725E+07  7.887765E+17 -2.828390E+24  0.000000E+00 -2.828390E+24  4.975742E-01 -1.491000E-01  4.639769E+23 -1.640428E-01
    209  5.4507049072708535E-01  4.9897827085303783E+09  1.8287186498237405E+07  7.881031E+17 -3.868736E+24  0.000000E+00 -3.868736E+24  4.973402E-01 -1.720089E-01  3.801734E+23 -9.826814E-02
    210  5.4511772047387197E-01  4.9843821153360691E+09  1.8245946204194576E+07  7.877395E+17  3.978355E+22  0.000000E+00  3.978355E+22  4.973401E-01 -1.720128E-01 -1.268422E+22 -3.188307E-01
    211  5.4521217996744509E-01  4.9735809289474640E+09  1.8163465616109017E+07  7.902780E+17  3.071399E+21  0.000000E+00  3.071399E+21  4.973401E-01 -1.720128E-01  8.968419E+19  2.919979E-02
    212  5.4540109895459132E-01  5.0165423913734493E+09  1.8029698339425486E+07  7.868633E+17  2.244477E+22  0.000000E+00  2.244477E+22  4.973400E-01 -1.720128E-01  3.572235E+21  1.591567E-01
    213  5.4577893692888391E-01  5.1157143094558563E+09  1.7768565013027597E+07  7.785135E+17 -3.826733E+23  0.000000E+00 -3.826733E+23  4.973399E-01 -1.720128E-01  1.876099E+22 -4.902613E-02
    214  5.4585450452374240E-01  5.1355486930723314E+09  1.7716338347748034E+07  7.759307E+17 -2.527360E+22  0.000000E+00 -2.527360E+22  4.973398E-01 -1.720128E-01  1.100462E+19 -4.354196E-04
    215  5.4600563971345939E-01  5.1752174603052826E+09  1.7611885017188910E+07  7.714216E+17 -2.889317E+22  0.000000E+00 -2.889317E+22  4.973398E-01 -1.720128E-01  1.767094E+21 -6.115960E-02
    216  5.4630791009289348E-01  5.1407030731786833E+09  1.7306216163638871E+07  7.803794E+17 -1.570704E+23  0.000000E+00 -1.570704E+23  4.973396E-01 -1.720128E-01 -2.296016E+22  1.461775E-01
    217  5.4691245085176166E-01  5.0542882104785452E+09  1.6685566562179223E+07  7.977750E+17 -1.068396E+23  0.000000E+00 -1.068396E+23  4.973393E-01 -1.720128E-01  2.022396E+22 -1.892928E-01
    218  5.4812153236949790E-01  5.0405082855132799E+09  1.5663338759906065E+07  8.009301E+17 -3.203325E+22  0.000000E+00 -3.203325E+22  4.973386E-01 -1.720128E-01  1.692109E+22 -5.282351E-01
    219  5.5053969540497039E-01  4.9262713703976498E+09  1.4133228932818767E+07  8.180513E+17 -1.095202E+23  0.000000E+00 -1.095202E+23  4.973379E-01 -1.720128E-01 -6.956789E+20  6.352062E-03
    220  5.5537602147591536E-01  4.8146885380724335E+09  1.2852869136910273E+07  8.329187E+17  2.935137E+23  0.000000E+00  2.935137E+23  4.973369E-01 -1.720128E-01 -5.026781E+22 -1.712623E-01
    221  5.6504867361780542E-01  4.5376586588709679E+09  1.0328221484430525E+07  8.602366E+17  8.397803E+23  0.000000E+00  8.397803E+23  4.973354E-01 -1.720128E-01 -9.619174E+22 -1.145439E-01
    222  5.6604867359545363E-01  4.4959201593234062E+09  1.0000703862218680E+07  8.682351E+17  6.994629E+22  0.000000E+00  6.994629E+22  4.973353E-01 -1.720150E-01 -6.417919E+21 -9.175496E-02
    223  5.6685208182088320E-01  4.4628239864538689E+09  9.7609027334658410E+06  8.720563E+17 -3.019306E+21  0.000000E+00 -3.019306E+21  4.973352E-01 -1.720150E-01  2.052703E+20 -6.798591E-02
    224  5.6845889827174223E-01  4.3969864546750174E+09  9.2975239887701012E+06  8.770516E+17 -5.608542E+20  0.000000E+00 -5.608542E+20  4.973351E-01 -1.720150E-01  1.050417E+20 -1.872888E-01
    225  5.7167253117346029E-01  4.2890665143149924E+09  8.5694705855434630E+06  8.837561E+17  1.984508E+22  0.000000E+00  1.984508E+22  4.973348E-01 -1.720150E-01 -2.002843E+21 -1.009239E-01
    226  5.7809979697689651E-01  4.1533883684643183E+09  7.7372535684638871E+06  8.908898E+17  2.159367E+22  0.000000E+00  2.159367E+22  4.973345E-01 -1.720150E-01 -2.435262E+21 -1.127766E-01
    227  5.8654596999999997E-01  3.8657952000000000E+09  6.2103819000000004E+06  8.999097E+17  5.218999E+21  0.000000E+00  5.218999E+21  4.973341E-01 -1.720163E-01 -1.014049E+21 -1.942996E-01
