                           time                     pos                     vel                    temp                     den                    pres                    ener                    entr                      cs
      1  1.0175522000000001E-04  0.0000000000000000E+00  0.0000000000000000E+00  9.868810E+07  7.888815E+06  5.933955E+23  1.382835E+17  7.701377E+07  3.318601E+08  1.371429E+01  2.022900E-26
      2  1.0175522001017553E-04  0.0000000000000000E+00  0.0000000000000000E+00  9.868810E+07  7.888815E+06  5.933955E+23  1.382835E+17  7.701377E+07  3.318601E+08  1.371429E+01  2.022900E-26
      3  1.0175522003052657E-04  0.0000000000000000E+00  0.0000000000000000E+00  9.868810E+07  7.888815E+06  5.933955E+23  1.382835E+17  7.701377E+07  3.318601E+08  1.371429E+01  2.022900E-26
      4  1.0175522007122866E-04  0.0000000000000000E+00  0.0000000000000000E+00  9.868810E+07  7.888815E+06  5.933955E+23  1.382835E+17  7.701377E+07  3.318601E+08  1.371429E+01  2.022900E-26
      5  1.0175522015263284E-04  0.0000000000000000E+00  0.0000000000000000E+00  9.868810E+07  7.888815E+06  5.933955E+23  1.382835E+17  7.701377E+07  3.318601E+08  1.371429E+01  2.022900E-26
      6  1.0175522031544119E-04  0.0000000000000000E+00  0.0000000000000000E+00  9.868810E+07  7.888815E+06  5.933955E+23  1.382835E+17  7.701377E+07  3.318601E+08  1.371429E+01  2.022900E-26
      7  1.0175522064105789E-04  0.0000000000000000E+00  0.0000000000000000E+00  9.868810E+07  7.888815E+06  5.933955E+23  1.382835E+17  7.701377E+07  3.318601E+08  1.371429E+01  2.022900E-26
      8  1.0175522129229130E-04  0.0000000000000000E+00  0.0000000000000000E+00  9.868810E+07  7.888815E+06  5.933955E+23  1.382835E+17  7.701377E+07  3.318601E+08  1.371429E+01  2.022900E-26
      9  1.0175522259475811E-04  0.0000000000000000E+00  0.0000000000000000E+00  9.868810E+07  7.888815E+06  5.933955E+23  1.382835E+17  7.701377E+07  3.318601E+08  1.371429E+01  2.022900E-26
     10  1.0175522519969174E-04  0.0000000000000000E+00  0.0000000000000000E+00  9.868810E+07  7.888815E+06  5.933955E+23  1.382835E+17  7.701377E+07  3.318601E+08  1.371429E+01  2.022900E-26
     11  1.0175523040955900E-04  0.0000000000000000E+00  0.0000000000000000E+00  9.868810E+07  7.888815E+06  5.933955E+23  1.382835E+17  7.701377E+07  3.318601E+08  1.371429E+01  2.022900E-26
     12  1.0175524082929354E-04  0.0000000000000000E+00  0.0000000000000000E+00  9.868810E+07  7.888815E+06  5.933955E+23  1.382835E+17  7.701377E+07  3.318601E+08  1.371429E+01  2.022900E-26
     13  1.0175526166876259E-04  0.0000000000000000E+00  0.0000000000000000E+00  9.868810E+07  7.888815E+06  5.933955E+23  1.382835E+17  7.701377E+07  3.318601E+08  1.371429E+01  2.022900E-26
     14  1.0175530334770070E-04  0.0000000000000000E+00  0.0000000000000000E+00  9.868810E+07  7.888815E+06  5.933955E+23  1.382835E+17  7.701377E+07  3.318601E+08  1.371429E+01  2.022900E-26
     15  1.0175538670557692E-04  0.0000000000000000E+00  0.0000000000000000E+00  9.868810E+07  7.888815E+06  5.933955E+23  1.382835E+17  7.701377E+07  3.318601E+08  1.371429E+01  2.022900E-26
     16  1.0175555342132937E-04  0.0000000000000000E+00  0.0000000000000000E+00  9.868810E+07  7.888815E+06  5.933955E+23  1.382835E+17  7.701377E+07  3.318601E+08  1.371429E+01  2.022901E-26
     17  1.0175588685283427E-04  0.0000000000000000E+00  0.0000000000000000E+00  9.868810E+07  7.888815E+06  5.933955E+23  1.382835E+17  7.701377E+07  3.318601E+08  1.371429E+01  2.022901E-26
     18  1.0175655371584406E-04  0.0000000000000000E+00  0.0000000000000000E+00  9.868810E+07  7.888815E+06  5.933955E+23  1.382835E+17  7.701377E+07  3.318601E+08  1.371429E+01  2.022902E-26
     19  1.0175788744186364E-04  0.0000000000000000E+00  0.0000000000000000E+00  9.868810E+07  7.888815E+06  5.933955E+23  1.382835E+17  7.701377E+07  3.318601E+08  1.371429E+01  2.022904E-26
     20  1.0176055489390281E-04  0.0000000000000000E+00  0.0000000000000000E+00  9.868810E+07  7.888815E+06  5.933955E+23  1.382835E+17  7.701377E+07  3.318601E+08  1.371429E+01  2.022908E-26
     21  1.0176588979798114E-04  0.0000000000000000E+00  0.0000000000000000E+00  9.868810E+07  7.888815E+06  5.933955E+23  1.382835E+17  7.701377E+07  3.318601E+08  1.371429E+01  2.022917E-26
     22  1.0177655960613782E-04  0.0000000000000000E+00  0.0000000000000000E+00  9.868810E+07  7.888815E+06  5.933955E+23  1.382835E+17  7.701377E+07  3.318601E+08  1.371429E+01  2.022934E-26
     23  1.0179789922245117E-04  0.0000000000000000E+00  0.0000000000000000E+00  9.868810E+07  7.888815E+06  5.933955E+23  1.382835E+17  7.701377E+07  3.318601E+08  1.371429E+01  2.022968E-26
     24  1.0184057845507785E-04  0.0000000000000000E+00  0.0000000000000000E+00  9.868810E+07  7.888815E+06  5.933955E+23  1.382835E+17  7.701377E+07  3.318601E+08  1.371429E+01  2.023036E-26
     25  1.0192593692033123E-04  0.0000000000000000E+00  0.0000000000000000E+00  9.868810E+07  7.888815E+06  5.933955E+23  1.382835E+17  7.701377E+07  3.318601E+08  1.371429E+01  2.023172E-26
     26  1.0209665385083798E-04  0.0000000000000000E+00  0.0000000000000000E+00  9.868810E+07  7.888815E+06  5.933955E+23  1.382835E+17  7.701377E+07  3.318601E+08  1.371429E+01  2.023443E-26
     27  1.0243808771185149E-04  0.0000000000000000E+00  0.0000000000000000E+00  9.868810E+07  7.888815E+06  5.933955E+23  1.382835E+17  7.701377E+07  3.318601E+08  1.371429E+01  2.023986E-26
     28  1.0312095543387850E-04  0.0000000000000000E+00  0.0000000000000000E+00  9.868810E+07  7.888815E+06  5.933955E+23  1.382835E+17  7.701377E+07  3.318601E+08  1.371429E+01  2.025073E-26
     29  1.0448669087793252E-04  0.0000000000000000E+00  0.0000000000000000E+00  9.868810E+07  7.888815E+06  5.933955E+23  1.382835E+17  7.701377E+07  3.318601E+08  1.371429E+01  2.027245E-26
     30  1.0721816176604055E-04  0.0000000000000000E+00  0.0000000000000000E+00  9.868810E+07  7.888814E+06  5.933954E+23  1.382835E+17  7.701377E+07  3.318601E+08  1.371429E+01  2.031591E-26
     31  1.1268110354225661E-04  0.0000000000000000E+00  0.0000000000000000E+00  9.868809E+07  7.888813E+06  5.933953E+23  1.382835E+17  7.701377E+07  3.318601E+08  1.371429E+01  2.040289E-26
     32  1.2360698709468874E-04  0.0000000000000000E+00  0.0000000000000000E+00  9.868807E+07  7.888811E+06  5.933950E+23  1.382835E+17  7.701377E+07  3.318601E+08  1.371429E+01  2.057730E-26
     33  1.4545875419955299E-04  0.0000000000000000E+00  0.0000000000000000E+00  9.868804E+07  7.888806E+06  5.933945E+23  1.382835E+17  7.701377E+07  3.318601E+08  1.371429E+01  2.092507E-26
     34  1.8916228840928150E-04  0.0000000000000000E+00  0.0000000000000000E+00  9.868798E+07  7.888798E+06  5.933936E+23  1.382835E+17  7.701377E+07  3.318600E+08  1.371429E+01  2.160249E-26
     35  2.7656935682873854E-04  0.0000000000000000E+00  0.0000000000000000E+00  9.868786E+07  7.888780E+06  5.933916E+23  1.382835E+17  7.701377E+07  3.318598E+08  1.371429E+01  2.285015E-26
     36  4.5138349366765263E-04  0.0000000000000000E+00  0.0000000000000000E+00  9.868763E+07  7.888744E+06  5.933877E+23  1.382835E+17  7.701377E+07  3.318595E+08  1.371429E+01  2.492205E-26
     37  8.0101176734548069E-04  0.0000000000000000E+00  0.0000000000000000E+00  9.868716E+07  7.888674E+06  5.933800E+23  1.382835E+17  7.701377E+07  3.318589E+08  1.371429E+01  2.789708E-26
     38  1.5002683147011370E-03  0.0000000000000000E+00  0.0000000000000000E+00  9.868627E+07  7.888536E+06  5.933648E+23  1.382835E+17  7.701377E+07  3.318576E+08  1.371429E+01  3.165292E-26
     39  2.8987814094124497E-03  0.0000000000000000E+00  0.0000000000000000E+00  9.868464E+07  7.888279E+06  5.933364E+23  1.382835E+17  7.701379E+07  3.318553E+08  1.371429E+01  3.602843E-26
     40  5.6958075988350742E-03  0.0000000000000000E+00  0.0000000000000000E+00  9.868216E+07  7.887896E+06  5.932942E+23  1.382835E+17  7.701380E+07  3.318518E+08  1.371429E+01  4.095237E-26
     41  1.1289859977680325E-02  0.0000000000000000E+00  0.0000000000000000E+00  9.868098E+07  7.887764E+06  5.932797E+23  1.382835E+17  7.701375E+07  3.318506E+08  1.371429E+01  4.648836E-26
     42  2.1289859754162907E-02  0.0000000000000000E+00  0.0000000000000000E+00  9.866448E+07  7.887147E+06  5.932109E+23  1.382835E+17  7.701155E+07  3.318448E+08  1.371429E+01  5.264084E-26
     43  3.1289859530645489E-02  0.0000000000000000E+00  0.0000000000000000E+00  9.888056E+07  7.880705E+06  5.925205E+23  1.382835E+17  7.705753E+07  3.317920E+08  1.371429E+01  5.879377E-26
     44  4.1289859307128071E-02  0.0000000000000000E+00  0.0000000000000000E+00  1.016609E+08  7.909066E+06  5.958378E+23  1.382835E+17  7.751119E+07  3.321036E+08  1.371429E+01  6.554065E-26
     45  5.1289859083610653E-02  0.0000000000000000E+00  0.0000000000000000E+00  1.019895E+08  7.859097E+06  5.903824E+23  1.382835E+17  7.762766E+07  3.316654E+08  1.371429E+01  7.241448E-26
     46  6.1289858860093235E-02  0.0000000000000000E+00  0.0000000000000000E+00  1.014838E+08  7.799893E+06  5.838721E+23  1.382835E+17  7.761109E+07  3.311239E+08  1.371429E+01  7.902306E-26
     47  7.1289858636575817E-02  0.0000000000000000E+00  0.0000000000000000E+00  1.023285E+08  7.986274E+06  6.043836E+23  1.382835E+17  7.753529E+07  3.328008E+08  1.371429E+01  8.586972E-26
     48  8.1289858413058400E-02  0.0000000000000000E+00  0.0000000000000000E+00  1.030895E+08  7.774589E+06  5.812295E+23  1.382835E+17  7.791905E+07  3.309305E+08  1.371429E+01  9.293097E-26
     49  9.1289858189540982E-02  0.0000000000000000E+00  0.0000000000000000E+00  1.018310E+08  7.667182E+06  5.694636E+23  1.382835E+17  7.783298E+07  3.299288E+08  1.371429E+01  9.947645E-26
     50  1.0128985796602356E-01  0.0000000000000000E+00  0.0000000000000000E+00  1.049512E+08  8.032491E+06  6.096844E+23  1.382835E+17  7.792807E+07  3.332627E+08  1.371429E+01  1.069700E-25
     51  1.1128985774250615E-01  0.0000000000000000E+00  0.0000000000000000E+00  1.057073E+08  8.021189E+06  6.084924E+23  1.382835E+17  7.806859E+07  3.331797E+08  1.371429E+01  1.145240E-25
     52  1.2128985751898873E-01  0.0000000000000000E+00  0.0000000000000000E+00  1.027300E+08  7.665882E+06  5.693876E+23  1.382835E+17  7.799009E+07  3.299363E+08  1.371429E+01  1.213820E-25
     53  1.3128985729547132E-01  0.0000000000000000E+00  0.0000000000000000E+00  1.093537E+08  7.889070E+06  5.942173E+23  1.382835E+17  7.883035E+07  3.320909E+08  1.371429E+01  1.302476E-25
     54  1.4128985707195391E-01  0.0000000000000000E+00  0.0000000000000000E+00  1.106575E+08  8.053411E+06  6.124341E+23  1.382835E+17  7.884619E+07  3.335679E+08  1.371429E+01  1.386989E-25
     55  1.5128985684843649E-01  0.0000000000000000E+00  0.0000000000000000E+00  1.087267E+08  7.634896E+06  5.664677E+23  1.382835E+17  7.903964E+07  3.297830E+08  1.371429E+01  1.466210E-25
     56  1.6128985662491907E-01  0.0000000000000000E+00  0.0000000000000000E+00  1.133977E+08  7.780602E+06  5.826488E+23  1.382835E+17  7.961592E+07  3.312078E+08  1.371429E+01  1.549979E-25
     57  1.7128985640140165E-01  0.0000000000000000E+00  0.0000000000000000E+00  1.158122E+08  7.931546E+06  5.993750E+23  1.382835E+17  7.981247E+07  3.326077E+08  1.371429E+01  1.642478E-25
     58  1.8128985617788423E-01  0.0000000000000000E+00  0.0000000000000000E+00  1.162808E+08  7.813513E+06  5.864609E+23  1.382835E+17  8.003031E+07  3.315665E+08  1.371429E+01  1.731281E-25
     59  1.9128985595436682E-01  0.0000000000000000E+00  0.0000000000000000E+00  1.167500E+08  7.866143E+06  5.922606E+23  1.382835E+17  8.003869E+07  3.320473E+08  1.371429E+01  1.818712E-25
     60  2.0128985573084940E-01  0.0000000000000000E+00  0.0000000000000000E+00  1.186570E+08  7.940204E+06  6.005462E+23  1.382835E+17  8.024309E+07  3.327463E+08  1.371429E+01  1.913746E-25
     61  2.1128985550733198E-01  0.0000000000000000E+00  0.0000000000000000E+00  1.171468E+08  7.660420E+06  5.698525E+23  1.382835E+17  8.035687E+07  3.302008E+08  1.371429E+01  2.004098E-25
     62  2.2128985528381456E-01  0.0000000000000000E+00  0.0000000000000000E+00  1.192484E+08  7.916733E+06  5.980082E+23  1.382835E+17  8.036245E+07  3.325515E+08  1.371429E+01  2.095127E-25
     63  2.3128985506029714E-01  0.0000000000000000E+00  0.0000000000000000E+00  1.277061E+08  8.195157E+06  6.295364E+23  1.382835E+17  8.128538E+07  3.351655E+08  1.371429E+01  2.206817E-25
     64  2.4128985483677973E-01  0.0000000000000000E+00  0.0000000000000000E+00  1.312619E+08  8.072613E+06  6.161745E+23  1.382835E+17  8.194420E+07  3.341844E+08  1.371429E+01  2.332033E-25
     65  2.5128985461326231E-01  0.0000000000000000E+00  0.0000000000000000E+00  1.246677E+08  7.635554E+06  5.677183E+23  1.382835E+17  8.153329E+07  3.301405E+08  1.371429E+01  2.425572E-25
     66  2.6128985438974489E-01  0.0000000000000000E+00  0.0000000000000000E+00  1.265518E+08  7.788930E+06  5.845542E+23  1.382835E+17  8.161611E+07  3.315724E+08  1.371429E+01  2.527509E-25
     67  2.7128985416622747E-01  0.0000000000000000E+00  0.0000000000000000E+00  1.286850E+08  7.921029E+06  5.992113E+23  1.382835E+17  8.176142E+07  3.327973E+08  1.371429E+01  2.635634E-25
     68  2.8128985394271006E-01  0.0000000000000000E+00  0.0000000000000000E+00  1.306523E+08  8.113518E+06  6.206717E+23  1.382835E+17  8.180745E+07  3.345260E+08  1.371429E+01  2.745253E-25
     69  2.9128985371919264E-01  0.0000000000000000E+00  0.0000000000000000E+00  1.326931E+08  8.048884E+06  6.136557E+23  1.382835E+17  8.217624E+07  3.340094E+08  1.371429E+01  2.864389E-25
     70  3.0128985349567522E-01  0.0000000000000000E+00  0.0000000000000000E+00  1.290857E+08  7.575835E+06  5.615883E+23  1.382835E+17  8.226017E+07  3.296918E+08  1.371429E+01  2.969532E-25
     71  3.1128985327215780E-01  0.0000000000000000E+00  0.0000000000000000E+00  1.290370E+08  7.662237E+06  5.709424E+23  1.382835E+17  8.214066E+07  3.304818E+08  1.371429E+01  3.070164E-25
     72  3.2128985304864038E-01  0.0000000000000000E+00  0.0000000000000000E+00  1.322675E+08  7.970695E+06  6.049694E+23  1.382835E+17  8.221274E+07  3.333151E+08  1.371429E+01  3.185264E-25
     73  3.3128985282512297E-01  0.0000000000000000E+00  0.0000000000000000E+00  1.336603E+08  8.091104E+06  6.184203E+23  1.382835E+17  8.226061E+07  3.343982E+08  1.371429E+01  3.301876E-25
     74  3.4128985260160555E-01  0.0000000000000000E+00  0.0000000000000000E+00  1.334262E+08  7.944130E+06  6.021291E+23  1.382835E+17  8.240965E+07  3.331069E+08  1.371429E+01  3.415985E-25
     75  3.5128985237808813E-01  0.0000000000000000E+00  0.0000000000000000E+00  1.285868E+08  7.430003E+06  5.458603E+23  1.382835E+17  8.238059E+07  3.283270E+08  1.371429E+01  3.520349E-25
     76  3.6128985215457071E-01  0.0000000000000000E+00  0.0000000000000000E+00  1.286563E+08  7.541789E+06  5.578813E+23  1.382835E+17  8.224242E+07  3.293682E+08  1.371429E+01  3.618205E-25
     77  3.7128985193105329E-01  0.0000000000000000E+00  0.0000000000000000E+00  1.349474E+08  7.839641E+06  5.907568E+23  1.382835E+17  8.275522E+07  3.322139E+08  1.371429E+01  3.745757E-25
     78  3.8128985170753588E-01  0.0000000000000000E+00  0.0000000000000000E+00  1.381292E+08  7.824200E+06  5.893133E+23  1.382835E+17  8.321688E+07  3.321477E+08  1.371429E+01  3.874717E-25
     79  3.9128985148401846E-01  0.0000000000000000E+00  0.0000000000000000E+00  1.387071E+08  7.743664E+06  5.805498E+23  1.382835E+17  8.340050E+07  3.314380E+08  1.371429E+01  3.999472E-25
     80  4.0128985126050104E-01  0.0000000000000000E+00  0.0000000000000000E+00  1.373072E+08  7.557128E+06  5.601898E+23  1.382835E+17  8.345260E+07  3.297061E+08  1.371429E+01  4.117407E-25
     81  4.1128985103698362E-01  0.0000000000000000E+00  0.0000000000000000E+00  1.374876E+08  7.591061E+06  5.638719E+23  1.382835E+17  8.343250E+07  3.300222E+08  1.371429E+01  4.238382E-25
     82  4.2128985081346620E-01  0.0000000000000000E+00  0.0000000000000000E+00  1.395130E+08  7.819816E+06  5.889416E+23  1.382835E+17  8.341251E+07  3.321399E+08  1.371429E+01  4.363934E-25
     83  4.3128985058994879E-01  0.0000000000000000E+00  0.0000000000000000E+00  1.410867E+08  7.813057E+06  5.883249E+23  1.382835E+17  8.363570E+07  3.321151E+08  1.371429E+01  4.496178E-25
     84  4.4128985036643137E-01  0.0000000000000000E+00  0.0000000000000000E+00  1.405850E+08  7.633619E+06  5.687212E+23  1.382835E+17  8.380238E+07  3.304825E+08  1.371429E+01  4.620008E-25
     85  4.5128985014291395E-01  0.0000000000000000E+00  0.0000000000000000E+00  1.449273E+08  7.636087E+06  5.693261E+23  1.382835E+17  8.438570E+07  3.306046E+08  1.371429E+01  4.761636E-25
     86  4.6128984991939653E-01  0.0000000000000000E+00  0.0000000000000000E+00  1.444209E+08  7.431685E+06  5.472279E+23  1.382835E+17  8.459520E+07  3.287059E+08  1.371429E+01  4.896499E-25
     87  4.7128984969587912E-01  0.0000000000000000E+00  0.0000000000000000E+00  1.457301E+08  7.499615E+06  5.546310E+23  1.382835E+17  8.467742E+07  3.293684E+08  1.371429E+01  5.030541E-25
     88  4.8128984947236170E-01  0.0000000000000000E+00  0.0000000000000000E+00  1.486484E+08  7.749271E+06  5.819447E+23  1.382835E+17  8.472778E+07  3.317157E+08  1.371429E+01  5.176536E-25
     89  4.9128984924884428E-01  0.0000000000000000E+00  0.0000000000000000E+00  1.464256E+08  7.487052E+06  5.533316E+23  1.382835E+17  8.478733E+07  3.292681E+08  1.371429E+01  5.313973E-25
     90  5.0128984902532681E-01  0.0000000000000000E+00  0.0000000000000000E+00  1.452022E+08  7.459950E+06  5.503227E+23  1.382835E+17  8.466118E+07  3.289877E+08  1.371429E+01  5.441910E-25
     91  5.1128984880180939E-01  0.0000000000000000E+00  0.0000000000000000E+00  1.485447E+08  7.461146E+06  5.507076E+23  1.382835E+17  8.510379E+07  3.290767E+08  1.371429E+01  5.589185E-25
     92  5.2128984857829197E-01  0.0000000000000000E+00  0.0000000000000000E+00  1.578010E+08  7.408522E+06  5.457727E+23  1.382835E+17  8.637427E+07  3.288035E+08  1.371429E+01  5.745058E-25
     93  5.3128984835477455E-01  0.0000000000000000E+00  0.0000000000000000E+00  1.747396E+08  7.719072E+06  5.807645E+23  1.382835E+17  8.800855E+07  3.320571E+08  1.371429E+01  5.989231E-25
     94  5.3128986107245402E-01  0.0000000000000000E+00  0.0000000000000000E+00  1.747397E+08  7.719073E+06  5.807646E+23  1.382835E+17  8.800855E+07  3.320571E+08  1.371429E+01  5.989281E-25
     95  5.3128988650781284E-01  0.0000000000000000E+00  0.0000000000000000E+00  1.747397E+08  7.719073E+06  5.807646E+23  1.382835E+17  8.800855E+07  3.320571E+08  1.371429E+01  5.989383E-25
     96  5.3128993737853047E-01  0.0000000000000000E+00  0.0000000000000000E+00  1.747397E+08  7.719074E+06  5.807648E+23  1.382835E+17  8.800855E+07  3.320571E+08  1.371429E+01  5.989585E-25
     97  5.3129003911996575E-01  0.0000000000000000E+00  0.0000000000000000E+00  1.747397E+08  7.719077E+06  5.807650E+23  1.382835E+17  8.800855E+07  3.320571E+08  1.371429E+01  5.989989E-25
     98  5.3129024260283630E-01  0.0000000000000000E+00  0.0000000000000000E+00  1.747398E+08  7.719082E+06  5.807656E+23  1.382835E+17  8.800856E+07  3.320572E+08  1.371429E+01  5.990798E-25
     99  5.3129064956857752E-01  0.0000000000000000E+00  0.0000000000000000E+00  1.747400E+08  7.719091E+06  5.807667E+23  1.382835E+17  8.800857E+07  3.320573E+08  1.371429E+01  5.992419E-25
    100  5.3129146350005996E-01  0.0000000000000000E+00  0.0000000000000000E+00  1.747404E+08  7.719111E+06  5.807688E+23  1.382835E+17  8.800859E+07  3.320575E+08  1.371429E+01  5.995665E-25
    101  5.3129309136302472E-01  0.0000000000000000E+00  0.0000000000000000E+00  1.747412E+08  7.719149E+06  5.807731E+23  1.382835E+17  8.800863E+07  3.320578E+08  1.371429E+01  6.002098E-25
    102  5.3129634708895424E-01  0.0000000000000000E+00  0.0000000000000000E+00  1.747428E+08  7.719226E+06  5.807817E+23  1.382835E+17  8.800871E+07  3.320586E+08  1.371429E+01  6.014479E-25
    103  5.3130285854081338E-01  0.0000000000000000E+00  0.0000000000000000E+00  1.747461E+08  7.719381E+06  5.807988E+23  1.382835E+17  8.800887E+07  3.320600E+08  1.371429E+01  6.036838E-25
    104  5.3131588144453168E-01  0.0000000000000000E+00  0.0000000000000000E+00  1.747525E+08  7.719690E+06  5.808331E+23  1.382835E+17  8.800920E+07  3.320630E+08  1.371429E+01  6.073126E-25
    105  5.3134192725196827E-01  0.0000000000000000E+00  0.0000000000000000E+00  1.747653E+08  7.720308E+06  5.809017E+23  1.382835E+17  8.800985E+07  3.320688E+08  1.371429E+01  6.125233E-25
    106  5.3139401886684146E-01  0.0000000000000000E+00  0.0000000000000000E+00  1.747910E+08  7.721543E+06  5.810389E+23  1.382835E+17  8.801116E+07  3.320806E+08  1.371429E+01  6.193757E-25
    107  5.3149820209658782E-01  0.0000000000000000E+00  0.0000000000000000E+00  1.748423E+08  7.724015E+06  5.813134E+23  1.382835E+17  8.801377E+07  3.321040E+08  1.371429E+01  6.279566E-25
    108  5.3170656855608056E-01  0.0000000000000000E+00  0.0000000000000000E+00  1.749526E+08  7.729028E+06  5.818707E+23  1.382835E+17  8.801979E+07  3.321518E+08  1.371429E+01  6.383612E-25
    109  5.3212330147506604E-01  0.0000000000000000E+00  0.0000000000000000E+00  1.756336E+08  7.743309E+06  5.834900E+23  1.382835E+17  8.808008E+07  3.322964E+08  1.371429E+01  6.505865E-25
    110  5.3295676731303698E-01  0.0000000000000000E+00  0.0000000000000000E+00  1.790765E+08  7.784958E+06  5.883433E+23  1.382835E+17  8.842424E+07  3.327520E+08  1.371429E+01  6.644903E-25
    111  5.3462369898897888E-01  0.0000000000000000E+00  0.0000000000000000E+00  2.292712E+08  7.972138E+06  6.134975E+23  1.382835E+17  9.354346E+07  3.356480E+08  1.371429E+01  6.874322E-25
    112  5.3472919513806394E-01  0.0000000000000000E+00  0.0000000000000000E+00  2.374893E+08  7.993007E+06  6.165991E+23  1.382835E+17  9.432621E+07  3.360408E+08  1.371429E+01  7.017783E-25
    113  5.3494018743623406E-01  0.0000000000000000E+00  0.0000000000000000E+00  2.539254E+08  8.034746E+06  6.228517E+23  1.382835E+17  9.584565E+07  3.368311E+08  1.371429E+01  7.182384E-25
    114  5.3536217203257441E-01  0.0000000000000000E+00  0.0000000000000000E+00  3.274684E+08  8.185414E+06  6.475479E+23  1.382835E+17  1.021140E+08  3.401427E+08  1.371429E+01  7.406436E-25
    115  5.3620614122525501E-01  0.0000000000000000E+00  0.0000000000000000E+00  5.876427E+08  8.695064E+06  7.422380E+23  1.382835E+17  1.201975E+08  3.527424E+08  1.371429E+01  8.103564E-25
    116  5.3621346759275035E-01  0.0000000000000000E+00  0.0000000000000000E+00  5.911774E+08  8.701999E+06  7.436350E+23  1.382835E+17  1.204167E+08  3.529242E+08  1.371429E+01  8.268019E-25
    117  5.3622812032774103E-01  0.0000000000000000E+00  0.0000000000000000E+00  5.982468E+08  8.715868E+06  7.464377E+23  1.382835E+17  1.208534E+08  3.532886E+08  1.371429E+01  8.446517E-25
    118  5.3625742579772251E-01  0.0000000000000000E+00  0.0000000000000000E+00  6.123856E+08  8.743607E+06  7.520789E+23  1.382835E+17  1.217209E+08  3.540204E+08  1.371429E+01  8.645614E-25
    119  5.3631603673768546E-01  0.0000000000000000E+00  0.0000000000000000E+00  6.406632E+08  8.799085E+06  7.635042E+23  1.382835E+17  1.234331E+08  3.554960E+08  1.371429E+01  8.878519E-25
    120  5.3643325861761137E-01  0.0000000000000000E+00  0.0000000000000000E+00  6.972184E+08  8.910042E+06  7.869287E+23  1.382835E+17  1.267733E+08  3.584936E+08  1.371429E+01  9.178902E-25
    121  5.3666770237746309E-01  0.0000000000000000E+00  0.0000000000000000E+00  8.103288E+08  9.131954E+06  8.360892E+23  1.382835E+17  1.331646E+08  3.646603E+08  1.371429E+01  9.645174E-25
    122  5.3713658989716662E-01  0.0000000000000000E+00  0.0000000000000000E+00  1.127288E+09  9.817474E+06  9.990452E+23  1.382835E+17  1.493407E+08  3.833174E+08  1.371429E+01  1.312396E-24
    123  5.3713958538340412E-01  0.0000000000000000E+00  0.0000000000000000E+00  1.129512E+09  9.822383E+06  1.000295E+24  1.382835E+17  1.494481E+08  3.834530E+08  1.371429E+01  1.342469E-24
    124  5.3714557635587912E-01  0.0000000000000000E+00  0.0000000000000000E+00  1.133959E+09  9.832202E+06  1.002797E+24  1.382835E+17  1.496625E+08  3.837242E+08  1.371429E+01  1.375547E-24
    125  5.3715755830082912E-01  0.0000000000000000E+00  0.0000000000000000E+00  1.142855E+09  9.851840E+06  1.007819E+24  1.382835E+17  1.500905E+08  3.842673E+08  1.371429E+01  1.410256E-24
    126  5.3718152219072912E-01  0.0000000000000000E+00  0.0000000000000000E+00  1.160645E+09  9.891115E+06  1.017925E+24  1.382835E+17  1.509430E+08  3.853557E+08  1.371429E+01  1.446698E-24
    127  5.3722944997052913E-01  0.0000000000000000E+00  0.0000000000000000E+00  1.196227E+09  9.969665E+06  1.038395E+24  1.382835E+17  1.526349E+08  3.875418E+08  1.371429E+01  1.485072E-24
    128  5.3732530553012914E-01  0.0000000000000000E+00  0.0000000000000000E+00  1.267390E+09  1.012676E+07  1.080369E+24  1.382836E+17  1.559687E+08  3.919491E+08  1.371429E+01  1.518130E-24
    129  5.3751701664932916E-01  0.0000000000000000E+00  0.0000000000000000E+00  1.409716E+09  1.044097E+07  1.168527E+24  1.382852E+17  1.624600E+08  4.008956E+08  1.371433E+01  1.699591E-24
    130  5.3755535887316919E-01  0.0000000000000000E+00  0.0000000000000000E+00  1.438181E+09  1.050381E+07  1.186845E+24  1.382863E+17  1.637332E+08  4.027048E+08  1.371436E+01  1.712701E-24
    131  5.3763204332084913E-01  0.0000000000000000E+00  0.0000000000000000E+00  1.495111E+09  1.062949E+07  1.224179E+24  1.382912E+17  1.662573E+08  4.063422E+08  1.371448E+01  1.763695E-24
    132  5.3778541221620912E-01  0.0000000000000000E+00  0.0000000000000000E+00  1.624077E+09  1.096524E+07  1.319848E+24  1.383470E+17  1.717131E+08  4.148861E+08  1.371558E+01  2.016654E-24
    133  5.3779829481598029E-01  0.0000000000000000E+00  0.0000000000000000E+00  1.634944E+09  1.099363E+07  1.328171E+24  1.383584E+17  1.721658E+08  4.156105E+08  1.371579E+01  2.171873E-24
    134  5.3782406001552274E-01  0.0000000000000000E+00  0.0000000000000000E+00  1.656679E+09  1.105042E+07  1.344933E+24  1.383871E+17  1.730682E+08  4.170608E+08  1.371635E+01  2.208603E-24
    135  5.3787559041460764E-01  0.0000000000000000E+00  0.0000000000000000E+00  1.700148E+09  1.116400E+07  1.378922E+24  1.384767E+17  1.748594E+08  4.199681E+08  1.371806E+01  2.236064E-24
    136  5.3797865121277744E-01  0.0000000000000000E+00  0.0000000000000000E+00  1.787088E+09  1.139117E+07  1.448766E+24  1.389017E+17  1.783771E+08  4.258048E+08  1.372623E+01  2.495012E-24
    137  5.3799926337241144E-01  0.0000000000000000E+00  0.0000000000000000E+00  1.804475E+09  1.143660E+07  1.463032E+24  1.390550E+17  1.790672E+08  4.269748E+08  1.372918E+01  2.688410E-24
    138  5.3804048769167934E-01  0.0000000000000000E+00  0.0000000000000000E+00  1.839251E+09  1.152747E+07  1.491855E+24  1.394738E+17  1.804293E+08  4.293160E+08  1.373722E+01  2.744759E-24
    139  5.3812293633021513E-01  0.0000000000000000E+00  0.0000000000000000E+00  1.908802E+09  1.170920E+07  1.550624E+24  1.410195E+17  1.830515E+08  4.339953E+08  1.376675E+01  2.988882E-24
    140  5.3813942605792231E-01  0.0000000000000000E+00  0.0000000000000000E+00  1.922713E+09  1.174555E+07  1.562546E+24  1.414987E+17  1.835533E+08  4.349289E+08  1.377585E+01  3.204597E-24
    141  5.3817240551333667E-01  0.0000000000000000E+00  0.0000000000000000E+00  1.950533E+09  1.181824E+07  1.586547E+24  1.426998E+17  1.845264E+08  4.367915E+08  1.379855E+01  3.344203E-24
    142  5.3823836442416528E-01  0.0000000000000000E+00  0.0000000000000000E+00  2.006174E+09  1.196363E+07  1.635091E+24  1.464467E+17  1.863120E+08  4.404876E+08  1.386845E+01  2.636240E-22
    143  5.3825080344020149E-01  0.0000000000000000E+00  0.0000000000000000E+00  2.016668E+09  1.199105E+07  1.644313E+24  1.474227E+17  1.866176E+08  4.411783E+08  1.388649E+01  7.505107E-22
    144  5.3827568147227378E-01  0.0000000000000000E+00  0.0000000000000000E+00  2.037654E+09  1.204588E+07  1.662807E+24  1.496961E+17  1.871939E+08  4.425519E+08  1.392815E+01  5.913879E-21
    145  5.3832543753641837E-01  0.0000000000000000E+00  0.0000000000000000E+00  2.079627E+09  1.215555E+07  1.699939E+24  1.558130E+17  1.881772E+08  4.452600E+08  1.403902E+01  3.950442E-19
    146  5.3842494966470766E-01  0.0000000000000000E+00  0.0000000000000000E+00  2.163572E+09  1.237490E+07  1.774288E+24  1.765900E+17  1.892708E+08  4.504582E+08  1.441073E+01  2.777599E-16
    147  5.3844206938917649E-01  0.0000000000000000E+00  0.0000000000000000E+00  2.178014E+09  1.241263E+07  1.787034E+24  1.815601E+17  1.893218E+08  4.513166E+08  1.449976E+01  7.670421E-16
    148  5.3846939416035855E-01  0.0000000000000000E+00  0.0000000000000000E+00  2.201064E+09  1.247286E+07  1.807336E+24  1.903948E+17  1.893178E+08  4.526638E+08  1.465871E+01  2.732172E-15
    149  5.3852404370272267E-01  0.0000000000000000E+00  0.0000000000000000E+00  2.242402E+09  1.260782E+07  1.847746E+24  2.109452E+17  1.887646E+08  4.550246E+08  1.503443E+01  1.728574E-14
    150  5.3863334278745090E-01  0.0000000000000000E+00  0.0000000000000000E+00  2.321404E+09  1.288894E+07  1.928987E+24  2.576496E+17  1.869668E+08  4.593928E+08  1.593406E+01  1.617566E-13
    151  5.3865520260439659E-01  0.0000000000000000E+00  0.0000000000000000E+00  2.337205E+09  1.294516E+07  1.945477E+24  2.670645E+17  1.866091E+08  4.602640E+08  1.612483E+01  2.163213E-13
    152  5.3869565774635642E-01  0.0000000000000000E+00  0.0000000000000000E+00  2.366446E+09  1.304921E+07  1.976339E+24  2.839304E+17  1.860061E+08  4.618910E+08  1.647574E+01  3.575408E-13
    153  5.3877656803027607E-01  0.0000000000000000E+00  0.0000000000000000E+00  2.424929E+09  1.325731E+07  2.039801E+24  3.139460E+17  1.851733E+08  4.652477E+08  1.713148E+01  7.804024E-13
    154  5.3893838859811549E-01  0.0000000000000000E+00  0.0000000000000000E+00  2.541894E+09  1.367350E+07  2.175270E+24  3.548305E+17  1.854082E+08  4.725208E+08  1.808895E+01  1.923410E-12
    155  5.3896725821367131E-01  0.0000000000000000E+00  0.0000000000000000E+00  2.562761E+09  1.374776E+07  2.200664E+24  3.597494E+17  1.856910E+08  4.738931E+08  1.820681E+01  2.124341E-12
    156  5.3900620619389616E-01  0.0000000000000000E+00  0.0000000000000000E+00  2.590913E+09  1.384793E+07  2.235481E+24  3.655289E+17  1.861638E+08  4.757745E+08  1.834393E+01  2.376801E-12
    157  5.3908410215434588E-01  0.0000000000000000E+00  0.0000000000000000E+00  2.647217E+09  1.404827E+07  2.306951E+24  3.748509E+17  1.873662E+08  4.796244E+08  1.855468E+01  2.813699E-12
    158  5.3923989407524520E-01  0.0000000000000000E+00  0.0000000000000000E+00  2.759825E+09  1.444897E+07  2.456671E+24  3.891467E+17  1.904574E+08  4.875770E+08  1.880127E+01  3.513203E-12
    159  5.3927105245942508E-01  0.0000000000000000E+00  0.0000000000000000E+00  2.782347E+09  1.452910E+07  2.487645E+24  3.918735E+17  1.911490E+08  4.891978E+08  1.883163E+01  3.660563E-12
    160  5.3930449736848740E-01  0.0000000000000000E+00  0.0000000000000000E+00  2.806521E+09  1.461512E+07  2.521257E+24  3.948990E+17  1.919088E+08  4.909459E+08  1.885980E+01  3.857204E-12
    161  5.3937138718661204E-01  0.0000000000000000E+00  0.0000000000000000E+00  2.847832E+09  1.477072E+07  2.581130E+24  4.012772E+17  1.931918E+08  4.939566E+08  1.890477E+01  4.440589E-12
    162  5.3950516682286132E-01  0.0000000000000000E+00  0.0000000000000000E+00  2.919976E+09  1.505744E+07  2.691263E+24  4.139801E+17  1.954679E+08  4.992802E+08  1.896170E+01  7.742167E-12
    163  5.3953192275011119E-01  0.0000000000000000E+00  0.0000000000000000E+00  2.934405E+09  1.511479E+07  2.713719E+24  4.163851E+17  1.959360E+08  5.003518E+08  1.896994E+01  9.290022E-12
    164  5.3958543460461095E-01  0.0000000000000000E+00  0.0000000000000000E+00  2.963263E+09  1.522948E+07  2.759056E+24  4.208960E+17  1.968811E+08  5.025010E+08  1.898441E+01  1.415496E-11
    165  5.3969245831361035E-01  0.0000000000000000E+00  0.0000000000000000E+00  3.020979E+09  1.545886E+07  2.851429E+24  4.282195E+17  1.987993E+08  5.068213E+08  1.900747E+01  3.604403E-11
    166  5.3990650573160925E-01  0.0000000000000000E+00  0.0000000000000000E+00  3.136410E+09  1.591761E+07  3.043100E+24  4.351399E+17  2.027199E+08  5.155488E+08  1.903894E+01  1.339833E-10
    167  5.3994458847774263E-01  0.0000000000000000E+00  0.0000000000000000E+00  3.156948E+09  1.599924E+07  3.078189E+24  4.355862E+17  2.034270E+08  5.171141E+08  1.904324E+01  1.534203E-10
    168  5.3999720711813248E-01  0.0000000000000000E+00  0.0000000000000000E+00  3.185324E+09  1.611201E+07  3.127169E+24  4.360437E+17  2.044075E+08  5.192828E+08  1.904894E+01  1.798931E-10
    169  5.4010244439891231E-01  0.0000000000000000E+00  0.0000000000000000E+00  3.242076E+09  1.633756E+07  3.226874E+24  4.367441E+17  2.063772E+08  5.236402E+08  1.906064E+01  2.399137E-10
    170  5.4031291896047184E-01  0.0000000000000000E+00  0.0000000000000000E+00  3.344998E+09  1.671388E+07  3.406783E+24  4.388143E+17  2.100456E+08  5.315846E+08  1.909869E+01  4.559962E-10
    171  5.4035501387278373E-01  0.0000000000000000E+00  0.0000000000000000E+00  3.364307E+09  1.678014E+07  3.440436E+24  4.394539E+17  2.107388E+08  5.330804E+08  1.911064E+01  5.264243E-10
    172  5.4043920369740761E-01  0.0000000000000000E+00  0.0000000000000000E+00  3.402926E+09  1.691265E+07  3.508479E+24  4.410579E+17  2.121085E+08  5.360774E+08  1.914100E+01  7.016913E-10
    173  5.4060758334665526E-01  0.0000000000000000E+00  0.0000000000000000E+00  3.480163E+09  1.717767E+07  3.647425E+24  4.460078E+17  2.147509E+08  5.420828E+08  1.923693E+01  1.203629E-09
    174  5.4094434264515057E-01  0.0000000000000000E+00  0.0000000000000000E+00  3.634637E+09  1.770771E+07  3.935227E+24  4.689369E+17  2.192330E+08  5.540006E+08  1.969913E+01  3.552481E-09
    175  5.4099580073527331E-01  0.0000000000000000E+00  0.0000000000000000E+00  3.658241E+09  1.778871E+07  3.980070E+24  4.749240E+17  2.197557E+08  5.557875E+08  1.982417E+01  4.325396E-09
    176  5.4108739614047563E-01  0.0000000000000000E+00  0.0000000000000000E+00  3.695408E+09  1.791756E+07  4.050771E+24  4.876692E+17  2.203458E+08  5.585329E+08  2.009598E+01  6.400573E-09
    177  5.4127058695088015E-01  0.0000000000000000E+00  0.0000000000000000E+00  3.763898E+09  1.815680E+07  4.181120E+24  5.202210E+17  2.207875E+08  5.634041E+08  2.083030E+01  1.599866E-08
    178  5.4130722511296103E-01  0.0000000000000000E+00  0.0000000000000000E+00  3.777596E+09  1.820465E+07  4.207214E+24  5.278270E+17  2.207955E+08  5.643557E+08  2.101109E+01  1.976029E-08
    179  5.4136830623984433E-01  0.0000000000000000E+00  0.0000000000000000E+00  3.800433E+09  1.828442E+07  4.250738E+24  5.412280E+17  2.207521E+08  5.659261E+08  2.133939E+01  2.920846E-08
    180  5.4149046849361104E-01  0.0000000000000000E+00  0.0000000000000000E+00  3.846106E+09  1.844396E+07  4.337952E+24  5.701626E+17  2.204736E+08  5.690147E+08  2.209873E+01  8.151535E-08
    181  5.4173479300114447E-01  0.0000000000000000E+00  0.0000000000000000E+00  3.937453E+09  1.876304E+07  4.514198E+24  6.304673E+17  2.194061E+08  5.750718E+08  2.401055E+01  2.377252E-06
    182  5.4177183260047002E-01  0.0000000000000000E+00  0.0000000000000000E+00  3.951301E+09  1.881142E+07  4.541310E+24  6.394954E+17  2.192216E+08  5.759891E+08  2.433948E+01  4.098377E-06
    183  5.4184591179912101E-01  0.0000000000000000E+00  0.0000000000000000E+00  3.978997E+09  1.890816E+07  4.596031E+24  6.572665E+17  2.188695E+08  5.778360E+08  2.501719E+01  1.120084E-05
    184  5.4199407019642309E-01  0.0000000000000000E+00  0.0000000000000000E+00  4.039646E+09  1.898524E+07  4.689987E+24  6.906213E+17  2.191350E+08  5.822537E+08  2.640581E+01  6.345333E-05
    185  5.4202370187588356E-01  0.0000000000000000E+00  0.0000000000000000E+00  4.052080E+09  1.899392E+07  4.708288E+24  6.967752E+17  2.192807E+08  5.831996E+08  2.668052E+01  8.667268E-05
    186  5.4207894396255940E-01  0.0000000000000000E+00  0.0000000000000000E+00  4.075261E+09  1.901009E+07  4.743016E+24  7.075864E+17  2.196115E+08  5.849944E+08  2.717926E+01  1.514329E-04
    187  5.4218942813591098E-01  0.0000000000000000E+00  0.0000000000000000E+00  4.121622E+09  1.904244E+07  4.815230E+24  7.260623E+17  2.205607E+08  5.887286E+08  2.808353E+01  4.237272E-04
    188  5.4241039648261413E-01  0.0000000000000000E+00  0.0000000000000000E+00  4.214344E+09  1.910715E+07  4.972514E+24  7.485702E+17  2.238669E+08  5.968800E+08  2.928102E+01  2.365475E-03
    189  5.4244414486104808E-01  0.0000000000000000E+00  0.0000000000000000E+00  4.228506E+09  1.911703E+07  4.998101E+24  7.504052E+17  2.245306E+08  5.982066E+08  2.938213E+01  2.960750E-03
    190  5.4250502037005555E-01  0.0000000000000000E+00  0.0000000000000000E+00  4.254050E+09  1.913486E+07  5.045290E+24  7.528458E+17  2.258284E+08  6.006520E+08  2.951072E+01  4.292805E-03
    191  5.4262677138807058E-01  0.0000000000000000E+00  0.0000000000000000E+00  4.305139E+09  1.917051E+07  5.143294E+24  7.551680E+17  2.287341E+08  6.057181E+08  2.960444E+01  8.074914E-03
    192  5.4283189668951159E-01  0.0000000000000000E+00  0.0000000000000000E+00  4.395477E+09  1.919513E+07  5.317674E+24  7.550736E+17  2.346710E+08  6.152107E+08  2.947700E+01  1.758804E-02
    193  5.4285592266267346E-01  0.0000000000000000E+00  0.0000000000000000E+00  4.406549E+09  1.919393E+07  5.338845E+24  7.548760E+17  2.354585E+08  6.164183E+08  2.944891E+01  1.886481E-02
    194  5.4289286298228123E-01  0.0000000000000000E+00  0.0000000000000000E+00  4.423574E+09  1.919208E+07  5.371665E+24  7.546270E+17  2.366747E+08  6.182863E+08  2.940692E+01  2.094076E-02
    195  5.4296674362149677E-01  0.0000000000000000E+00  0.0000000000000000E+00  4.457623E+09  1.918838E+07  5.438387E+24  7.540896E+17  2.391396E+08  6.220682E+08  2.931921E+01  2.518376E-02
    196  5.4311450489992785E-01  0.0000000000000000E+00  0.0000000000000000E+00  4.525721E+09  1.918098E+07  5.576148E+24  7.529817E+17  2.441823E+08  6.298120E+08  2.914182E+01  3.322341E-02
    197  5.4334984134538045E-01  0.0000000000000000E+00  0.0000000000000000E+00  4.634179E+09  1.916920E+07  5.807759E+24  7.515113E+17  2.524866E+08  6.426377E+08  2.888429E+01  4.353863E-02
    198  5.4338125831609208E-01  0.0000000000000000E+00  0.0000000000000000E+00  4.648658E+09  1.916763E+07  5.839898E+24  7.512737E+17  2.536268E+08  6.443988E+08  2.884915E+01  4.470030E-02
    199  5.4342012847043186E-01  0.0000000000000000E+00  0.0000000000000000E+00  4.666572E+09  1.916568E+07  5.880023E+24  7.510941E+17  2.550401E+08  6.465910E+08  2.881014E+01  4.637401E-02
    200  5.4349786877911133E-01  0.0000000000000000E+00  0.0000000000000000E+00  4.702399E+09  1.916179E+07  5.961702E+24  7.507521E+17  2.579096E+08  6.510323E+08  2.872703E+01  5.044476E-02
    201  5.4365334939647025E-01  0.0000000000000000E+00  0.0000000000000000E+00  4.768675E+09  1.912974E+07  6.112099E+24  7.503911E+17  2.635285E+08  6.595586E+08  2.855922E+01  6.229218E-02
    202  5.4392961410131402E-01  0.0000000000000000E+00  0.0000000000000000E+00  4.877714E+09  1.903344E+07  6.364467E+24  7.507504E+17  2.735448E+08  6.744261E+08  2.824537E+01  9.496498E-02
    203  5.4396219444046834E-01  0.0000000000000000E+00  0.0000000000000000E+00  4.890574E+09  1.902208E+07  6.396337E+24  7.506739E+17  2.748962E+08  6.762812E+08  2.813395E+01  1.074179E-01
    204  5.4400445347196613E-01  0.0000000000000000E+00  0.0000000000000000E+00  4.907253E+09  1.900735E+07  6.437307E+24  7.508181E+17  2.765384E+08  6.786597E+08  2.805844E+01  1.169469E-01
    205  5.4408897153496183E-01  0.0000000000000000E+00  0.0000000000000000E+00  4.940611E+09  1.897789E+07  6.520895E+24  7.511367E+17  2.799010E+08  6.834876E+08  2.788779E+01  1.390312E-01
    206  5.4425800766095311E-01  0.0000000000000000E+00  0.0000000000000000E+00  5.007329E+09  1.891897E+07  6.694967E+24  7.519396E+17  2.869652E+08  6.934369E+08  2.745978E+01  1.981571E-01
    207  5.4459607991293579E-01  0.0000000000000000E+00  0.0000000000000000E+00  5.044030E+09  1.870143E+07  6.745468E+24  7.631777E+17  2.916271E+08  6.999339E+08  2.766667E+01  3.318947E-01
    208  5.4502008777222033E-01  0.0000000000000000E+00  0.0000000000000000E+00  4.995546E+09  1.833120E+07  6.460960E+24  7.887765E+17  2.830533E+08  6.917918E+08  3.183236E+01  5.040101E-01
    209  5.4507049072708535E-01  0.0000000000000000E+00  0.0000000000000000E+00  4.989783E+09  1.828719E+07  6.433573E+24  7.881031E+17  2.829242E+08  6.911665E+08  3.178218E+01  5.287749E-01
    210  5.4511772047387197E-01  0.0000000000000000E+00  0.0000000000000000E+00  4.984382E+09  1.824595E+07  6.410745E+24  7.877395E+17  2.830099E+08  6.907351E+08  3.161759E+01  5.312209E-01
    211  5.4521217996744509E-01  0.0000000000000000E+00  0.0000000000000000E+00  4.973581E+09  1.816347E+07  6.360180E+24  7.902780E+17  2.823654E+08  6.895765E+08  3.185544E+01  5.406203E-01
    212  5.4540109895459132E-01  0.0000000000000000E+00  0.0000000000000000E+00  5.016542E+09  1.802970E+07  6.454561E+24  7.868633E+17  2.883965E+08  6.971177E+08  3.122042E+01  5.586358E-01
    213  5.4577893692888391E-01  0.0000000000000000E+00  0.0000000000000000E+00  5.115714E+09  1.776857E+07  6.698147E+24  7.785135E+17  3.027586E+08  7.150768E+08  2.968818E+01  6.119919E-01
    214  5.4585450452374240E-01  0.0000000000000000E+00  0.0000000000000000E+00  5.135549E+09  1.771634E+07  6.750392E+24  7.759307E+17  3.059305E+08  7.188680E+08  2.928065E+01  6.244018E-01
    215  5.4600563971345939E-01  0.0000000000000000E+00  0.0000000000000000E+00  5.175217E+09  1.761189E+07  6.856814E+24  7.714216E+17  3.123038E+08  7.265561E+08  2.854010E+01  6.527986E-01
    216  5.4630791009289348E-01  0.0000000000000000E+00  0.0000000000000000E+00  5.140703E+09  1.730622E+07  6.675231E+24  7.803794E+17  3.107996E+08  7.231950E+08  2.912592E+01  7.026327E-01
    217  5.4691245085176166E-01  0.0000000000000000E+00  0.0000000000000000E+00  5.054288E+09  1.668557E+07  6.264119E+24  7.977750E+17  3.054508E+08  7.135531E+08  3.083117E+01  7.467460E-01
    218  5.4812153236949790E-01  0.0000000000000000E+00  0.0000000000000000E+00  5.040508E+09  1.566334E+07  6.001106E+24  8.009301E+17  3.152488E+08  7.206964E+08  3.083017E+01  7.891214E-01
    219  5.5053969540497039E-01  0.0000000000000000E+00  0.0000000000000000E+00  4.926271E+09  1.413323E+07  5.345905E+24  8.180513E+17  3.185469E+08  7.160488E+08  3.279789E+01  8.245021E-01
    220  5.5537602147591536E-01  0.0000000000000000E+00  0.0000000000000000E+00  4.814689E+09  1.285287E+07  4.785237E+24  8.329187E+17  3.207406E+08  7.103322E+08  3.481172E+01  8.475373E-01
    221  5.6504867361780542E-01  0.0000000000000000E+00  0.0000000000000000E+00  4.537659E+09  1.032822E+07  3.650559E+24  8.602366E+17  3.227821E+08  6.920093E+08  3.961606E+01  8.640071E-01
    222  5.6604867359545363E-01  0.0000000000000000E+00  0.0000000000000000E+00  4.495920E+09  1.000070E+07  3.500533E+24  8.682351E+17  3.219043E+08  6.886375E+08  4.137014E+01  8.648806E-01
    223  5.6685208182088320E-01  0.0000000000000000E+00  0.0000000000000000E+00  4.462824E+09  9.760903E+06  3.389485E+24  8.720563E+17  3.215202E+08  6.859179E+08  4.215785E+01  8.660013E-01
    224  5.6845889827174223E-01  0.0000000000000000E+00  0.0000000000000000E+00  4.396986E+09  9.297524E+06  3.177930E+24  8.770516E+17  3.210974E+08  6.805652E+08  4.335009E+01  8.672564E-01
    225  5.7167253117346029E-01  0.0000000000000000E+00  0.0000000000000000E+00  4.289067E+09  8.569471E+06  2.853489E+24  8.837561E+17  3.207527E+08  6.718140E+08  4.504991E+01  8.684528E-01
    226  5.7809979697689651E-01  0.0000000000000000E+00  0.0000000000000000E+00  4.153388E+09  7.737254E+06  2.487278E+24  8.908898E+17  3.199665E+08  6.602254E+08  4.694074E+01  8.699620E-01
    227  5.8654596999999997E-01  0.0000000000000000E+00  0.0000000000000000E+00  3.865795E+09  6.210382E+06  1.839609E+24  8.999097E+17  3.178418E+08  6.339761E+08  4.954693E+01  8.726068E-01
