    1   1  6.2571E-03  8.8661E-03 h1   
    1   2  8.7049E-09  1.8131E-04 h2   
    2   3  1.0704E-09  3.6545E-05 he3  
    2   4  5.2275E-02  1.8995E-01 he4  
    3   6  3.4197E-12  5.2645E-03 li6  
    3   7  6.0343E-13  6.4545E-05 li7  
    4   9  3.5174E-12  2.1165E-02 be9  
    5  10  1.8028E-13  1.6890E-04 b10  
    5  11  2.0299E-12  4.2914E-04 b11  
    6  12  9.8706E-07  3.2551E-04 c12  
    6  13  3.6892E-10  1.0107E-05 c13  
    7  14  3.2398E-10  2.9322E-07 n14  
    7  15  8.3097E-10  1.9044E-04 n15  
    8  16  1.9319E-06  2.0141E-04 o16  
    8  17  2.3322E-10  5.9996E-05 o17  
    8  18  4.1345E-12  1.9077E-07 o18  
    9  19  4.9292E-12  1.2166E-05 f19  
   10  20  4.3223E-08  2.6699E-05 ne20 
   10  21  1.4529E-10  3.5201E-05 ne21 
   10  22  1.9578E-10  1.5035E-06 ne22 
   11  23  2.6105E-09  7.8171E-05 na23 
   12  24  2.6848E-06  5.2151E-03 mg24 
   12  25  3.8424E-08  5.6787E-04 mg25 
   12  26  3.7497E-08  4.8317E-04 mg26 
   13  27  8.2716E-07  1.4249E-02 al27 
   14  28  7.2655E-04  1.1126E+00 si28 
   14  29  2.4831E-05  7.2483E-01 si29 
   14  30  1.2042E-05  5.1190E-01 si30 
   15  31  4.2914E-05  5.2622E+00 p31  
   16  32  7.9549E-04  2.0098E+00 s32  
   16  33  7.0225E-05  2.1795E+01 s33  
   16  34  5.6806E-05  3.0438E+00 s34  
   16  36  8.0873E-09  8.6225E-02 s36  
   17  35  1.0120E-04  3.9969E+01 cl35 
   17  37  6.7229E-05  7.8678E+01 cl37 
   18  36  5.9253E-04  7.6552E+00 ar36 
   18  38  1.0169E-04  6.6123E+00 ar38 
   18  40  1.1688E-08  4.4430E-01 ar40 
   19  39  1.8249E-04  5.2554E+01 k39  
   19  40  3.9202E-06  8.8056E+03 k40  
   19  41  8.1440E-05  3.0916E+02 k41  
   20  40  7.9951E-04  1.3348E+01 ca40 
   20  42  5.1140E-05  1.2187E+02 ca42 
   20  43  2.8507E-05  3.1769E+01 ca43 
   20  44  8.9558E-05  6.3359E+01 ca44 
   20  46  4.7011E-10  1.6834E-01 ca46 
   20  48  9.5204E-14  6.8784E-07 ca48 
   21  45  1.0965E-04  2.8166E+03 sc45 
   22  46  6.6088E-04  2.9583E+03 ti46 
   22  47  5.6615E-04  2.7212E+03 ti47 
   22  48  1.0856E-03  5.0514E+02 ti48 
   22  49  2.8770E-03  1.7584E+04 ti49 
   22  50  4.7215E-07  2.8716E+00 ti50 
   23  50  1.1514E-04  1.2437E+05 v50  
   23  51  1.3768E-02  3.6551E+04 v51  
   24  50  1.9002E-02  2.5596E+04 cr50 
   24  52  2.1990E-02  1.4795E+03 cr52 
   24  53  5.7257E-02  3.3366E+04 cr53 
   24  54  6.8877E-06  1.5807E+01 cr54 
   25  55  1.4504E-01  1.0917E+04 mn55 
   26  54  2.4390E-01  3.4207E+03 fe54 
   26  56  1.2178E-01  1.0421E+02 fe56 
   26  57  1.0590E-01  3.7094E+03 fe57 
   26  58  3.9387E-05  1.0654E+01 fe58 
   27  59  3.8512E-02  1.1469E+04 co59 
   28  58  1.3373E-01  2.7048E+03 ni58 
   28  60  1.6906E-02  8.6352E+02 ni60 
   28  61  3.5362E-03  4.1146E+03 ni61 
   28  62  1.0341E-03  3.7253E+02 ni62 
   28  64  3.3919E-09  4.6665E-03 ni64 
   29  63  3.0319E-04  5.2704E+02 cu63 
   29  65  2.0080E-05  7.5857E+01 cu65 
   30  64  1.5817E-04  1.5939E+02 zn64 
   30  66  3.4687E-06  5.9026E+00 zn66 
   30  67  1.2873E-06  1.4692E+01 zn67 
   30  68  5.0429E-07  1.2423E+00 zn68 
   30  70  1.2247E-14  8.8674E-07 zn70 
   31  69  8.4435E-08  2.1312E+00 ga69 
   31  71  6.5837E-09  2.4277E-01 ga71 
   32  70  2.0657E-08  4.7813E-01 ge70 
   32  72  2.4886E-09  4.1915E-02 ge72 
   32  73  7.2927E-10  4.2558E-02 ge73 
   32  74  9.6839E-15  1.1921E-07 ge74 
   32  76  3.0214E-19  1.6936E-11 ge76 
   33  75  8.7166E-11  7.0041E-03 as75 
   34  74  3.4285E-10  3.3302E-01 se74 
   34  76  2.7064E-11  2.5138E-03 se76 
   34  77  1.3369E-11  1.4604E-03 se77 
   34  78  3.0181E-15  1.0406E-07 se78 
   34  80  4.5133E-19  7.2180E-12 se80 
   34  82  1.1448E-23  9.6826E-16 se82 
   35  79  1.8951E-12  1.5858E-04 br79 
   35  81  2.1424E-13  1.7845E-05 br81 
   36  78  7.8118E-12  2.5878E-02 kr78 
   36  80  3.6963E-13  1.8284E-04 kr80 
   36  82  9.9719E-14  9.3352E-06 kr82 
   36  83  3.2886E-14  3.0357E-06 kr83 
   36  84  7.9858E-19  1.4624E-11 kr84 
   36  86  7.7763E-23  4.5595E-15 kr86 
   37  85  5.0437E-15  4.5818E-07 rb85 
   37  87  3.0725E-26  7.0871E-18 rb87 
   38  84  1.4175E-14  5.0540E-05 sr84 
   38  86  2.4223E-15  4.7997E-07 sr86 
   38  87  2.1422E-15  5.9355E-07 sr87 
   38  88  1.3232E-15  3.0642E-08 sr88 
   39  89  8.2273E-16  7.8760E-08 y89  
   40  90  5.1014E-16  3.8175E-08 zr90 
   40  91  4.5349E-19  1.5392E-10 zr91 
   40  92  0.0000E+00  0.0000E+00 zr92 
   40  94  0.0000E+00  0.0000E+00 zr94 
   40  96  0.0000E+00  0.0000E+00 zr96 
   41  93  0.0000E+00  0.0000E+00 nb93 
   42  92  0.0000E+00  0.0000E+00 mo92 
   42  94  0.0000E+00  0.0000E+00 mo94 
   42  95  0.0000E+00  0.0000E+00 mo95 
   42  96  0.0000E+00  0.0000E+00 mo96 
   42  97  0.0000E+00  0.0000E+00 mo97 
   42  98  0.0000E+00  0.0000E+00 mo98 
   42 100  0.0000E+00  0.0000E+00 mo100
   44  96  0.0000E+00  0.0000E+00 ru96 
   44  98  0.0000E+00  0.0000E+00 ru98 
   44  99  0.0000E+00  0.0000E+00 ru99 
   44 100  0.0000E+00  0.0000E+00 ru100
   44 101  0.0000E+00  0.0000E+00 ru101
   44 102  0.0000E+00  0.0000E+00 ru102
   44 104  0.0000E+00  0.0000E+00 ru104
   45 103  0.0000E+00  0.0000E+00 rh103
   46 102  0.0000E+00  0.0000E+00 pd102
   46 104  0.0000E+00  0.0000E+00 pd104
   46 105  0.0000E+00  0.0000E+00 pd105
   46 106  0.0000E+00  0.0000E+00 pd106
   46 108  0.0000E+00  0.0000E+00 pd108
   46 110  0.0000E+00  0.0000E+00 pd110
   47 107  0.0000E+00  0.0000E+00 ag107
   47 109  0.0000E+00  0.0000E+00 ag109
   48 106  0.0000E+00  0.0000E+00 cd106
   48 108  0.0000E+00  0.0000E+00 cd108
   48 110  0.0000E+00  0.0000E+00 cd110
   48 111  0.0000E+00  0.0000E+00 cd111
   48 112  0.0000E+00  0.0000E+00 cd112
   48 113  0.0000E+00  0.0000E+00 cd113
   48 114  0.0000E+00  0.0000E+00 cd114
   48 116  0.0000E+00  0.0000E+00 cd116
   49 113  0.0000E+00  0.0000E+00 in113
   49 115  0.0000E+00  0.0000E+00 in115
   50 112  0.0000E+00  0.0000E+00 sn112
   50 114  0.0000E+00  0.0000E+00 sn114
   50 115  0.0000E+00  0.0000E+00 sn115
   50 116  0.0000E+00  0.0000E+00 sn116
   50 117  0.0000E+00  0.0000E+00 sn117
   50 118  0.0000E+00  0.0000E+00 sn118
   50 119  0.0000E+00  0.0000E+00 sn119
   50 120  0.0000E+00  0.0000E+00 sn120
   50 122  0.0000E+00  0.0000E+00 sn122
   50 124  0.0000E+00  0.0000E+00 sn124
   51 121  0.0000E+00  0.0000E+00 sb121
   51 123  0.0000E+00  0.0000E+00 sb123
   52 120  0.0000E+00  0.0000E+00 te120
   52 122  0.0000E+00  0.0000E+00 te122
   52 123  0.0000E+00  0.0000E+00 te123
   52 124  0.0000E+00  0.0000E+00 te124
   52 125  0.0000E+00  0.0000E+00 te125
   52 126  0.0000E+00  0.0000E+00 te126
   52 128  0.0000E+00  0.0000E+00 te128
   52 130  0.0000E+00  0.0000E+00 te130
   53 127  0.0000E+00  0.0000E+00 i127 
   54 124  0.0000E+00  0.0000E+00 xe124
   54 126  0.0000E+00  0.0000E+00 xe126
   54 128  0.0000E+00  0.0000E+00 xe128
   54 129  0.0000E+00  0.0000E+00 xe129
   54 130  0.0000E+00  0.0000E+00 xe130
   54 131  0.0000E+00  0.0000E+00 xe131
   54 132  0.0000E+00  0.0000E+00 xe132
   54 134  0.0000E+00  0.0000E+00 xe134
   54 136  0.0000E+00  0.0000E+00 xe136
   55 133  0.0000E+00  0.0000E+00 cs133
   56 130  0.0000E+00  0.0000E+00 ba130
   56 132  0.0000E+00  0.0000E+00 ba132
   56 134  0.0000E+00  0.0000E+00 ba134
   56 135  0.0000E+00  0.0000E+00 ba135
   56 136  0.0000E+00  0.0000E+00 ba136
   56 137  0.0000E+00  0.0000E+00 ba137
   56 138  0.0000E+00  0.0000E+00 ba138
   57 138  0.0000E+00  0.0000E+00 la138
   57 139  0.0000E+00  0.0000E+00 la139
   58 136  0.0000E+00  0.0000E+00 ce136
   58 138  0.0000E+00  0.0000E+00 ce138
   58 140  0.0000E+00  0.0000E+00 ce140
   58 142  0.0000E+00  0.0000E+00 ce142
   59 141  0.0000E+00  0.0000E+00 pr141
   60 142  0.0000E+00  0.0000E+00 nd142
   60 143  0.0000E+00  0.0000E+00 nd143
   60 144  0.0000E+00  0.0000E+00 nd144
   60 145  0.0000E+00  0.0000E+00 nd145
   60 146  0.0000E+00  0.0000E+00 nd146
   60 148  0.0000E+00  0.0000E+00 nd148
   60 150  0.0000E+00  0.0000E+00 nd150
   62 144  0.0000E+00  0.0000E+00 sm144
   62 147  0.0000E+00  0.0000E+00 sm147
   62 148  0.0000E+00  0.0000E+00 sm148
   62 149  0.0000E+00  0.0000E+00 sm149
   62 150  0.0000E+00  0.0000E+00 sm150
   62 152  0.0000E+00  0.0000E+00 sm152
   62 154  0.0000E+00  0.0000E+00 sm154
   63 151  0.0000E+00  0.0000E+00 eu151
   63 153  0.0000E+00  0.0000E+00 eu153
   64 152  0.0000E+00  0.0000E+00 gd152
   64 154  0.0000E+00  0.0000E+00 gd154
   64 155  0.0000E+00  0.0000E+00 gd155
   64 156  0.0000E+00  0.0000E+00 gd156
   64 157  0.0000E+00  0.0000E+00 gd157
   64 158  0.0000E+00  0.0000E+00 gd158
   64 160  0.0000E+00  0.0000E+00 gd160
   65 159  0.0000E+00  0.0000E+00 tb159
   66 156  0.0000E+00  0.0000E+00 dy156
   66 158  0.0000E+00  0.0000E+00 dy158
   66 160  0.0000E+00  0.0000E+00 dy160
   66 161  0.0000E+00  0.0000E+00 dy161
   66 162  0.0000E+00  0.0000E+00 dy162
   66 163  0.0000E+00  0.0000E+00 dy163
   66 164  0.0000E+00  0.0000E+00 dy164
   67 165  0.0000E+00  0.0000E+00 ho165
   68 162  0.0000E+00  0.0000E+00 er162
   68 164  0.0000E+00  0.0000E+00 er164
   68 166  0.0000E+00  0.0000E+00 er166
   68 167  0.0000E+00  0.0000E+00 er167
   68 168  0.0000E+00  0.0000E+00 er168
   68 170  0.0000E+00  0.0000E+00 er170
   69 169  0.0000E+00  0.0000E+00 tm169
   70 168  0.0000E+00  0.0000E+00 yb168
   70 170  0.0000E+00  0.0000E+00 yb170
   70 171  0.0000E+00  0.0000E+00 yb171
   70 172  0.0000E+00  0.0000E+00 yb172
   70 173  0.0000E+00  0.0000E+00 yb173
   70 174  0.0000E+00  0.0000E+00 yb174
   70 176  0.0000E+00  0.0000E+00 yb176
   71 175  0.0000E+00  0.0000E+00 lu175
   71 176  0.0000E+00  0.0000E+00 lu176
   72 174  0.0000E+00  0.0000E+00 hf174
   72 176  0.0000E+00  0.0000E+00 hf176
   72 177  0.0000E+00  0.0000E+00 hf177
   72 178  0.0000E+00  0.0000E+00 hf178
   72 179  0.0000E+00  0.0000E+00 hf179
   72 180  0.0000E+00  0.0000E+00 hf180
   73 180  0.0000E+00  0.0000E+00 ta180
   73 181  0.0000E+00  0.0000E+00 ta181
   74 180  0.0000E+00  0.0000E+00 w180 
   74 182  0.0000E+00  0.0000E+00 w182 
   74 183  0.0000E+00  0.0000E+00 w183 
   74 184  0.0000E+00  0.0000E+00 w184 
   74 186  0.0000E+00  0.0000E+00 w186 
   75 185  0.0000E+00  0.0000E+00 re185
   75 187  0.0000E+00  0.0000E+00 re187
   76 184  0.0000E+00  0.0000E+00 os184
   76 186  0.0000E+00  0.0000E+00 os186
   76 187  0.0000E+00  0.0000E+00 os187
   76 188  0.0000E+00  0.0000E+00 os188
   76 189  0.0000E+00  0.0000E+00 os189
   76 190  0.0000E+00  0.0000E+00 os190
   76 192  0.0000E+00  0.0000E+00 os192
   77 191  0.0000E+00  0.0000E+00 ir191
   77 193  0.0000E+00  0.0000E+00 ir193
   78 190  0.0000E+00  0.0000E+00 pt190
   78 192  0.0000E+00  0.0000E+00 pt192
   78 194  0.0000E+00  0.0000E+00 pt194
   78 195  0.0000E+00  0.0000E+00 pt195
   78 196  0.0000E+00  0.0000E+00 pt196
   78 198  0.0000E+00  0.0000E+00 pt198
   79 197  0.0000E+00  0.0000E+00 au197
   80 196  0.0000E+00  0.0000E+00 hg196
   80 198  0.0000E+00  0.0000E+00 hg198
   80 199  0.0000E+00  0.0000E+00 hg199
   80 200  0.0000E+00  0.0000E+00 hg200
   80 201  0.0000E+00  0.0000E+00 hg201
   80 202  0.0000E+00  0.0000E+00 hg202
   80 204  0.0000E+00  0.0000E+00 hg204
   81 203  0.0000E+00  0.0000E+00 tl203
   81 205  0.0000E+00  0.0000E+00 tl205
   82 204  0.0000E+00  0.0000E+00 pb204
   82 206  0.0000E+00  0.0000E+00 pb206
   82 207  0.0000E+00  0.0000E+00 pb207
   82 208  0.0000E+00  0.0000E+00 pb208
   83 209  0.0000E+00  0.0000E+00 bi209
   90 232  0.0000E+00  0.0000E+00 th232
   92 235  0.0000E+00  0.0000E+00 u235 
   92 238  0.0000E+00  0.0000E+00 u238 
