    1   2  2.049812E-07 h2   
    1   3  3.734714E-10 h3   
    2   3  1.649823E-08 he3  
    3   6  2.225136E-10 li6  
    3   7  1.785928E-12 li7  
    4   7  2.311732E-11 be7  
    4   9  1.188196E-11 be9  
    5   8  6.796147E-16 b8   
    5   9  1.078040E-10 b9   
    5  10  1.355149E-11 b10  
    5  11  1.802372E-12 b11  
    6  11  4.280468E-11 c11  
    6  12  4.232217E-06 c12  
    6  13  1.761032E-09 c13  
    6  14  2.243707E-11 c14  
    7  12  1.472207E-15 n12  
    7  13  2.870736E-09 n13  
    7  14  4.376168E-09 n14  
    7  15  6.410218E-09 n15  
    8  14  2.876064E-11 o14  
    8  15  4.754099E-09 o15  
    8  16  5.807855E-06 o16  
    8  17  2.023109E-09 o17  
    8  18  9.262098E-12 o18  
    8  19  8.595656E-13 o19  
    9  17  1.527748E-09 f17  
    9  18  9.119100E-11 f18  
    9  19  6.389460E-11 f19  
    9  20  2.461319E-10 f20  
    9  21  5.649300E-12 f21  
   10  17  5.877597E-18 ne17 
   10  18  1.168737E-12 ne18 
   10  19  5.912363E-11 ne19 
   10  20  1.865561E-07 ne20 
   10  21  1.874264E-09 ne21 
   10  22  4.262213E-10 ne22 
   10  23  6.318102E-13 ne23 
   10  24  7.471140E-15 ne24 
   11  19  2.485836E-16 na19 
   11  20  3.154127E-14 na20 
   11  21  4.492996E-10 na21 
   11  22  2.413971E-09 na22 
   11  23  2.647491E-08 na23 
   11  24  2.045625E-10 na24 
   11  25  1.574779E-11 na25 
   11  26  1.404487E-14 na26 
   11  27  2.570060E-17 na27 
   12  20  6.410284E-20 mg20 
   12  21  4.487149E-17 mg21 
   12  22  1.227029E-11 mg22 
   12  23  3.013798E-09 mg23 
   12  24  5.133808E-06 mg24 
   12  25  2.625069E-07 mg25 
   12  26  1.022550E-07 mg26 
   12  27  5.652427E-10 mg27 
   12  28  9.463845E-12 mg28 
   12  29  1.421670E-15 mg29 
   13  22  1.348377E-21 al22 
   13  23  1.255146E-15 al23 
   13  24  1.739624E-12 al24 
   13  25  2.104321E-08 al25 
   13  26  1.537766E-07 al26 
   13  27  3.499344E-06 al27 
   13  28  8.577016E-08 al28 
   13  29  7.867168E-09 al29 
   13  30  1.007964E-11 al30 
   13  31  3.285433E-14 al31 
   14  23  1.270769E-25 si23 
   14  24  4.901320E-19 si24 
   14  25  4.052693E-15 si25 
   14  26  3.019547E-10 si26 
   14  27  1.214458E-07 si27 
   14  28  5.104613E-04 si28 
   14  29  5.145761E-05 si29 
   14  30  2.329951E-05 si30 
   14  31  2.563539E-07 si31 
   14  32  7.873808E-09 si32 
   14  33  3.481430E-12 si33 
   14  34  6.945500E-15 si34 
   15  27  1.124703E-13 p27  
   15  28  9.327655E-11 p28  
   15  29  1.521435E-06 p29  
   15  30  9.823317E-06 p30  
   15  31  7.892545E-05 p31  
   15  32  5.487601E-06 p32  
   15  33  8.043362E-07 p33  
   15  34  3.138234E-09 p34  
   15  35  3.354459E-11 p35  
   15  36  5.101220E-15 p36  
   15  37  5.002284E-18 p37  
   15  38  4.460223E-22 p38  
   16  28  1.723060E-17 s28  
   16  29  1.822976E-13 s29  
   16  30  1.067356E-08 s30  
   16  31  1.241134E-06 s31  
   16  32  4.839914E-04 s32  
   16  33  1.225031E-04 s33  
   16  34  1.144351E-04 s34  
   16  35  2.016805E-06 s35  
   16  36  1.569255E-07 s36  
   16  37  1.302222E-10 s37  
   16  38  4.786657E-13 s38  
   16  39  1.740948E-16 s39  
   16  40  4.418462E-19 s40  
   16  41  1.160829E-22 s41  
   16  42  4.552945E-26 s42  
   17  31  1.976371E-12 cl31 
   17  32  9.069177E-10 cl32 
   17  33  1.484236E-06 cl33 
   17  34  1.491626E-05 cl34 
   17  35  1.616504E-04 cl35 
   17  36  1.555906E-05 cl36 
   17  37  5.049205E-06 cl37 
   17  38  2.076481E-08 cl38 
   17  39  3.188047E-10 cl39 
   17  40  4.717737E-13 cl40 
   17  41  4.092318E-15 cl41 
   17  42  3.960468E-18 cl42 
   17  43  7.454929E-21 cl43 
   17  44  2.004619E-24 cl44 
   17  45  1.711156E-27 cl45 
   18  32  3.150000E-16 ar32 
   18  33  2.125361E-12 ar33 
   18  34  9.590882E-09 ar34 
   18  35  1.187985E-06 ar35 
   18  36  3.693337E-04 ar36 
   18  37  1.192645E-04 ar37 
   18  38  1.864000E-04 ar38 
   18  39  3.932146E-06 ar39 
   18  40  2.721000E-07 ar40 
   18  41  2.743765E-09 ar41 
   18  42  6.072143E-11 ar42 
   18  43  1.618309E-13 ar43 
   18  44  9.312741E-16 ar44 
   18  45  1.552554E-18 ar45 
   18  46  7.103607E-21 ar46 
   19  35  1.281947E-12 k35  
   19  36  7.727948E-10 k36  
   19  37  6.611863E-07 k37  
   19  38  1.208077E-05 k38  
   19  39  2.344549E-04 k39  
   19  40  2.021352E-05 k40  
   19  41  4.434933E-06 k41  
   19  42  2.199339E-07 k42  
   19  43  1.669649E-08 k43  
   19  44  1.798691E-10 k44  
   19  45  6.215041E-12 k45  
   19  46  3.269870E-14 k46  
   19  47  3.182467E-16 k47  
   19  48  1.810085E-19 k48  
   19  49  1.011583E-22 k49  
   20  36  2.297635E-16 ca36 
   20  37  1.067304E-12 ca37 
   20  38  3.251787E-09 ca38 
   20  39  7.344830E-07 ca39 
   20  40  4.153845E-04 ca40 
   20  41  1.369495E-04 ca41 
   20  42  1.316654E-04 ca42 
   20  43  2.168494E-05 ca43 
   20  44  7.107694E-06 ca44 
   20  45  3.715940E-07 ca45 
   20  46  3.747086E-08 ca46 
   20  47  9.815138E-10 ca47 
   20  48  4.501151E-11 ca48 
   20  49  4.769256E-14 ca49 
   21  40  1.712041E-10 sc40 
   21  41  4.484268E-07 sc41 
   21  42  2.984039E-06 sc42 
   21  43  6.677734E-05 sc43 
   21  44  4.389212E-05 sc44 
   21  45  7.088119E-05 sc45 
   21  46  1.140310E-05 sc46 
   21  47  2.866206E-06 sc47 
   21  48  2.269997E-07 sc48 
   21  49  2.012729E-08 sc49 
   21  50  6.061181E-11 sc50 
   21  51  1.313783E-13 sc51 
   22  41  7.911662E-14 ti41 
   22  42  6.757499E-10 ti42 
   22  43  6.361749E-08 ti43 
   22  44  8.124327E-05 ti44 
   22  45  1.946773E-04 ti45 
   22  46  1.095753E-03 ti46 
   22  47  5.114206E-04 ti47 
   22  48  4.278396E-04 ti48 
   22  49  4.971513E-05 ti49 
   22  50  1.093233E-05 ti50 
   22  51  7.623088E-08 ti51 
   22  52  4.602228E-10 ti52 
   22  53  5.645917E-13 ti53 
   23  43  2.420198E-14 v43  
   23  44  6.166862E-11 v44  
   23  45  1.921536E-07 v45  
   23  46  8.128555E-06 v46  
   23  47  6.667274E-04 v47  
   23  48  1.141934E-03 v48  
   23  49  2.903007E-03 v49  
   23  50  8.070518E-04 v50  
   23  51  4.834856E-04 v51  
   23  52  1.182685E-05 v52  
   23  53  2.154563E-07 v53  
   23  54  3.990392E-10 v54  
   23  55  1.693763E-12 v55  
   24  44  1.741622E-17 cr44 
   24  45  1.887289E-13 cr45 
   24  46  4.906459E-10 cr46 
   24  47  2.913328E-07 cr47 
   24  48  3.950771E-04 cr48 
   24  49  2.073019E-03 cr49 
   24  50  1.821827E-02 cr50 
   24  51  1.273082E-02 cr51 
   24  52  1.589707E-02 cr52 
   24  53  1.293516E-03 cr53 
   24  54  1.110134E-04 cr54 
   24  55  7.604539E-07 cr55 
   24  56  4.347212E-09 cr56 
   24  57  6.695509E-12 cr57 
   24  58  9.847724E-15 cr58 
   25  46  1.090657E-17 mn46 
   25  47  4.703886E-13 mn47 
   25  48  2.371211E-10 mn48 
   25  49  1.057721E-06 mn49 
   25  50  7.245692E-05 mn50 
   25  51  6.627779E-03 mn51 
   25  52  1.634308E-02 mn52 
   25  53  5.561897E-02 mn53 
   25  54  1.515026E-02 mn54 
   25  55  3.382233E-03 mn55 
   25  56  8.097785E-05 mn56 
   25  57  1.286753E-06 mn57 
   25  58  4.712526E-09 mn58 
   25  59  3.279944E-11 mn59 
   25  60  2.596605E-14 mn60 
   25  61  6.092932E-17 mn61 
   26  47  3.086109E-21 fe47 
   26  48  6.910633E-17 fe48 
   26  49  4.833854E-13 fe49 
   26  50  2.851381E-09 fe50 
   26  51  2.111326E-06 fe51 
   26  52  1.941186E-03 fe52 
   26  53  1.311812E-02 fe53 
   26  54  1.427542E-01 fe54 
   26  55  1.000350E-01 fe55 
   26  56  7.781219E-02 fe56 
   26  57  6.245632E-03 fe57 
   26  58  4.725409E-04 fe58 
   26  59  4.993415E-06 fe59 
   26  60  6.411155E-08 fe60 
   26  61  1.581376E-10 fe61 
   26  62  6.106619E-13 fe62 
   26  63  7.269418E-16 fe63 
   27  50  5.514214E-17 co50 
   27  51  1.341424E-12 co51 
   27  52  5.795905E-10 co52 
   27  53  1.732786E-06 co53 
   27  54  3.024526E-04 co54 
   27  55  3.207910E-02 co55 
   27  56  5.822472E-02 co56 
   27  57  8.315722E-02 co57 
   27  58  1.823415E-02 co58 
   27  59  3.901936E-03 co59 
   27  60  1.540801E-04 co60 
   27  61  5.484293E-06 co61 
   27  62  4.214523E-08 co62 
   27  63  6.310872E-10 co63 
   27  64  1.446073E-12 co64 
   27  65  7.283349E-15 co65 
   28  51  2.527996E-21 ni51 
   28  52  6.729720E-17 ni52 
   28  53  3.704285E-13 ni53 
   28  54  2.829429E-09 ni54 
   28  55  4.816940E-06 ni55 
   28  56  5.322056E-03 ni56 
   28  57  2.110883E-02 ni57 
   28  58  8.095093E-02 ni58 
   28  59  4.974385E-02 ni59 
   28  60  2.798261E-02 ni60 
   28  61  3.906110E-03 ni61 
   28  62  4.650936E-04 ni62 
   28  63  1.291814E-05 ni63 
   28  64  3.232862E-07 ni64 
   28  65  3.284880E-09 ni65 
   28  66  2.783275E-11 ni66 
   28  67  7.147729E-14 ni67 
   29  55  1.145740E-13 cu55 
   29  56  6.408491E-10 cu56 
   29  57  2.125926E-06 cu57 
   29  58  8.522220E-05 cu58 
   29  59  1.934559E-03 cu59 
   29  60  3.828315E-03 cu60 
   29  61  6.217032E-03 cu61 
   29  62  2.274363E-03 cu62 
   29  63  7.223116E-04 cu63 
   29  64  4.915557E-05 cu64 
   29  65  4.229360E-06 cu65 
   29  66  8.035465E-08 cu66 
   29  67  2.786323E-09 cu67 
   29  68  1.503167E-11 cu68 
   29  69  9.902485E-14 cu69 
   30  57  1.048720E-13 zn57 
   30  58  5.600704E-10 zn58 
   30  59  1.682155E-07 zn59 
   30  60  2.894220E-05 zn60 
   30  61  1.804669E-04 zn61 
   30  62  8.622753E-04 zn62 
   30  63  7.775745E-04 zn63 
   30  64  6.631883E-04 zn64 
   30  65  1.328992E-04 zn65 
   30  66  2.603764E-05 zn66 
   30  67  1.551842E-06 zn67 
   30  68  6.430734E-08 zn68 
   30  69  1.314269E-09 zn69 
   30  70  2.053731E-11 zn70 
   30  71  1.324430E-13 zn71 
   30  72  8.690025E-16 zn72 
   31  59  1.870333E-14 ga59 
   31  60  1.143675E-11 ga60 
   31  61  1.530879E-08 ga61 
   31  62  7.548154E-07 ga62 
   31  63  1.067074E-05 ga63 
   31  64  2.001493E-05 ga64 
   31  65  5.698937E-05 ga65 
   31  66  2.069002E-05 ga66 
   31  67  1.666175E-05 ga67 
   31  68  1.600954E-06 ga68 
   31  69  3.208686E-07 ga69 
   31  70  8.546520E-09 ga70 
   31  71  5.459937E-10 ga71 
   31  72  7.065324E-12 ga72 
   31  73  1.504740E-13 ga73 
   31  74  9.047929E-16 ga74 
   31  75  1.222416E-17 ga75 
   32  62  1.218217E-11 ge62 
   32  63  8.060077E-10 ge63 
   32  64  7.908530E-08 ge64 
   32  65  1.820719E-07 ge65 
   32  66  2.974225E-06 ge66 
   32  67  4.224509E-06 ge67 
   32  68  5.254754E-06 ge68 
   32  69  2.063303E-06 ge69 
   32  70  6.317673E-07 ge70 
   32  71  8.280926E-08 ge71 
   32  72  8.839162E-09 ge72 
   32  73  3.971498E-10 ge73 
   32  74  1.619603E-11 ge74 
   32  75  2.830120E-13 ge75 
   32  76  4.876370E-15 ge76 
   32  77  3.277168E-17 ge77 
   32  78  2.575626E-19 ge78 
   33  65  6.957391E-11 as65 
   33  66  2.291906E-09 as66 
   33  67  8.239576E-09 as67 
   33  68  4.965809E-08 as68 
   33  69  2.845946E-07 as69 
   33  70  1.869442E-07 as70 
   33  71  2.224414E-07 as71 
   33  72  4.022498E-08 as72 
   33  73  1.745624E-08 as73 
   33  74  1.052754E-09 as74 
   33  75  1.634869E-10 as75 
   33  76  5.208198E-12 as76 
   33  77  2.426501E-13 as77 
   33  78  2.248917E-15 as78 
   33  79  5.354260E-17 as79 
   34  67  1.565742E-12 se67 
   34  68  6.409740E-11 se68 
   34  69  5.123702E-10 se69 
   34  70  8.102463E-09 se70 
   34  71  3.387697E-08 se71 
   34  72  5.798369E-08 se72 
   34  73  3.928259E-08 se73 
   34  74  2.368162E-08 se74 
   34  75  5.211632E-09 se75 
   34  76  1.173211E-09 se76 
   34  77  1.003216E-10 se77 
   34  78  5.971911E-12 se78 
   34  79  2.877566E-13 se79 
   34  80  7.465183E-15 se80 
   34  81  1.677069E-16 se81 
   34  82  2.085513E-18 se82 
   34  83  1.198678E-20 se83 
   35  68  3.602895E-17 br68 
   35  69  2.307656E-14 br69 
   35  70  1.028583E-12 br70 
   35  71  4.136742E-11 br71 
   35  72  2.039660E-10 br72 
   35  73  2.266580E-09 br73 
   35  74  2.352901E-09 br74 
   35  75  5.775687E-09 br75 
   35  76  1.875429E-09 br76 
   35  77  1.508371E-09 br77 
   35  78  1.515520E-10 br78 
   35  79  3.519838E-11 br79 
   35  80  2.493622E-12 br80 
   35  81  2.092094E-13 br81 
   35  82  6.443745E-15 br82 
   35  83  2.595222E-16 br83 
   36  69  2.559938E-21 kr69 
   36  70  6.070937E-18 kr70 
   36  71  9.308734E-16 kr71 
   36  72  2.929757E-13 kr72 
   36  73  5.979378E-12 kr73 
   36  74  7.142139E-11 kr74 
   36  75  2.540744E-10 kr75 
   36  76  9.199626E-10 kr76 
   36  77  1.026934E-09 kr77 
   36  78  1.092181E-09 kr78 
   36  79  3.986606E-10 kr79 
   36  80  9.270615E-11 kr80 
   36  81  1.796582E-11 kr81 
   36  82  2.220073E-12 kr82 
   36  83  2.146572E-13 kr83 
   36  84  1.337841E-14 kr84 
   36  85  6.390272E-16 kr85 
   36  86  1.188801E-17 kr86 
   36  87  3.974596E-20 kr87 
   37  73  1.447813E-16 rb73 
   37  74  1.066345E-14 rb74 
   37  75  3.384516E-13 rb75 
   37  76  2.163480E-12 rb76 
   37  77  2.127307E-11 rb77 
   37  78  2.211169E-11 rb78 
   37  79  1.624412E-10 rb79 
   37  80  5.919858E-11 rb80 
   37  81  7.259268E-11 rb81 
   37  82  1.612952E-11 rb82 
   37  83  8.156711E-12 rb83 
   37  84  9.102668E-13 rb84 
   37  85  2.586859E-13 rb85 
   38  74  3.421611E-20 sr74 
   38  75  4.908924E-18 sr75 
   38  76  2.781576E-15 sr76 
   38  77  4.421798E-14 sr77 
   38  78  5.677704E-13 sr78 
   38  79  4.491946E-12 sr79 
   38  80  1.076119E-11 sr80 
   38  81  2.338386E-11 sr81 
   38  82  2.617328E-11 sr82 
   38  83  1.769724E-11 sr83 
   38  84  1.013367E-11 sr84 
   39  75  2.068332E-25 y75  
   39  76  1.429172E-22 y76  
   39  77  2.214180E-19 y77  
   39  78  3.042931E-17 y78  
   39  79  3.349241E-15 y79  
   39  80  2.120916E-13 y80  
   39  81  2.370367E-13 y81  
   39  82  6.069847E-13 y82  
   39  83  2.482838E-12 y83  
   39  84  2.292721E-12 y84  
   39  85  5.158898E-12 y85  
   39  86  3.061629E-12 y86  
   39  87  2.936321E-12 y87  
   40  78  3.610671E-23 zr78 
   40  79  1.337675E-20 zr79 
   40  80  3.208689E-17 zr80 
   40  81  1.332947E-16 zr81 
   40  82  4.340824E-15 zr82 
   40  83  9.122832E-15 zr83 
   40  84  5.590871E-14 zr84 
   40  85  3.040927E-13 zr85 
   40  86  8.172853E-13 zr86 
   40  87  1.505567E-12 zr87 
   40  88  2.030241E-12 zr88 
   40  89  2.006687E-12 zr89 
   40  90  9.021820E-13 zr90 
   41  82  4.305278E-19 nb82 
   41  83  4.865278E-18 nb83 
   41  84  3.155203E-17 nb84 
   41  85  2.136370E-15 nb85 
   41  86  1.157077E-14 nb86 
   41  87  6.511328E-14 nb87 
   41  88  1.565463E-13 nb88 
   41  89  5.299126E-13 nb89 
   41  90  7.460587E-13 nb90 
   42  83  2.163847E-23 mo83 
   42  84  5.954457E-22 mo84 
   42  85  1.327116E-19 mo85 
   42  86  1.042833E-17 mo86 
   42  87  3.440346E-16 mo87 
   42  88  1.593235E-15 mo88 
   42  89  1.240012E-14 mo89 
   42  90  5.187004E-14 mo90 
   43  89  1.184527E-17 tc89 
   43  90  1.380177E-16 tc90 
   43  91  1.203611E-15 tc91 
    0   1  6.780151E-05 neut 
    1   1  9.335094E-03 prot 
    2   4  1.081613E-01 he4  
