    1   2  1.367848E-15 h2   
    1   3  4.814238E-23 h3   
    2   3  2.299002E-15 he3  
    3   6  1.025435E-21 li6  
    3   7  7.736007E-28 li7  
    4   7  3.591751E-21 be7  
    4   9  3.126931E-24 be9  
    5   8  7.677908E-28 b8   
    5   9  6.214047E-18 b9   
    5  10  2.580373E-23 b10  
    5  11  1.609850E-23 b11  
    6  11  3.974426E-15 c11  
    6  12  2.870006E-07 c12  
    6  13  3.306015E-16 c13  
    6  14  1.433876E-21 c14  
    7  12  1.469502E-21 n12  
    7  13  1.562206E-11 n13  
    7  14  3.290264E-13 n14  
    7  15  3.150025E-15 n15  
    8  14  6.669139E-13 o14  
    8  15  5.639605E-11 o15  
    8  16  8.422921E-07 o16  
    8  17  2.815673E-16 o17  
    8  18  1.513496E-22 o18  
    8  19  5.320127E-20 o19  
    9  17  2.361844E-12 f17  
    9  18  2.189560E-16 f18  
    9  19  6.490209E-19 f19  
    9  20  1.932702E-14 f20  
    9  21  3.553401E-18 f21  
   10  17  5.598030E-24 ne17 
   10  18  3.917720E-15 ne18 
   10  19  2.799699E-15 ne19 
   10  20  1.485696E-09 ne20 
   10  21  1.456412E-15 ne21 
   10  22  1.224869E-18 ne22 
   10  23  2.929618E-27 ne23 
   10  24  1.297593E-31 ne24 
   11  19  1.126764E-21 na19 
   11  20  3.927816E-19 na20 
   11  21  6.670541E-13 na21 
   11  22  1.245560E-13 na22 
   11  23  6.512217E-14 na23 
   11  24  6.031900E-20 na24 
   11  25  4.460049E-24 na25 
   11  26  8.573656E-32 na26 
   11  27  6.885407E-32 na27 
   12  20  2.817734E-26 mg20 
   12  21  3.773022E-22 mg21 
   12  22  3.062011E-13 mg22 
   12  23  4.080161E-11 mg23 
   12  24  4.565353E-06 mg24 
   12  25  1.597834E-11 mg25 
   12  26  1.016883E-13 mg26 
   12  27  8.486701E-21 mg27 
   12  28  7.146536E-26 mg28 
   12  29  8.774364E-32 mg29 
   13  22  6.302141E-30 al22 
   13  23  1.963087E-19 al23 
   13  24  1.663636E-15 al24 
   13  25  1.885126E-09 al25 
   13  26  3.653433E-10 al26 
   13  27  2.943937E-09 al27 
   13  28  9.759854E-15 al28 
   13  29  1.547468E-18 al29 
   13  30  1.010956E-26 al30 
   13  31  1.133610E-31 al31 
   14  23  2.259069E-29 si23 
   14  24  4.753570E-23 si24 
   14  25  2.318884E-18 si25 
   14  26  3.743245E-10 si26 
   14  27  7.514430E-08 si27 
   14  28  4.647539E-02 si28 
   14  29  1.651401E-06 si29 
   14  30  7.818746E-09 si30 
   14  31  1.780503E-15 si31 
   14  32  6.255572E-20 si32 
   14  33  2.571355E-29 si33 
   14  34  1.575592E-31 si34 
   15  27  1.499307E-15 p27  
   15  28  3.255980E-12 p28  
   15  29  2.671278E-05 p29  
   15  30  3.750776E-06 p30  
   15  31  3.825704E-06 p31  
   15  32  4.451956E-11 p32  
   15  33  2.569054E-14 p33  
   15  34  1.317992E-21 p34  
   15  35  7.035558E-27 p35  
   15  36  1.353475E-31 p36  
   15  37  3.376050E-31 p37  
   15  38  1.559535E-31 p38  
   16  28  5.219309E-20 s28  
   16  29  2.889654E-15 s29  
   16  30  5.378346E-07 s30  
   16  31  1.663386E-05 s31  
   16  32  5.048131E-02 s32  
   16  33  5.380864E-06 s33  
   16  34  1.506219E-07 s34  
   16  35  1.120206E-13 s35  
   16  36  3.090993E-17 s36  
   16  37  1.571485E-26 s37  
   16  38  5.035259E-31 s38  
   16  39  3.047355E-31 s39  
   16  40  4.349928E-31 s40  
   16  41  2.640600E-31 s41  
   16  42  3.346680E-31 s42  
   17  31  4.746738E-13 cl31 
   17  32  4.242853E-10 cl32 
   17  33  1.496438E-05 cl33 
   17  34  3.375532E-06 cl34 
   17  35  9.387409E-06 cl35 
   17  36  2.937131E-10 cl36 
   17  37  8.000145E-13 cl37 
   17  38  2.019911E-20 cl38 
   17  39  7.157668E-26 cl39 
   17  40  9.834913E-31 cl40 
   17  41  8.051424E-31 cl41 
   17  42  8.352352E-31 cl42 
   17  43  6.218936E-31 cl43 
   17  44  3.073675E-31 cl44 
   17  45  4.355013E-31 cl45 
   18  32  1.041612E-17 ar32 
   18  33  4.031573E-13 ar33 
   18  34  3.325298E-07 ar34 
   18  35  7.596254E-06 ar35 
   18  36  2.180416E-02 ar36 
   18  37  3.561792E-06 ar37 
   18  38  3.503795E-07 ar38 
   18  39  1.635071E-13 ar39 
   18  40  2.238045E-17 ar40 
   18  41  3.446316E-24 ar41 
   18  42  8.680978E-29 ar42 
   18  43  1.609260E-30 ar43 
   18  44  1.260767E-30 ar44 
   18  45  1.102261E-30 ar45 
   18  46  7.348816E-31 ar46 
   19  35  1.492296E-13 k35  
   19  36  1.576610E-10 k36  
   19  37  1.826133E-06 k37  
   19  38  2.849400E-06 k38  
   19  39  2.220727E-05 k39  
   19  40  1.945986E-10 k40  
   19  41  1.092804E-13 k41  
   19  42  4.797056E-19 k42  
   19  43  7.398848E-23 k43  
   19  44  6.356139E-29 k44  
   19  45  2.956016E-30 k45  
   19  46  1.874216E-30 k46  
   19  47  1.394526E-30 k47  
   19  48  5.537333E-31 k48  
   19  49  8.014770E-31 k49  
   20  36  5.439365E-18 ca36 
   20  37  7.172465E-14 ca37 
   20  38  2.897791E-08 ca38 
   20  39  3.400361E-06 ca39 
   20  40  3.074187E-02 ca40 
   20  41  2.813655E-06 ca41 
   20  42  4.955718E-08 ca42 
   20  43  1.630740E-12 ca43 
   20  44  7.771042E-15 ca44 
   20  45  5.176632E-20 ca45 
   20  46  2.345423E-23 ca46 
   20  47  7.687177E-29 ca47 
   20  48  3.155649E-30 ca48 
   20  49  2.220201E-30 ca49 
   21  40  4.017765E-12 sc40 
   21  41  4.971913E-07 sc41 
   21  42  4.187458E-08 sc42 
   21  43  1.279218E-07 sc43 
   21  44  1.657947E-10 sc44 
   21  45  8.002042E-12 sc45 
   21  46  7.247632E-16 sc46 
   21  47  1.794285E-18 sc47 
   21  48  4.173155E-23 sc48 
   21  49  2.620899E-26 sc49 
   21  50  1.791970E-30 sc50 
   21  51  1.711078E-30 sc51 
   22  41  2.857873E-16 ti41 
   22  42  4.161828E-10 ti42 
   22  43  4.918248E-09 ti43 
   22  44  1.692251E-04 ti44 
   22  45  1.039317E-06 ti45 
   22  46  1.543054E-06 ti46 
   22  47  6.930867E-10 ti47 
   22  48  1.538431E-11 ti48 
   22  49  5.915693E-16 ti49 
   22  50  1.895906E-18 ti50 
   22  51  2.204448E-25 ti51 
   22  52  3.187142E-30 ti52 
   22  53  1.938044E-30 ti53 
   23  43  3.198483E-17 v43  
   23  44  1.240632E-14 v44  
   23  45  2.552226E-08 v45  
   23  46  1.214335E-07 v46  
   23  47  8.305049E-06 v47  
   23  48  8.515369E-08 v48  
   23  49  1.031007E-08 v49  
   23  50  3.642009E-12 v50  
   23  51  4.837378E-14 v51  
   23  52  7.259743E-20 v52  
   23  53  5.084725E-25 v53  
   23  54  2.062574E-30 v54  
   23  55  2.089746E-30 v55  
   24  44  2.740039E-21 cr44 
   24  45  6.753884E-18 cr45 
   24  46  2.577503E-10 cr46 
   24  47  3.671910E-08 cr47 
   24  48  2.120375E-03 cr48 
   24  49  1.215754E-04 cr49 
   24  50  2.239443E-04 cr50 
   24  51  2.327384E-07 cr51 
   24  52  1.849257E-08 cr52 
   24  53  2.692936E-13 cr53 
   24  54  5.179056E-17 cr54 
   24  55  5.480004E-24 cr55 
   24  56  1.089770E-29 cr56 
   24  57  1.696609E-30 cr57 
   24  58  2.450933E-30 cr58 
   25  46  9.800941E-25 mn46 
   25  47  4.636217E-16 mn47 
   25  48  1.541055E-11 mn48 
   25  49  5.702067E-07 mn49 
   25  50  8.117918E-06 mn50 
   25  51  9.123874E-04 mn51 
   25  52  1.401742E-05 mn52 
   25  53  4.928821E-06 mn53 
   25  54  7.737674E-10 mn54 
   25  55  1.144814E-12 mn55 
   25  56  1.348987E-18 mn56 
   25  57  1.225641E-23 mn57 
   25  58  6.293159E-30 mn58 
   25  59  4.782236E-30 mn59 
   25  60  1.469433E-30 mn60 
   25  61  2.703363E-30 mn61 
   26  47  5.913007E-30 fe47 
   26  48  4.276342E-20 fe48 
   26  49  1.375380E-15 fe49 
   26  50  1.253407E-09 fe50 
   26  51  1.674013E-06 fe51 
   26  52  4.045736E-02 fe52 
   26  53  3.109474E-03 fe53 
   26  54  1.429401E-02 fe54 
   26  55  1.303593E-05 fe55 
   26  56  1.948283E-07 fe56 
   26  57  2.306922E-12 fe57 
   26  58  4.743264E-16 fe58 
   26  59  1.393236E-22 fe59 
   26  60  1.076688E-27 fe60 
   26  61  5.474135E-30 fe61 
   26  62  6.816835E-30 fe62 
   26  63  1.300533E-30 fe63 
   27  50  1.819325E-21 co50 
   27  51  4.663651E-14 co51 
   27  52  1.189674E-11 co52 
   27  53  2.240457E-06 co53 
   27  54  1.260635E-04 co54 
   27  55  3.369862E-02 co55 
   27  56  1.436930E-04 co56 
   27  57  6.731381E-06 co57 
   27  58  6.433782E-10 co58 
   27  59  8.829811E-13 co59 
   27  60  2.630209E-18 co60 
   27  61  1.417467E-22 co61 
   27  62  3.245816E-29 co62 
   27  63  1.065533E-29 co63 
   27  64  2.966916E-30 co64 
   27  65  5.683541E-30 co65 
   28  51  1.351388E-27 ni51 
   28  52  3.044467E-19 ni52 
   28  53  2.815795E-15 ni53 
   28  54  2.410224E-09 ni54 
   28  55  8.839023E-06 ni55 
   28  56  7.389690E-01 ni56 
   28  57  1.110534E-02 ni57 
   28  58  3.050228E-03 ni58 
   28  59  1.601132E-06 ni59 
   28  60  2.353400E-08 ni60 
   28  61  5.415888E-13 ni61 
   28  62  4.976372E-16 ni62 
   28  63  5.358312E-22 ni63 
   28  64  2.966045E-26 ni64 
   28  65  1.190033E-29 ni65 
   28  66  1.100150E-29 ni66 
   28  67  4.919249E-30 ni67 
   29  55  3.535035E-17 cu55 
   29  56  3.558050E-13 cu56 
   29  57  1.966338E-06 cu57 
   29  58  6.219160E-06 cu58 
   29  59  3.303740E-05 cu59 
   29  60  2.133138E-07 cu60 
   29  61  1.626845E-08 cu61 
   29  62  3.894591E-12 cu62 
   29  63  1.650949E-14 cu63 
   29  64  1.710234E-19 cu64 
   29  65  5.241465E-23 cu65 
   29  66  5.060889E-29 cu66 
   29  67  1.866646E-29 cu67 
   29  68  4.988167E-30 cu68 
   29  69  1.009088E-29 cu69 
   30  57  1.777294E-18 zn57 
   30  58  3.678438E-11 zn58 
   30  59  2.722997E-09 zn59 
   30  60  3.160425E-06 zn60 
   30  61  9.556296E-08 zn61 
   30  62  9.273724E-08 zn62 
   30  63  8.597908E-11 zn63 
   30  64  3.921068E-12 zn64 
   30  65  1.714790E-16 zn65 
   30  66  5.037213E-19 zn66 
   30  67  1.400529E-24 zn67 
   30  68  3.313829E-28 zn68 
   30  69  1.545890E-29 zn69 
   30  70  2.233005E-29 zn70 
   30  71  4.062440E-30 zn71 
   30  72  1.276774E-29 zn72 
   31  59  1.101326E-19 ga59 
   31  60  1.345241E-16 ga60 
   31  61  6.316580E-13 ga61 
   31  62  4.768015E-11 ga62 
   31  63  2.197876E-10 ga63 
   31  64  1.922076E-12 ga64 
   31  65  3.818810E-13 ga65 
   31  66  1.123271E-16 ga66 
   31  67  2.226943E-18 ga67 
   31  68  4.676015E-23 ga68 
   31  69  5.966422E-26 ga69 
   31  70  3.144655E-29 ga70 
   31  71  4.000484E-29 ga71 
   31  72  1.141627E-29 ga72 
   31  73  2.806728E-29 ga73 
   31  74  9.234139E-30 ga74 
   31  75  2.070733E-29 ga75 
   32  62  2.275534E-17 ge62 
   32  63  5.202206E-14 ge63 
   32  64  1.066725E-11 ge64 
   32  65  1.235642E-13 ge65 
   32  66  5.321328E-13 ge66 
   32  67  7.204264E-16 ge67 
   32  68  1.107626E-16 ge68 
   32  69  1.020379E-20 ge69 
   32  70  1.141790E-22 ge70 
   32  71  1.239506E-27 ge71 
   32  72  1.089203E-28 ge72 
   32  73  3.693738E-29 ge73 
   32  74  7.069973E-29 ge74 
   32  75  2.228238E-29 ge75 
   32  76  4.439320E-29 ge76 
   32  77  6.952717E-30 ge77 
   32  78  2.984671E-29 ge78 
   33  65  8.748191E-18 as65 
   33  66  1.620683E-16 as66 
   33  67  2.409081E-16 as67 
   33  68  3.334368E-18 as68 
   33  69  3.207380E-18 as69 
   33  70  1.697995E-21 as70 
   33  71  1.120002E-22 as71 
   33  72  5.024854E-27 as72 
   33  73  2.627127E-28 as73 
   33  74  5.563494E-29 as74 
   33  75  1.229787E-28 as75 
   33  76  3.713720E-29 as76 
   33  77  8.114815E-29 as77 
   33  78  1.721786E-29 as78 
   33  79  3.855508E-29 as79 
   34  67  1.748549E-19 se67 
   34  68  9.843740E-18 se68 
   34  69  1.664226E-19 se69 
   34  70  2.127651E-18 se70 
   34  71  1.587026E-20 se71 
   34  72  3.381279E-21 se72 
   34  73  1.150682E-24 se73 
   34  74  1.746351E-25 se74 
   34  75  3.617143E-28 se75 
   34  76  3.656174E-28 se76 
   34  77  9.246410E-29 se77 
   34  78  1.182545E-28 se78 
   34  79  3.957326E-29 se79 
   34  80  7.082641E-29 se80 
   34  81  2.223955E-29 se81 
   34  82  9.060915E-29 se82 
   34  83  3.557084E-31 se83 
   35  68  1.951116E-26 br68 
   35  69  1.308622E-23 br69 
   35  70  5.224609E-24 br70 
   35  71  1.450064E-21 br71 
   35  72  1.774072E-23 br72 
   35  73  3.350071E-23 br73 
   35  74  9.975353E-26 br74 
   35  75  7.660661E-26 br75 
   35  76  3.968017E-28 br76 
   35  77  1.884614E-27 br77 
   35  78  6.418784E-29 br78 
   35  79  1.483946E-28 br79 
   35  80  8.456603E-29 br80 
   35  81  1.454154E-28 br81 
   35  82  7.944323E-29 br82 
   35  83  6.278597E-29 br83 
   36  69  1.611349E-31 kr69 
   36  70  2.501909E-28 kr70 
   36  71  2.566532E-27 kr71 
   36  72  1.178989E-23 kr72 
   36  73  2.955935E-24 kr73 
   36  74  1.599312E-23 kr74 
   36  75  3.168002E-25 kr75 
   36  76  1.061554E-24 kr76 
   36  77  5.923904E-26 kr77 
   36  78  6.098472E-25 kr78 
   36  79  1.380091E-27 kr79 
   36  80  3.236059E-27 kr80 
   36  81  1.508695E-28 kr81 
   36  82  1.719738E-28 kr82 
   36  83  8.683124E-29 kr83 
   36  84  1.349913E-28 kr84 
   36  85  8.647087E-29 kr85 
   36  86  5.357737E-27 kr86 
   36  87  7.534253E-30 kr87 
   37  73  4.486439E-30 rb73 
   37  74  2.528822E-28 rb74 
   37  75  7.373863E-27 rb75 
   37  76  9.525980E-28 rb76 
   37  77  8.783738E-27 rb77 
   37  78  6.699888E-28 rb78 
   37  79  1.049072E-25 rb79 
   37  80  4.507175E-28 rb80 
   37  81  8.029644E-27 rb81 
   37  82  1.015068E-28 rb82 
   37  83  3.469359E-28 rb83 
   37  84  1.840845E-28 rb84 
   37  85  2.415078E-26 rb85 
   38  74  7.738824E-31 sr74 
   38  75  3.275961E-30 sr75 
   38  76  7.771722E-28 sr76 
   38  77  2.150634E-28 sr77 
   38  78  3.018840E-27 sr78 
   38  79  6.839316E-27 sr79 
   38  80  4.371907E-25 sr80 
   38  81  4.094665E-26 sr81 
   38  82  8.254177E-25 sr82 
   38  83  6.449471E-27 sr83 
   38  84  3.132876E-26 sr84 
   39  75  4.446456E-32 y75  
   39  76  4.673574E-32 y76  
   39  77  7.170372E-32 y77  
   39  78  1.561621E-30 y78  
   39  79  4.475699E-30 y79  
   39  80  5.343429E-27 y80  
   39  81  1.767632E-27 y81  
   39  82  5.414860E-28 y82  
   39  83  6.273140E-26 y83  
   39  84  9.621931E-28 y84  
   39  85  2.901978E-26 y85  
   39  86  1.268392E-28 y86  
   39  87  9.755546E-29 y87  
   40  78  1.939416E-31 zr78 
   40  79  4.752548E-31 zr79 
   40  80  4.579565E-29 zr80 
   40  81  1.358839E-30 zr81 
   40  82  5.878328E-28 zr82 
   40  83  1.462832E-27 zr83 
   40  84  2.234682E-26 zr84 
   40  85  9.343124E-27 zr85 
   40  86  4.761398E-25 zr86 
   40  87  1.732235E-26 zr87 
   40  88  1.576539E-26 zr88 
   40  89  8.783891E-29 zr89 
   40  90  9.000288E-29 zr90 
   41  82  2.215901E-30 nb82 
   41  83  3.919046E-30 nb83 
   41  84  7.763021E-31 nb84 
   41  85  9.634995E-30 nb85 
   41  86  3.172411E-28 nb86 
   41  87  2.603427E-26 nb87 
   41  88  1.190434E-27 nb88 
   41  89  7.124916E-27 nb89 
   41  90  1.744865E-28 nb90 
   42  83  1.528408E-31 mo83 
   42  84  4.073951E-30 mo84 
   42  85  2.543350E-30 mo85 
   42  86  1.604910E-29 mo86 
   42  87  1.016296E-28 mo87 
   42  88  5.673093E-27 mo88 
   42  89  4.957413E-27 mo89 
   42  90  3.939571E-26 mo90 
   43  89  4.593845E-30 tc89 
   43  90  1.611832E-29 tc90 
   43  91  4.202411E-28 tc91 
    0   1  3.252432E-12 neut 
    1   1  1.523842E-03 prot 
    2   4  2.161311E-04 he4  
