                           time                     pos                     vel                    temp                     den                    pres                    ener                    entr                      cs
      1  1.0175522000000001E-04  0.0000000000000000E+00  0.0000000000000000E+00  6.882481E+08  2.126781E+09  1.327946E+27  1.655443E+18  6.058707E+07  9.139048E+08  1.371429E+01  2.022900E-26
      2  1.0175522001017553E-04  0.0000000000000000E+00  0.0000000000000000E+00  6.882481E+08  2.126781E+09  1.327946E+27  1.655443E+18  6.058707E+07  9.139048E+08  1.371429E+01  2.022900E-26
      3  1.0175522003052657E-04  0.0000000000000000E+00  0.0000000000000000E+00  6.882481E+08  2.126781E+09  1.327946E+27  1.655443E+18  6.058707E+07  9.139048E+08  1.371429E+01  2.022901E-26
      4  1.0175522007122866E-04  0.0000000000000000E+00  0.0000000000000000E+00  6.882481E+08  2.126781E+09  1.327946E+27  1.655443E+18  6.058707E+07  9.139048E+08  1.371429E+01  2.022902E-26
      5  1.0175522015263284E-04  0.0000000000000000E+00  0.0000000000000000E+00  6.882481E+08  2.126781E+09  1.327946E+27  1.655443E+18  6.058707E+07  9.139048E+08  1.371429E+01  2.022904E-26
      6  1.0175522031544119E-04  0.0000000000000000E+00  0.0000000000000000E+00  6.882481E+08  2.126781E+09  1.327946E+27  1.655443E+18  6.058707E+07  9.139048E+08  1.371429E+01  2.022908E-26
      7  1.0175522064105789E-04  0.0000000000000000E+00  0.0000000000000000E+00  6.882481E+08  2.126781E+09  1.327946E+27  1.655443E+18  6.058707E+07  9.139048E+08  1.371429E+01  2.022916E-26
      8  1.0175522129229130E-04  0.0000000000000000E+00  0.0000000000000000E+00  6.882481E+08  2.126781E+09  1.327946E+27  1.655443E+18  6.058707E+07  9.139048E+08  1.371429E+01  2.022932E-26
      9  1.0175522259475811E-04  0.0000000000000000E+00  0.0000000000000000E+00  6.882481E+08  2.126781E+09  1.327946E+27  1.655443E+18  6.058707E+07  9.139048E+08  1.371429E+01  2.022964E-26
     10  1.0175522519969174E-04  0.0000000000000000E+00  0.0000000000000000E+00  6.882481E+08  2.126781E+09  1.327946E+27  1.655443E+18  6.058707E+07  9.139048E+08  1.371429E+01  2.023027E-26
     11  1.0175523040955900E-04  0.0000000000000000E+00  0.0000000000000000E+00  6.882481E+08  2.126781E+09  1.327946E+27  1.655443E+18  6.058707E+07  9.139048E+08  1.371429E+01  2.023155E-26
     12  1.0175524082929354E-04  0.0000000000000000E+00  0.0000000000000000E+00  6.882481E+08  2.126781E+09  1.327946E+27  1.655443E+18  6.058707E+07  9.139048E+08  1.371429E+01  2.023411E-26
     13  1.0175526166876259E-04  0.0000000000000000E+00  0.0000000000000000E+00  6.882481E+08  2.126781E+09  1.327946E+27  1.655443E+18  6.058707E+07  9.139048E+08  1.371429E+01  2.023922E-26
     14  1.0175530334770070E-04  0.0000000000000000E+00  0.0000000000000000E+00  6.882481E+08  2.126781E+09  1.327946E+27  1.655443E+18  6.058707E+07  9.139048E+08  1.371429E+01  2.024943E-26
     15  1.0175538670557692E-04  0.0000000000000000E+00  0.0000000000000000E+00  6.882481E+08  2.126781E+09  1.327946E+27  1.655443E+18  6.058707E+07  9.139048E+08  1.371429E+01  2.026987E-26
     16  1.0175555342132937E-04  0.0000000000000000E+00  0.0000000000000000E+00  6.882481E+08  2.126781E+09  1.327946E+27  1.655443E+18  6.058707E+07  9.139048E+08  1.371429E+01  2.031074E-26
     17  1.0175588685283427E-04  0.0000000000000000E+00  0.0000000000000000E+00  6.882481E+08  2.126781E+09  1.327946E+27  1.655443E+18  6.058707E+07  9.139048E+08  1.371429E+01  2.039249E-26
     18  1.0175655371584406E-04  0.0000000000000000E+00  0.0000000000000000E+00  6.882481E+08  2.126781E+09  1.327946E+27  1.655443E+18  6.058707E+07  9.139048E+08  1.371429E+01  2.055605E-26
     19  1.0175788744186364E-04  0.0000000000000000E+00  0.0000000000000000E+00  6.882481E+08  2.126781E+09  1.327946E+27  1.655443E+18  6.058707E+07  9.139048E+08  1.371429E+01  2.088320E-26
     20  1.0176055489390281E-04  0.0000000000000000E+00  0.0000000000000000E+00  6.882481E+08  2.126781E+09  1.327946E+27  1.655443E+18  6.058707E+07  9.139048E+08  1.371429E+01  2.153694E-26
     21  1.0176588979798114E-04  0.0000000000000000E+00  0.0000000000000000E+00  6.882481E+08  2.126781E+09  1.327946E+27  1.655443E+18  6.058707E+07  9.139048E+08  1.371429E+01  2.282486E-26
     22  1.0177655960613782E-04  0.0000000000000000E+00  0.0000000000000000E+00  6.882481E+08  2.126781E+09  1.327946E+27  1.655443E+18  6.058707E+07  9.139048E+08  1.371429E+01  2.526213E-26
     23  1.0179789922245117E-04  0.0000000000000000E+00  0.0000000000000000E+00  6.882481E+08  2.126781E+09  1.327946E+27  1.655443E+18  6.058707E+07  9.139048E+08  1.371429E+01  2.950202E-26
     24  1.0184057845507785E-04  0.0000000000000000E+00  0.0000000000000000E+00  6.882481E+08  2.126781E+09  1.327946E+27  1.655443E+18  6.058707E+07  9.139048E+08  1.371429E+01  3.603667E-26
     25  1.0192593692033123E-04  0.0000000000000000E+00  0.0000000000000000E+00  6.882481E+08  2.126781E+09  1.327946E+27  1.655443E+18  6.058707E+07  9.139048E+08  1.371429E+01  4.498230E-26
     26  1.0209665385083798E-04  0.0000000000000000E+00  0.0000000000000000E+00  6.882481E+08  2.126781E+09  1.327946E+27  1.655443E+18  6.058707E+07  9.139048E+08  1.371429E+01  5.616659E-26
     27  1.0243808771185149E-04  0.0000000000000000E+00  0.0000000000000000E+00  6.882481E+08  2.126781E+09  1.327946E+27  1.655443E+18  6.058707E+07  9.139048E+08  1.371429E+01  6.923236E-26
     28  1.0312095543387850E-04  0.0000000000000000E+00  0.0000000000000000E+00  6.882481E+08  2.126781E+09  1.327946E+27  1.655443E+18  6.058707E+07  9.139048E+08  1.371429E+01  8.381513E-26
     29  1.0448669087793252E-04  0.0000000000000000E+00  0.0000000000000000E+00  6.882481E+08  2.126781E+09  1.327946E+27  1.655443E+18  6.058707E+07  9.139048E+08  1.371429E+01  9.972487E-26
     30  1.0721816176604055E-04  0.0000000000000000E+00  0.0000000000000000E+00  6.882482E+08  2.126781E+09  1.327946E+27  1.655443E+18  6.058707E+07  9.139048E+08  1.371429E+01  1.169570E-25
     31  1.1268110354225661E-04  0.0000000000000000E+00  0.0000000000000000E+00  6.882482E+08  2.126781E+09  1.327946E+27  1.655443E+18  6.058707E+07  9.139048E+08  1.371429E+01  1.355974E-25
     32  1.2360698709468874E-04  0.0000000000000000E+00  0.0000000000000000E+00  6.882484E+08  2.126781E+09  1.327946E+27  1.655443E+18  6.058708E+07  9.139048E+08  1.371429E+01  1.557432E-25
     33  1.4545875419955299E-04  0.0000000000000000E+00  0.0000000000000000E+00  6.882486E+08  2.126781E+09  1.327947E+27  1.655443E+18  6.058708E+07  9.139048E+08  1.371429E+01  1.774626E-25
     34  1.8916228840928150E-04  0.0000000000000000E+00  0.0000000000000000E+00  6.882492E+08  2.126782E+09  1.327947E+27  1.655443E+18  6.058709E+07  9.139049E+08  1.371429E+01  2.007740E-25
     35  2.7656935682873854E-04  0.0000000000000000E+00  0.0000000000000000E+00  6.882503E+08  2.126783E+09  1.327948E+27  1.655443E+18  6.058712E+07  9.139050E+08  1.371429E+01  2.256594E-25
     36  4.5138349366765263E-04  0.0000000000000000E+00  0.0000000000000000E+00  6.882527E+08  2.126786E+09  1.327951E+27  1.655443E+18  6.058716E+07  9.139052E+08  1.371429E+01  2.520175E-25
     37  8.0101176734548069E-04  0.0000000000000000E+00  0.0000000000000000E+00  6.882583E+08  2.126797E+09  1.327960E+27  1.655443E+18  6.058725E+07  9.139060E+08  1.371429E+01  2.796718E-25
     38  1.5002683147011370E-03  0.0000000000000000E+00  0.0000000000000000E+00  6.882719E+08  2.126830E+09  1.327987E+27  1.655443E+18  6.058745E+07  9.139084E+08  1.371429E+01  3.083904E-25
     39  2.8987814094124497E-03  0.0000000000000000E+00  0.0000000000000000E+00  6.882923E+08  2.126858E+09  1.328011E+27  1.655443E+18  6.058784E+07  9.139106E+08  1.371429E+01  3.377388E-25
     40  5.6958075988350742E-03  0.0000000000000000E+00  0.0000000000000000E+00  6.883159E+08  2.126777E+09  1.327944E+27  1.655443E+18  6.058875E+07  9.139050E+08  1.371429E+01  3.666963E-25
     41  1.1289859977680325E-02  0.0000000000000000E+00  0.0000000000000000E+00  6.883182E+08  2.126255E+09  1.327509E+27  1.655443E+18  6.059094E+07  9.138678E+08  1.371429E+01  3.934934E-25
     42  2.1289859754162907E-02  0.0000000000000000E+00  0.0000000000000000E+00  6.874462E+08  2.120261E+09  1.322495E+27  1.655443E+18  6.059397E+07  9.134333E+08  1.371430E+01  4.177150E-25
     43  3.1289859530645489E-02  0.0000000000000000E+00  0.0000000000000000E+00  6.874698E+08  2.119620E+09  1.321961E+27  1.655443E+18  6.059717E+07  9.133877E+08  1.371430E+01  4.443666E-25
     44  4.1289859307128071E-02  0.0000000000000000E+00  0.0000000000000000E+00  6.875772E+08  2.119262E+09  1.321665E+27  1.655444E+18  6.060128E+07  9.133628E+08  1.371430E+01  4.725027E-25
     45  5.1289859083610653E-02  0.0000000000000000E+00  0.0000000000000000E+00  6.876276E+08  2.118477E+09  1.321012E+27  1.655444E+18  6.060574E+07  9.133069E+08  1.371431E+01  5.014330E-25
     46  6.1289858860093235E-02  0.0000000000000000E+00  0.0000000000000000E+00  6.876133E+08  2.117180E+09  1.319931E+27  1.655444E+18  6.061071E+07  9.132140E+08  1.371431E+01  5.307706E-25
     47  7.1289858636575817E-02  0.0000000000000000E+00  0.0000000000000000E+00  6.876896E+08  2.116618E+09  1.319464E+27  1.655444E+18  6.061489E+07  9.131743E+08  1.371432E+01  5.603355E-25
     48  8.1289858413058400E-02  0.0000000000000000E+00  0.0000000000000000E+00  6.878078E+08  2.116474E+09  1.319347E+27  1.655444E+18  6.061838E+07  9.131648E+08  1.371432E+01  5.900287E-25
     49  9.1289858189540982E-02  0.0000000000000000E+00  0.0000000000000000E+00  6.879199E+08  2.116599E+09  1.319453E+27  1.655444E+18  6.062062E+07  9.131746E+08  1.371433E+01  6.197809E-25
     50  1.0128985796602356E-01  0.0000000000000000E+00  0.0000000000000000E+00  6.879666E+08  2.116706E+09  1.319542E+27  1.655444E+18  6.062132E+07  9.131825E+08  1.371433E+01  6.495590E-25
     51  1.1128985774250615E-01  0.0000000000000000E+00  0.0000000000000000E+00  6.875585E+08  2.114798E+09  1.317946E+27  1.655445E+18  6.061908E+07  9.130429E+08  1.371433E+01  6.792977E-25
     52  1.2128985751898873E-01  0.0000000000000000E+00  0.0000000000000000E+00  6.873860E+08  2.115049E+09  1.318152E+27  1.655445E+18  6.061377E+07  9.130597E+08  1.371434E+01  7.090258E-25
     53  1.3128985729547132E-01  0.0000000000000000E+00  0.0000000000000000E+00  6.876903E+08  2.119211E+09  1.321624E+27  1.655445E+18  6.060415E+07  9.133599E+08  1.371434E+01  7.388450E-25
     54  1.4128985707195391E-01  0.0000000000000000E+00  0.0000000000000000E+00  6.870545E+08  2.118523E+09  1.321040E+27  1.655445E+18  6.059125E+07  9.133062E+08  1.371435E+01  7.685593E-25
     55  1.5128985684843649E-01  0.0000000000000000E+00  0.0000000000000000E+00  6.861319E+08  2.117973E+09  1.320565E+27  1.655445E+18  6.057068E+07  9.132602E+08  1.371435E+01  7.981842E-25
     56  1.6128985662491907E-01  0.0000000000000000E+00  0.0000000000000000E+00  6.851043E+08  2.117938E+09  1.320516E+27  1.655445E+18  6.054536E+07  9.132503E+08  1.371436E+01  8.277692E-25
     57  1.7128985640140165E-01  0.0000000000000000E+00  0.0000000000000000E+00  6.838143E+08  2.117847E+09  1.320417E+27  1.655445E+18  6.051373E+07  9.132347E+08  1.371436E+01  8.572905E-25
     58  1.8128985617788423E-01  0.0000000000000000E+00  0.0000000000000000E+00  6.822090E+08  2.117879E+09  1.320414E+27  1.655446E+18  6.047371E+07  9.132255E+08  1.371436E+01  8.867289E-25
     59  1.9128985595436682E-01  0.0000000000000000E+00  0.0000000000000000E+00  6.802214E+08  2.117779E+09  1.320294E+27  1.655446E+18  6.042462E+07  9.132042E+08  1.371437E+01  9.160642E-25
     60  2.0128985573084940E-01  0.0000000000000000E+00  0.0000000000000000E+00  6.778069E+08  2.117838E+09  1.320299E+27  1.655446E+18  6.036409E+07  9.131913E+08  1.371437E+01  9.452688E-25
     61  2.1128985550733198E-01  0.0000000000000000E+00  0.0000000000000000E+00  6.748555E+08  2.117225E+09  1.319734E+27  1.655446E+18  6.029268E+07  9.131264E+08  1.371437E+01  9.743244E-25
     62  2.2128985528381456E-01  0.0000000000000000E+00  0.0000000000000000E+00  6.713539E+08  2.117019E+09  1.319498E+27  1.655446E+18  6.020547E+07  9.130867E+08  1.371438E+01  1.003201E-24
     63  2.3128985506029714E-01  0.0000000000000000E+00  0.0000000000000000E+00  6.671620E+08  2.116340E+09  1.318855E+27  1.655446E+18  6.010234E+07  9.130083E+08  1.371438E+01  1.031874E-24
     64  2.4128985483677973E-01  0.0000000000000000E+00  0.0000000000000000E+00  6.621222E+08  2.115640E+09  1.318179E+27  1.655446E+18  5.997714E+07  9.129222E+08  1.371438E+01  1.060291E-24
     65  2.5128985461326231E-01  0.0000000000000000E+00  0.0000000000000000E+00  6.561372E+08  2.115134E+09  1.317649E+27  1.655446E+18  5.982607E+07  9.128435E+08  1.371438E+01  1.088411E-24
     66  2.6128985438974489E-01  0.0000000000000000E+00  0.0000000000000000E+00  6.490311E+08  2.114262E+09  1.316792E+27  1.655446E+18  5.964628E+07  9.127305E+08  1.371438E+01  1.116193E-24
     67  2.7128985416622747E-01  0.0000000000000000E+00  0.0000000000000000E+00  6.407596E+08  2.113442E+09  1.315959E+27  1.655446E+18  5.943407E+07  9.126130E+08  1.371438E+01  1.143580E-24
     68  2.8128985394271006E-01  0.0000000000000000E+00  0.0000000000000000E+00  6.408655E+08  2.111848E+09  1.314635E+27  1.655446E+18  5.944336E+07  9.124993E+08  1.371438E+01  1.171234E-24
     69  2.9128985371919264E-01  0.0000000000000000E+00  0.0000000000000000E+00  6.454043E+08  2.110181E+09  1.313331E+27  1.655446E+18  5.956875E+07  9.124118E+08  1.371439E+01  1.200276E-24
     70  3.0128985349567522E-01  0.0000000000000000E+00  0.0000000000000000E+00  6.499342E+08  2.108228E+09  1.311790E+27  1.655446E+18  5.969439E+07  9.123036E+08  1.371439E+01  1.229431E-24
     71  3.1128985327215780E-01  0.0000000000000000E+00  0.0000000000000000E+00  6.541138E+08  2.104955E+09  1.309145E+27  1.655446E+18  5.981579E+07  9.120978E+08  1.371439E+01  1.258656E-24
     72  3.2128985304864038E-01  0.0000000000000000E+00  0.0000000000000000E+00  6.584291E+08  2.102352E+09  1.307061E+27  1.655446E+18  5.993736E+07  9.119410E+08  1.371439E+01  1.287980E-24
     73  3.3128985282512297E-01  0.0000000000000000E+00  0.0000000000000000E+00  6.626774E+08  2.100372E+09  1.305494E+27  1.655447E+18  6.005407E+07  9.118285E+08  1.371439E+01  1.317444E-24
     74  3.4128985260160555E-01  0.0000000000000000E+00  0.0000000000000000E+00  6.663482E+08  2.096283E+09  1.302166E+27  1.655447E+18  6.016431E+07  9.115596E+08  1.371439E+01  1.346982E-24
     75  3.5128985237808813E-01  0.0000000000000000E+00  0.0000000000000000E+00  6.695868E+08  2.092064E+09  1.298724E+27  1.655447E+18  6.026380E+07  9.112777E+08  1.371440E+01  1.376490E-24
     76  3.6128985215457071E-01  0.0000000000000000E+00  0.0000000000000000E+00  6.735928E+08  2.093810E+09  1.300244E+27  1.655447E+18  6.035754E+07  9.114325E+08  1.371440E+01  1.406244E-24
     77  3.7128985193105329E-01  0.0000000000000000E+00  0.0000000000000000E+00  6.797831E+08  2.090240E+09  1.297396E+27  1.655447E+18  6.052745E+07  9.112184E+08  1.371440E+01  1.436319E-24
     78  3.8128985170753588E-01  0.0000000000000000E+00  0.0000000000000000E+00  6.813173E+08  2.079306E+09  1.288363E+27  1.655447E+18  6.061135E+07  9.104360E+08  1.371440E+01  1.466172E-24
     79  3.9128985148401846E-01  0.0000000000000000E+00  0.0000000000000000E+00  6.842269E+08  2.079154E+09  1.288290E+27  1.655447E+18  6.068435E+07  9.104458E+08  1.371441E+01  1.495922E-24
     80  4.0128985126050104E-01  0.0000000000000000E+00  0.0000000000000000E+00  6.904744E+08  2.080368E+09  1.289409E+27  1.655447E+18  6.083382E+07  9.105788E+08  1.371441E+01  1.526499E-24
     81  4.1128985103698362E-01  0.0000000000000000E+00  0.0000000000000000E+00  6.956762E+08  2.069378E+09  1.280410E+27  1.655447E+18  6.100785E+07  9.098156E+08  1.371442E+01  1.557148E-24
     82  4.2128985081346620E-01  0.0000000000000000E+00  0.0000000000000000E+00  7.144999E+08  2.056958E+09  1.270491E+27  1.655448E+18  6.151685E+07  9.090420E+08  1.371442E+01  1.589939E-24
     83  4.3128985058994879E-01  0.0000000000000000E+00  0.0000000000000000E+00  7.427916E+08  2.056024E+09  1.270231E+27  1.655448E+18  6.218892E+07  9.091772E+08  1.371444E+01  1.625144E-24
     84  4.4128985036643137E-01  0.0000000000000000E+00  0.0000000000000000E+00  7.763336E+08  2.057870E+09  1.272365E+27  1.655450E+18  6.294718E+07  9.095551E+08  1.371448E+01  1.661550E-24
     85  4.4128985136643134E-01  0.0000000000000000E+00  0.0000000000000000E+00  7.763336E+08  2.057870E+09  1.272365E+27  1.655450E+18  6.294718E+07  9.095551E+08  1.371448E+01  1.661960E-24
     86  4.4128985336643128E-01  0.0000000000000000E+00  0.0000000000000000E+00  7.763336E+08  2.057870E+09  1.272365E+27  1.655450E+18  6.294718E+07  9.095551E+08  1.371448E+01  1.662778E-24
     87  4.4128985736643117E-01  0.0000000000000000E+00  0.0000000000000000E+00  7.763336E+08  2.057870E+09  1.272365E+27  1.655450E+18  6.294718E+07  9.095551E+08  1.371448E+01  1.664380E-24
     88  4.4128986536643100E-01  0.0000000000000000E+00  0.0000000000000000E+00  7.763336E+08  2.057870E+09  1.272365E+27  1.655450E+18  6.294719E+07  9.095551E+08  1.371448E+01  1.667365E-24
     89  4.4128988136643066E-01  0.0000000000000000E+00  0.0000000000000000E+00  7.763337E+08  2.057870E+09  1.272365E+27  1.655450E+18  6.294719E+07  9.095551E+08  1.371448E+01  1.672424E-24
     90  4.4128991336642992E-01  0.0000000000000000E+00  0.0000000000000000E+00  7.763338E+08  2.057870E+09  1.272365E+27  1.655450E+18  6.294719E+07  9.095551E+08  1.371448E+01  1.679995E-24
     91  4.4128997736642850E-01  0.0000000000000000E+00  0.0000000000000000E+00  7.763340E+08  2.057870E+09  1.272365E+27  1.655450E+18  6.294719E+07  9.095551E+08  1.371448E+01  1.690111E-24
     92  4.4129010536642566E-01  0.0000000000000000E+00  0.0000000000000000E+00  7.763345E+08  2.057870E+09  1.272365E+27  1.655450E+18  6.294720E+07  9.095551E+08  1.371448E+01  1.702506E-24
     93  4.4129036136641991E-01  0.0000000000000000E+00  0.0000000000000000E+00  7.763354E+08  2.057870E+09  1.272365E+27  1.655450E+18  6.294723E+07  9.095551E+08  1.371448E+01  1.716823E-24
     94  4.4129087336640849E-01  0.0000000000000000E+00  0.0000000000000000E+00  7.763373E+08  2.057870E+09  1.272365E+27  1.655450E+18  6.294727E+07  9.095551E+08  1.371448E+01  1.732831E-24
     95  4.4129189736638558E-01  0.0000000000000000E+00  0.0000000000000000E+00  7.763410E+08  2.057870E+09  1.272365E+27  1.655450E+18  6.294735E+07  9.095552E+08  1.371448E+01  1.750471E-24
     96  4.4129394536633981E-01  0.0000000000000000E+00  0.0000000000000000E+00  7.763484E+08  2.057870E+09  1.272365E+27  1.655450E+18  6.294752E+07  9.095552E+08  1.371448E+01  1.769782E-24
     97  4.4129804136624828E-01  0.0000000000000000E+00  0.0000000000000000E+00  7.763633E+08  2.057870E+09  1.272365E+27  1.655450E+18  6.294785E+07  9.095553E+08  1.371448E+01  1.790823E-24
     98  4.4130623336606517E-01  0.0000000000000000E+00  0.0000000000000000E+00  7.763930E+08  2.057869E+09  1.272364E+27  1.655450E+18  6.294853E+07  9.095554E+08  1.371448E+01  1.813634E-24
     99  4.4132261736569894E-01  0.0000000000000000E+00  0.0000000000000000E+00  7.764525E+08  2.057867E+09  1.272364E+27  1.655450E+18  6.294987E+07  9.095558E+08  1.371448E+01  1.838194E-24
    100  4.4135538536496655E-01  0.0000000000000000E+00  0.0000000000000000E+00  7.765715E+08  2.057865E+09  1.272364E+27  1.655450E+18  6.295255E+07  9.095564E+08  1.371448E+01  1.864409E-24
    101  4.4142092136350169E-01  0.0000000000000000E+00  0.0000000000000000E+00  7.768094E+08  2.057859E+09  1.272364E+27  1.655450E+18  6.295791E+07  9.095577E+08  1.371448E+01  1.892122E-24
    102  4.4155199336057199E-01  0.0000000000000000E+00  0.0000000000000000E+00  7.772759E+08  2.057832E+09  1.272350E+27  1.655450E+18  6.296849E+07  9.095592E+08  1.371448E+01  1.921177E-24
    103  4.4181413735471264E-01  0.0000000000000000E+00  0.0000000000000000E+00  7.782083E+08  2.057778E+09  1.272323E+27  1.655450E+18  6.298962E+07  9.095620E+08  1.371448E+01  1.951449E-24
    104  4.4233842534299389E-01  0.0000000000000000E+00  0.0000000000000000E+00  7.800699E+08  2.057654E+09  1.272254E+27  1.655450E+18  6.303183E+07  9.095663E+08  1.371449E+01  1.982837E-24
    105  4.4338700131955638E-01  0.0000000000000000E+00  0.0000000000000000E+00  8.119532E+08  2.060282E+09  1.275009E+27  1.655450E+18  6.372251E+07  9.099905E+08  1.371449E+01  2.015645E-24
    106  4.4338700152927157E-01  0.0000000000000000E+00  0.0000000000000000E+00  8.119532E+08  2.060282E+09  1.275009E+27  1.655450E+18  6.372251E+07  9.099905E+08  1.371449E+01  2.015750E-24
    107  4.4338700194870195E-01  0.0000000000000000E+00  0.0000000000000000E+00  8.119532E+08  2.060282E+09  1.275009E+27  1.655450E+18  6.372251E+07  9.099905E+08  1.371449E+01  2.015959E-24
    108  4.4338700278756271E-01  0.0000000000000000E+00  0.0000000000000000E+00  8.119533E+08  2.060282E+09  1.275009E+27  1.655450E+18  6.372251E+07  9.099905E+08  1.371449E+01  2.016377E-24
    109  4.4338700446528428E-01  0.0000000000000000E+00  0.0000000000000000E+00  8.119535E+08  2.060282E+09  1.275009E+27  1.655450E+18  6.372252E+07  9.099905E+08  1.371449E+01  2.017211E-24
    110  4.4338700782072743E-01  0.0000000000000000E+00  0.0000000000000000E+00  8.119539E+08  2.060282E+09  1.275009E+27  1.655450E+18  6.372253E+07  9.099905E+08  1.371449E+01  2.018843E-24
    111  4.4338701453161367E-01  0.0000000000000000E+00  0.0000000000000000E+00  8.119546E+08  2.060282E+09  1.275009E+27  1.655450E+18  6.372254E+07  9.099905E+08  1.371449E+01  2.021889E-24
    112  4.4338702795338619E-01  0.0000000000000000E+00  0.0000000000000000E+00  8.119561E+08  2.060283E+09  1.275009E+27  1.655450E+18  6.372257E+07  9.099905E+08  1.371449E+01  2.027056E-24
    113  4.4338705479693119E-01  0.0000000000000000E+00  0.0000000000000000E+00  8.119592E+08  2.060283E+09  1.275010E+27  1.655450E+18  6.372264E+07  9.099905E+08  1.371449E+01  2.034802E-24
    114  4.4338710848402119E-01  0.0000000000000000E+00  0.0000000000000000E+00  8.119652E+08  2.060284E+09  1.275010E+27  1.655450E+18  6.372277E+07  9.099906E+08  1.371449E+01  2.045158E-24
    115  4.4338721585820118E-01  0.0000000000000000E+00  0.0000000000000000E+00  8.119773E+08  2.060285E+09  1.275012E+27  1.655450E+18  6.372302E+07  9.099908E+08  1.371449E+01  2.057857E-24
    116  4.4338743060656116E-01  0.0000000000000000E+00  0.0000000000000000E+00  8.120014E+08  2.060287E+09  1.275014E+27  1.655450E+18  6.372353E+07  9.099912E+08  1.371449E+01  2.072560E-24
    117  4.4338786010328118E-01  0.0000000000000000E+00  0.0000000000000000E+00  8.120497E+08  2.060292E+09  1.275019E+27  1.655450E+18  6.372456E+07  9.099919E+08  1.371449E+01  2.089071E-24
    118  4.4338871909672117E-01  0.0000000000000000E+00  0.0000000000000000E+00  8.121463E+08  2.060302E+09  1.275029E+27  1.655450E+18  6.372661E+07  9.099933E+08  1.371449E+01  2.107343E-24
    119  4.4339043708360115E-01  0.0000000000000000E+00  0.0000000000000000E+00  8.123394E+08  2.060322E+09  1.275049E+27  1.655450E+18  6.373071E+07  9.099962E+08  1.371449E+01  2.127418E-24
    120  4.4339387305736117E-01  0.0000000000000000E+00  0.0000000000000000E+00  8.127257E+08  2.060362E+09  1.275089E+27  1.655450E+18  6.373891E+07  9.100019E+08  1.371449E+01  2.149348E-24
    121  4.4340074500488119E-01  0.0000000000000000E+00  0.0000000000000000E+00  8.134983E+08  2.060441E+09  1.275169E+27  1.655450E+18  6.375530E+07  9.100133E+08  1.371449E+01  2.173156E-24
    122  4.4341448889992119E-01  0.0000000000000000E+00  0.0000000000000000E+00  8.150435E+08  2.060601E+09  1.275329E+27  1.655450E+18  6.378803E+07  9.100362E+08  1.371450E+01  2.198835E-24
    123  4.4344197669000118E-01  0.0000000000000000E+00  0.0000000000000000E+00  8.181339E+08  2.060919E+09  1.275649E+27  1.655450E+18  6.385336E+07  9.100820E+08  1.371450E+01  2.226344E-24
    124  4.4349695227016117E-01  0.0000000000000000E+00  0.0000000000000000E+00  8.243147E+08  2.061556E+09  1.276289E+27  1.655450E+18  6.398343E+07  9.101737E+08  1.371450E+01  2.255718E-24
    125  4.4360690343048115E-01  0.0000000000000000E+00  0.0000000000000000E+00  8.366762E+08  2.062829E+09  1.277570E+27  1.655450E+18  6.424127E+07  9.103569E+08  1.371450E+01  2.287282E-24
    126  4.4382680575112116E-01  0.0000000000000000E+00  0.0000000000000000E+00  8.613993E+08  2.065375E+09  1.280135E+27  1.655451E+18  6.474811E+07  9.107237E+08  1.371451E+01  2.321976E-24
    127  4.4382680581659739E-01  0.0000000000000000E+00  0.0000000000000000E+00  8.613993E+08  2.065375E+09  1.280135E+27  1.655451E+18  6.474811E+07  9.107237E+08  1.371451E+01  2.322018E-24
    128  4.4382680594754986E-01  0.0000000000000000E+00  0.0000000000000000E+00  8.613994E+08  2.065375E+09  1.280135E+27  1.655451E+18  6.474811E+07  9.107237E+08  1.371451E+01  2.322103E-24
    129  4.4382680620945475E-01  0.0000000000000000E+00  0.0000000000000000E+00  8.613994E+08  2.065375E+09  1.280135E+27  1.655451E+18  6.474811E+07  9.107237E+08  1.371451E+01  2.322272E-24
    130  4.4382680673326452E-01  0.0000000000000000E+00  0.0000000000000000E+00  8.613994E+08  2.065375E+09  1.280135E+27  1.655451E+18  6.474811E+07  9.107237E+08  1.371451E+01  2.322610E-24
    131  4.4382680778088412E-01  0.0000000000000000E+00  0.0000000000000000E+00  8.613996E+08  2.065375E+09  1.280135E+27  1.655451E+18  6.474811E+07  9.107238E+08  1.371451E+01  2.323286E-24
    132  4.4382680987612333E-01  0.0000000000000000E+00  0.0000000000000000E+00  8.613998E+08  2.065375E+09  1.280135E+27  1.655451E+18  6.474812E+07  9.107238E+08  1.371451E+01  2.324623E-24
    133  4.4382681406660174E-01  0.0000000000000000E+00  0.0000000000000000E+00  8.614003E+08  2.065375E+09  1.280135E+27  1.655451E+18  6.474813E+07  9.107238E+08  1.371451E+01  2.327170E-24
    134  4.4382682244755856E-01  0.0000000000000000E+00  0.0000000000000000E+00  8.614012E+08  2.065375E+09  1.280135E+27  1.655451E+18  6.474815E+07  9.107238E+08  1.371451E+01  2.331668E-24
    135  4.4382683920947219E-01  0.0000000000000000E+00  0.0000000000000000E+00  8.614031E+08  2.065376E+09  1.280135E+27  1.655451E+18  6.474818E+07  9.107238E+08  1.371451E+01  2.338724E-24
    136  4.4382687273329946E-01  0.0000000000000000E+00  0.0000000000000000E+00  8.614069E+08  2.065376E+09  1.280135E+27  1.655451E+18  6.474826E+07  9.107239E+08  1.371451E+01  2.348514E-24
    137  4.4382693978095400E-01  0.0000000000000000E+00  0.0000000000000000E+00  8.614144E+08  2.065377E+09  1.280136E+27  1.655451E+18  6.474841E+07  9.107240E+08  1.371451E+01  2.360857E-24
    138  4.4382707387626308E-01  0.0000000000000000E+00  0.0000000000000000E+00  8.614295E+08  2.065378E+09  1.280138E+27  1.655451E+18  6.474872E+07  9.107242E+08  1.371451E+01  2.375431E-24
    139  4.4382734206688124E-01  0.0000000000000000E+00  0.0000000000000000E+00  8.614596E+08  2.065381E+09  1.280141E+27  1.655451E+18  6.474933E+07  9.107246E+08  1.371451E+01  2.392018E-24
    140  4.4382787844811755E-01  0.0000000000000000E+00  0.0000000000000000E+00  8.615199E+08  2.065388E+09  1.280147E+27  1.655451E+18  6.475055E+07  9.107255E+08  1.371451E+01  2.410538E-24
    141  4.4382895121059018E-01  0.0000000000000000E+00  0.0000000000000000E+00  8.616405E+08  2.065400E+09  1.280160E+27  1.655451E+18  6.475300E+07  9.107273E+08  1.371451E+01  2.431000E-24
    142  4.4383109673553539E-01  0.0000000000000000E+00  0.0000000000000000E+00  8.618818E+08  2.065425E+09  1.280185E+27  1.655451E+18  6.475788E+07  9.107309E+08  1.371451E+01  2.453434E-24
    143  4.4383538778542586E-01  0.0000000000000000E+00  0.0000000000000000E+00  8.623642E+08  2.065475E+09  1.280235E+27  1.655451E+18  6.476766E+07  9.107381E+08  1.371451E+01  2.477822E-24
    144  4.4384396988520680E-01  0.0000000000000000E+00  0.0000000000000000E+00  8.633291E+08  2.065574E+09  1.280335E+27  1.655451E+18  6.478719E+07  9.107524E+08  1.371451E+01  2.504087E-24
    145  4.4386113408476868E-01  0.0000000000000000E+00  0.0000000000000000E+00  8.652588E+08  2.065773E+09  1.280535E+27  1.655451E+18  6.482620E+07  9.107810E+08  1.371451E+01  2.532113E-24
    146  4.4389546248389244E-01  0.0000000000000000E+00  0.0000000000000000E+00  8.691182E+08  2.066170E+09  1.280936E+27  1.655451E+18  6.490402E+07  9.108383E+08  1.371452E+01  2.561850E-24
    147  4.4396411928213991E-01  0.0000000000000000E+00  0.0000000000000000E+00  8.768372E+08  2.066965E+09  1.281738E+27  1.655451E+18  6.505885E+07  9.109530E+08  1.371452E+01  2.593419E-24
    148  4.4396414988096611E-01  0.0000000000000000E+00  0.0000000000000000E+00  8.768406E+08  2.066966E+09  1.281739E+27  1.655451E+18  6.505892E+07  9.109530E+08  1.371452E+01  2.603216E-24
    149  4.4396421107861844E-01  0.0000000000000000E+00  0.0000000000000000E+00  8.768475E+08  2.066966E+09  1.281739E+27  1.655451E+18  6.505906E+07  9.109531E+08  1.371452E+01  2.615618E-24
    150  4.4396433347392311E-01  0.0000000000000000E+00  0.0000000000000000E+00  8.768613E+08  2.066968E+09  1.281741E+27  1.655451E+18  6.505934E+07  9.109533E+08  1.371452E+01  2.630300E-24
    151  4.4396457826453245E-01  0.0000000000000000E+00  0.0000000000000000E+00  8.768888E+08  2.066971E+09  1.281744E+27  1.655451E+18  6.505989E+07  9.109537E+08  1.371452E+01  2.647050E-24
    152  4.4396506784575118E-01  0.0000000000000000E+00  0.0000000000000000E+00  8.769438E+08  2.066976E+09  1.281749E+27  1.655451E+18  6.506099E+07  9.109546E+08  1.371452E+01  2.665787E-24
    153  4.4396604700818859E-01  0.0000000000000000E+00  0.0000000000000000E+00  8.770539E+08  2.066988E+09  1.281761E+27  1.655451E+18  6.506319E+07  9.109562E+08  1.371452E+01  2.686511E-24
    154  4.4396800533306341E-01  0.0000000000000000E+00  0.0000000000000000E+00  8.772741E+08  2.067010E+09  1.281784E+27  1.655451E+18  6.506759E+07  9.109595E+08  1.371452E+01  2.709242E-24
    155  4.4397192198281304E-01  0.0000000000000000E+00  0.0000000000000000E+00  8.777144E+08  2.067056E+09  1.281829E+27  1.655451E+18  6.507638E+07  9.109660E+08  1.371452E+01  2.733946E-24
    156  4.4397975528231237E-01  0.0000000000000000E+00  0.0000000000000000E+00  8.785951E+08  2.067146E+09  1.281921E+27  1.655451E+18  6.509397E+07  9.109791E+08  1.371452E+01  2.760524E-24
    157  4.4399542188131103E-01  0.0000000000000000E+00  0.0000000000000000E+00  9.928292E+08  2.068043E+09  1.284820E+27  1.655452E+18  6.731783E+07  9.118902E+08  1.371453E+01  2.800149E-24
    158  4.4402675507930833E-01  0.0000000000000000E+00  0.0000000000000000E+00  1.248402E+09  2.070009E+09  1.291457E+27  1.655503E+18  7.170463E+07  9.139776E+08  1.371589E+01  1.811727E-23
    159  4.4402776989970782E-01  0.0000000000000000E+00  0.0000000000000000E+00  1.256679E+09  2.070073E+09  1.291676E+27  1.655513E+18  7.183540E+07  9.140463E+08  1.371616E+01  1.821770E-23
    160  4.4402918153357879E-01  0.0000000000000000E+00  0.0000000000000000E+00  1.268193E+09  2.070162E+09  1.291981E+27  1.655526E+18  7.201648E+07  9.141421E+08  1.371650E+01  1.825039E-23
    161  4.4403200480132071E-01  0.0000000000000000E+00  0.0000000000000000E+00  1.291222E+09  2.070339E+09  1.292592E+27  1.655560E+18  7.237465E+07  9.143338E+08  1.371741E+01  1.828296E-23
    162  4.4403765133680456E-01  0.0000000000000000E+00  0.0000000000000000E+00  1.337278E+09  2.070693E+09  1.293818E+27  1.655687E+18  7.307379E+07  9.147180E+08  1.372056E+01  1.829732E-23
    163  4.4404894440777221E-01  0.0000000000000000E+00  0.0000000000000000E+00  1.429391E+09  2.071402E+09  1.296266E+27  1.656584E+18  7.438101E+07  9.154826E+08  1.373891E+01  5.255880E-23
    164  4.4405079336781139E-01  0.0000000000000000E+00  0.0000000000000000E+00  1.444473E+09  2.071518E+09  1.296663E+27  1.656919E+18  7.457829E+07  9.156059E+08  1.374488E+01  5.262445E-23
    165  4.4405449128788976E-01  0.0000000000000000E+00  0.0000000000000000E+00  1.474635E+09  2.071750E+09  1.297449E+27  1.657854E+18  7.495232E+07  9.158492E+08  1.376099E+01  5.216156E-23
    166  4.4406188712804645E-01  0.0000000000000000E+00  0.0000000000000000E+00  1.534960E+09  2.072214E+09  1.298966E+27  1.661270E+18  7.558315E+07  9.163129E+08  1.381922E+01  5.102181E-23
    167  4.4406336629607779E-01  0.0000000000000000E+00  0.0000000000000000E+00  1.547025E+09  2.072307E+09  1.299255E+27  1.662299E+18  7.568357E+07  9.164001E+08  1.383686E+01  5.096450E-23
    168  4.4406632463214046E-01  0.0000000000000000E+00  0.0000000000000000E+00  1.571155E+09  2.072492E+09  1.299815E+27  1.664824E+18  7.585037E+07  9.165666E+08  1.388034E+01  5.085148E-23
    169  4.4407224130426581E-01  0.0000000000000000E+00  0.0000000000000000E+00  1.619415E+09  2.072864E+09  1.300830E+27  1.672243E+18  7.601357E+07  9.168586E+08  1.400960E+01  5.086902E-23
    170  4.4407342191538179E-01  0.0000000000000000E+00  0.0000000000000000E+00  1.629045E+09  2.072938E+09  1.301012E+27  1.674180E+18  7.601351E+07  9.169087E+08  1.404370E+01  5.090201E-23
    171  4.4407566539289772E-01  0.0000000000000000E+00  0.0000000000000000E+00  1.647344E+09  2.073079E+09  1.301335E+27  1.678338E+18  7.597924E+07  9.169951E+08  1.411744E+01  5.094126E-23
    172  4.4408015234792958E-01  0.0000000000000000E+00  0.0000000000000000E+00  1.683942E+09  2.073360E+09  1.301885E+27  1.688672E+18  7.576674E+07  9.171299E+08  1.430363E+01  5.101836E-23
    173  4.4408912625799329E-01  0.0000000000000000E+00  0.0000000000000000E+00  1.757139E+09  2.073923E+09  1.302584E+27  1.717193E+18  7.477358E+07  9.172424E+08  1.484080E+01  6.598709E-23
    174  4.4409092104000603E-01  0.0000000000000000E+00  0.0000000000000000E+00  1.771778E+09  2.074036E+09  1.302669E+27  1.723898E+18  7.450180E+07  9.172433E+08  1.497194E+01  9.890336E-23
    175  4.4409451060403149E-01  0.0000000000000000E+00  0.0000000000000000E+00  1.801057E+09  2.074261E+09  1.302802E+27  1.737870E+18  7.391652E+07  9.172311E+08  1.525099E+01  4.701532E-22
    176  4.4410168973208247E-01  0.0000000000000000E+00  0.0000000000000000E+00  1.859614E+09  2.074712E+09  1.303015E+27  1.766236E+18  7.271212E+07  9.171867E+08  1.584026E+01  3.459979E-20
    177  4.4410312555769266E-01  0.0000000000000000E+00  0.0000000000000000E+00  1.871326E+09  2.074802E+09  1.303064E+27  1.771714E+18  7.248475E+07  9.171799E+08  1.595738E+01  7.270878E-20
    178  4.4410599720891303E-01  0.0000000000000000E+00  0.0000000000000000E+00  1.894749E+09  2.074982E+09  1.303177E+27  1.782271E+18  7.205769E+07  9.171728E+08  1.618599E+01  2.865212E-19
    179  4.4411174051135383E-01  0.0000000000000000E+00  0.0000000000000000E+00  1.941595E+09  2.075342E+09  1.303497E+27  1.801288E+18  7.134601E+07  9.171948E+08  1.660752E+01  2.768800E-18
    180  4.4412322711623536E-01  0.0000000000000000E+00  0.0000000000000000E+00  2.035286E+09  2.076063E+09  1.304632E+27  1.829014E+18  7.060049E+07  9.174285E+08  1.724498E+01  9.110623E-17
    181  4.4412495740720970E-01  0.0000000000000000E+00  0.0000000000000000E+00  2.049400E+09  2.076172E+09  1.304862E+27  1.832010E+18  7.056302E+07  9.174859E+08  1.731590E+01  1.310937E-16
    182  4.4412841798915836E-01  0.0000000000000000E+00  0.0000000000000000E+00  2.077626E+09  2.076389E+09  1.305362E+27  1.837237E+18  7.053828E+07  9.176164E+08  1.743981E+01  2.491734E-16
    183  4.4413533915305570E-01  0.0000000000000000E+00  0.0000000000000000E+00  2.134079E+09  2.076823E+09  1.306504E+27  1.845005E+18  7.065676E+07  9.179315E+08  1.762579E+01  6.575206E-16
    184  4.4414918148085042E-01  0.0000000000000000E+00  0.0000000000000000E+00  2.246986E+09  2.077692E+09  1.309192E+27  1.853348E+18  7.133623E+07  9.187136E+08  1.782736E+01  1.946135E-15
    185  4.4416889351017491E-01  0.0000000000000000E+00  0.0000000000000000E+00  2.407769E+09  2.078929E+09  1.313514E+27  1.857890E+18  7.273641E+07  9.200090E+08  1.793533E+01  3.693889E-15
    186  4.4417200980980998E-01  0.0000000000000000E+00  0.0000000000000000E+00  2.433188E+09  2.079124E+09  1.314225E+27  1.858291E+18  7.297538E+07  9.202233E+08  1.794411E+01  3.957132E-15
    187  4.4417630008005238E-01  0.0000000000000000E+00  0.0000000000000000E+00  2.468182E+09  2.079393E+09  1.315211E+27  1.858750E+18  7.330755E+07  9.205214E+08  1.795434E+01  4.268695E-15
    188  4.4418488062053718E-01  0.0000000000000000E+00  0.0000000000000000E+00  2.538170E+09  2.079932E+09  1.317212E+27  1.859503E+18  7.397844E+07  9.211267E+08  1.797011E+01  4.877340E-15
    189  4.4420204170150679E-01  0.0000000000000000E+00  0.0000000000000000E+00  2.678146E+09  2.081009E+09  1.321305E+27  1.860767E+18  7.532751E+07  9.223677E+08  1.799074E+01  6.669842E-15
    190  4.4420547391770071E-01  0.0000000000000000E+00  0.0000000000000000E+00  2.706141E+09  2.081224E+09  1.322136E+27  1.861059E+18  7.559594E+07  9.226199E+08  1.799418E+01  7.354831E-15
    191  4.4421233835008855E-01  0.0000000000000000E+00  0.0000000000000000E+00  2.762132E+09  2.081655E+09  1.323806E+27  1.861812E+18  7.612731E+07  9.231266E+08  1.800197E+01  9.671316E-15
    192  4.4422606721486424E-01  0.0000000000000000E+00  0.0000000000000000E+00  2.874113E+09  2.082516E+09  1.327155E+27  1.864840E+18  7.714006E+07  9.241393E+08  1.803184E+01  2.707491E-14
    193  4.4422881298781935E-01  0.0000000000000000E+00  0.0000000000000000E+00  2.896509E+09  2.082689E+09  1.327820E+27  1.865867E+18  7.732890E+07  9.243395E+08  1.804225E+01  3.689196E-14
    194  4.4423235949780515E-01  0.0000000000000000E+00  0.0000000000000000E+00  2.925436E+09  2.082911E+09  1.328673E+27  1.867502E+18  7.756272E+07  9.245957E+08  1.805913E+01  5.865015E-14
    195  4.4423945251777675E-01  0.0000000000000000E+00  0.0000000000000000E+00  2.983291E+09  2.083356E+09  1.330349E+27  1.872141E+18  7.798499E+07  9.250955E+08  1.810876E+01  1.925019E-13
    196  4.4425363855771999E-01  0.0000000000000000E+00  0.0000000000000000E+00  3.099001E+09  2.084246E+09  1.333443E+27  1.890195E+18  7.851756E+07  9.259932E+08  1.832166E+01  7.953391E-12
    197  4.4425609070446048E-01  0.0000000000000000E+00  0.0000000000000000E+00  3.119002E+09  2.084400E+09  1.333917E+27  1.895036E+18  7.854281E+07  9.261247E+08  1.838359E+01  1.746283E-11
    198  4.4426022098340845E-01  0.0000000000000000E+00  0.0000000000000000E+00  3.152691E+09  2.084659E+09  1.334653E+27  1.904694E+18  7.852116E+07  9.263222E+08  1.851286E+01  6.654900E-11
    199  4.4426848154130438E-01  0.0000000000000000E+00  0.0000000000000000E+00  3.220070E+09  2.085178E+09  1.335818E+27  1.930582E+18  7.817204E+07  9.266000E+08  1.889489E+01  8.489709E-10
    200  4.4428500265709620E-01  0.0000000000000000E+00  0.0000000000000000E+00  3.354826E+09  2.086214E+09  1.336443E+27  2.010983E+18  7.588703E+07  9.265074E+08  2.038686E+01  5.228972E-08
    201  4.4428781295933945E-01  0.0000000000000000E+00  0.0000000000000000E+00  3.377748E+09  2.086391E+09  1.336313E+27  2.027597E+18  7.529733E+07  9.264029E+08  2.075256E+01  9.420787E-08
    202  4.4429300006754763E-01  0.0000000000000000E+00  0.0000000000000000E+00  3.420058E+09  2.086716E+09  1.335949E+27  2.059001E+18  7.411993E+07  9.261636E+08  2.150072E+01  2.582016E-07
    203  4.4430337428396399E-01  0.0000000000000000E+00  0.0000000000000000E+00  3.504676E+09  2.087367E+09  1.335044E+27  2.119139E+18  7.171937E+07  9.256225E+08  2.316515E+01  1.492352E-06
    204  4.4430544912724729E-01  0.0000000000000000E+00  0.0000000000000000E+00  3.521600E+09  2.087497E+09  1.334883E+27  2.130025E+18  7.127461E+07  9.255224E+08  2.350359E+01  2.035299E-06
    205  4.4430959881381382E-01  0.0000000000000000E+00  0.0000000000000000E+00  3.555447E+09  2.087758E+09  1.334619E+27  2.150231E+18  7.044983E+07  9.253443E+08  2.416652E+01  3.595954E-06
    206  4.4431789818694689E-01  0.0000000000000000E+00  0.0000000000000000E+00  3.623142E+09  2.088279E+09  1.334400E+27  2.183916E+18  6.910929E+07  9.251053E+08  2.538450E+01  9.086909E-06
    207  4.4433449693321309E-01  0.0000000000000000E+00  0.0000000000000000E+00  3.758531E+09  2.089320E+09  1.335412E+27  2.226817E+18  6.770166E+07  9.251699E+08  2.717382E+01  2.556081E-05
    208  4.4433718313968706E-01  0.0000000000000000E+00  0.0000000000000000E+00  3.780442E+09  2.089489E+09  1.335744E+27  2.231355E+18  6.760866E+07  9.252424E+08  2.738043E+01  2.800413E-05
    209  4.4434160641886544E-01  0.0000000000000000E+00  0.0000000000000000E+00  3.816520E+09  2.089766E+09  1.336373E+27  2.237744E+18  6.751924E+07  9.253928E+08  2.767681E+01  3.140162E-05
    210  4.4435045297722220E-01  0.0000000000000000E+00  0.0000000000000000E+00  3.888678E+09  2.090321E+09  1.337897E+27  2.247247E+18  6.753405E+07  9.257911E+08  2.813010E+01  3.631888E-05
    211  4.4436814609393566E-01  0.0000000000000000E+00  0.0000000000000000E+00  4.032994E+09  2.091432E+09  1.341688E+27  2.257761E+18  6.807172E+07  9.268588E+08  2.864820E+01  4.228087E-05
    212  4.4437103570736403E-01  0.0000000000000000E+00  0.0000000000000000E+00  4.056564E+09  2.091613E+09  1.342371E+27  2.258814E+18  6.819955E+07  9.270563E+08  2.870079E+01  4.329465E-05
    213  4.4437606951396796E-01  0.0000000000000000E+00  0.0000000000000000E+00  4.097622E+09  2.091929E+09  1.343592E+27  2.260352E+18  6.843974E+07  9.274112E+08  2.877796E+01  4.551763E-05
    214  4.4438613712717584E-01  0.0000000000000000E+00  0.0000000000000000E+00  4.179740E+09  2.092561E+09  1.346131E+27  2.262563E+18  6.897070E+07  9.281550E+08  2.888988E+01  5.243587E-05
    215  4.4438815064981740E-01  0.0000000000000000E+00  0.0000000000000000E+00  4.196163E+09  2.092687E+09  1.346651E+27  2.262893E+18  6.908325E+07  9.283084E+08  2.890685E+01  5.440254E-05
    216  4.4439151356262252E-01  0.0000000000000000E+00  0.0000000000000000E+00  4.223593E+09  2.092898E+09  1.347529E+27  2.263381E+18  6.927489E+07  9.285674E+08  2.893202E+01  5.831963E-05
    217  4.4439823938823281E-01  0.0000000000000000E+00  0.0000000000000000E+00  4.278453E+09  2.093320E+09  1.349314E+27  2.264145E+18  6.966994E+07  9.290952E+08  2.897210E+01  6.921641E-05
    218  4.4441169103945338E-01  0.0000000000000000E+00  0.0000000000000000E+00  4.388173E+09  2.094164E+09  1.352984E+27  2.265021E+18  7.049626E+07  9.301848E+08  2.902010E+01  1.106890E-04
    219  4.4441437579572857E-01  0.0000000000000000E+00  0.0000000000000000E+00  4.410072E+09  2.094333E+09  1.353730E+27  2.265115E+18  7.066559E+07  9.304070E+08  2.902568E+01  1.237686E-04
    220  4.4441974530827899E-01  0.0000000000000000E+00  0.0000000000000000E+00  4.453869E+09  2.094670E+09  1.355235E+27  2.265248E+18  7.100733E+07  9.308553E+08  2.903397E+01  1.569999E-04
    221  4.4443048433337984E-01  0.0000000000000000E+00  0.0000000000000000E+00  4.541463E+09  2.095343E+09  1.358289E+27  2.265354E+18  7.169898E+07  9.317660E+08  2.904249E+01  2.634598E-04
    222  4.4443263213840001E-01  0.0000000000000000E+00  0.0000000000000000E+00  4.558982E+09  2.095478E+09  1.358905E+27  2.265358E+18  7.183799E+07  9.319500E+08  2.904344E+01  2.934585E-04
    223  4.4443692774844035E-01  0.0000000000000000E+00  0.0000000000000000E+00  4.594019E+09  2.095748E+09  1.360144E+27  2.265362E+18  7.211598E+07  9.323195E+08  2.904514E+01  3.651143E-04
    224  4.4444551896852103E-01  0.0000000000000000E+00  0.0000000000000000E+00  4.664094E+09  2.096287E+09  1.362637E+27  2.265377E+18  7.266987E+07  9.330635E+08  2.904947E+01  5.674471E-04
    225  4.4446270140868238E-01  0.0000000000000000E+00  0.0000000000000000E+00  4.804245E+09  2.097365E+09  1.367664E+27  2.265594E+18  7.375183E+07  9.345611E+08  2.907620E+01  1.326921E-03
    226  4.4446534750899075E-01  0.0000000000000000E+00  0.0000000000000000E+00  4.825828E+09  2.097531E+09  1.368439E+27  2.265683E+18  7.391254E+07  9.347912E+08  2.908479E+01  1.504811E-03
    227  4.4447005538158335E-01  0.0000000000000000E+00  0.0000000000000000E+00  4.864228E+09  2.097826E+09  1.369814E+27  2.265886E+18  7.419274E+07  9.351993E+08  2.910453E+01  1.869152E-03
    228  4.4447947112676861E-01  0.0000000000000000E+00  0.0000000000000000E+00  4.941029E+09  2.098417E+09  1.372538E+27  2.266581E+18  7.472096E+07  9.360042E+08  2.916948E+01  2.916838E-03
    229  4.4448135427580565E-01  0.0000000000000000E+00  0.0000000000000000E+00  4.956389E+09  2.098535E+09  1.373076E+27  2.266774E+18  7.481993E+07  9.361625E+08  2.918780E+01  3.206473E-03
    230  4.4448502595963191E-01  0.0000000000000000E+00  0.0000000000000000E+00  4.986337E+09  2.098766E+09  1.374115E+27  2.267239E+18  7.500424E+07  9.364672E+08  2.923054E+01  3.894474E-03
    231  4.4449236932728442E-01  0.0000000000000000E+00  0.0000000000000000E+00  5.046234E+09  2.099227E+09  1.376142E+27  2.268546E+18  7.533195E+07  9.370571E+08  2.934943E+01  6.024268E-03
    232  4.4449383800081493E-01  0.0000000000000000E+00  0.0000000000000000E+00  5.058214E+09  2.099319E+09  1.376537E+27  2.268875E+18  7.538975E+07  9.371712E+08  2.937960E+01  6.616281E-03
    233  4.4449677534787596E-01  0.0000000000000000E+00  0.0000000000000000E+00  5.082172E+09  2.099503E+09  1.377315E+27  2.269627E+18  7.549575E+07  9.373945E+08  2.944794E+01  8.059649E-03
    234  4.4450265004199802E-01  0.0000000000000000E+00  0.0000000000000000E+00  5.130090E+09  2.099872E+09  1.378808E+27  2.271537E+18  7.566436E+07  9.378181E+08  2.962125E+01  1.237412E-02
    235  4.4451439943024207E-01  0.0000000000000000E+00  0.0000000000000000E+00  5.225925E+09  2.100609E+09  1.381439E+27  2.277511E+18  7.576596E+07  9.385343E+08  3.017343E+01  3.011933E-02
    236  4.4451579942100666E-01  0.0000000000000000E+00  0.0000000000000000E+00  5.237344E+09  2.100697E+09  1.381708E+27  2.278547E+18  7.575012E+07  9.386035E+08  3.026445E+01  3.438332E-02
    237  4.4451817387949444E-01  0.0000000000000000E+00  0.0000000000000000E+00  5.256712E+09  2.100846E+09  1.382145E+27  2.280350E+18  7.571030E+07  9.387133E+08  3.043115E+01  4.176738E-02
    238  4.4452292279646993E-01  0.0000000000000000E+00  0.0000000000000000E+00  5.295447E+09  2.101144E+09  1.382906E+27  2.284608E+18  7.556231E+07  9.388919E+08  3.083012E+01  6.016231E-02
    239  4.4453242063042098E-01  0.0000000000000000E+00  0.0000000000000000E+00  5.372917E+09  2.101740E+09  1.383882E+27  2.296177E+18  7.494803E+07  9.390515E+08  3.195552E+01  1.168104E-01
    240  4.4453381157765826E-01  0.0000000000000000E+00  0.0000000000000000E+00  5.384262E+09  2.101827E+09  1.383967E+27  2.298221E+18  7.482555E+07  9.390537E+08  3.215755E+01  1.286451E-01
    241  4.4453659347213281E-01  0.0000000000000000E+00  0.0000000000000000E+00  5.406953E+09  2.102002E+09  1.384066E+27  2.302629E+18  7.454216E+07  9.390330E+08  3.260623E+01  1.528911E-01
    242  4.4454215726108187E-01  0.0000000000000000E+00  0.0000000000000000E+00  5.452335E+09  2.102351E+09  1.384057E+27  2.312499E+18  7.386922E+07  9.389171E+08  3.364753E+01  2.101007E-01
    243  4.4455328483898005E-01  0.0000000000000000E+00  0.0000000000000000E+00  5.543098E+09  2.103049E+09  1.383419E+27  2.334792E+18  7.225135E+07  9.384647E+08  3.623557E+01  3.451856E-01
    244  4.4455494339402390E-01  0.0000000000000000E+00  0.0000000000000000E+00  5.556626E+09  2.103153E+09  1.383317E+27  2.338200E+18  7.201677E+07  9.383952E+08  3.664340E+01  3.716759E-01
    245  4.4455789714385141E-01  0.0000000000000000E+00  0.0000000000000000E+00  5.580719E+09  2.103339E+09  1.383117E+27  2.344105E+18  7.159597E+07  9.382651E+08  3.739385E+01  4.113154E-01
    246  4.4456380464350637E-01  0.0000000000000000E+00  0.0000000000000000E+00  5.628904E+09  2.103709E+09  1.382836E+27  2.355127E+18  7.084169E+07  9.380486E+08  3.886030E+01  4.885129E-01
    247  4.4457561964281633E-01  0.0000000000000000E+00  0.0000000000000000E+00  5.725274E+09  2.104451E+09  1.383098E+27  2.372657E+18  6.982351E+07  9.379134E+08  4.136326E+01  6.215067E-01
    248  4.4457798264267834E-01  0.0000000000000000E+00  0.0000000000000000E+00  5.744548E+09  2.104599E+09  1.383329E+27  2.375174E+18  6.971445E+07  9.379501E+08  4.175185E+01  6.409941E-01
    249  4.4458220292910383E-01  0.0000000000000000E+00  0.0000000000000000E+00  5.778972E+09  2.104864E+09  1.383869E+27  2.379224E+18  6.958430E+07  9.380618E+08  4.235945E+01  6.748579E-01
    250  4.4459064350195482E-01  0.0000000000000000E+00  0.0000000000000000E+00  5.847818E+09  2.105393E+09  1.385416E+27  2.385269E+18  6.954790E+07  9.384507E+08  4.325130E+01  7.300267E-01
    251  4.4460752464765679E-01  0.0000000000000000E+00  0.0000000000000000E+00  5.985511E+09  2.106453E+09  1.389830E+27  2.391936E+18  7.007323E+07  9.396950E+08  4.409729E+01  8.051971E-01
    252  4.4461090087679717E-01  0.0000000000000000E+00  0.0000000000000000E+00  6.013050E+09  2.106665E+09  1.390923E+27  2.392359E+18  7.026976E+07  9.400180E+08  4.411387E+01  8.157110E-01
    253  4.4461696944344165E-01  0.0000000000000000E+00  0.0000000000000000E+00  6.062548E+09  2.107045E+09  1.392919E+27  2.393216E+18  7.063210E+07  9.406087E+08  4.412803E+01  8.339144E-01
    254  4.4462910657673055E-01  0.0000000000000000E+00  0.0000000000000000E+00  6.161546E+09  2.107807E+09  1.397231E+27  2.393913E+18  7.148280E+07  9.419007E+08  4.394317E+01  8.641054E-01
    255  4.4465338084330835E-01  0.0000000000000000E+00  0.0000000000000000E+00  6.359542E+09  2.109330E+09  1.407084E+27  2.391397E+18  7.366379E+07  9.449082E+08  4.280010E+01  9.079975E-01
    256  4.4465683491558317E-01  0.0000000000000000E+00  0.0000000000000000E+00  6.387715E+09  2.109547E+09  1.408558E+27  2.391168E+18  7.399867E+07  9.453601E+08  4.260343E+01  9.113259E-01
    257  4.4466374306013284E-01  0.0000000000000000E+00  0.0000000000000000E+00  6.444062E+09  2.109980E+09  1.411647E+27  2.389837E+18  7.472724E+07  9.463130E+08  4.212431E+01  9.194239E-01
    258  4.4467755934923220E-01  0.0000000000000000E+00  0.0000000000000000E+00  6.556757E+09  2.110847E+09  1.418082E+27  2.386468E+18  7.628042E+07  9.483051E+08  4.105520E+01  9.335792E-01
    259  4.4470519192743085E-01  0.0000000000000000E+00  0.0000000000000000E+00  6.782145E+09  2.112581E+09  1.432366E+27  2.375845E+18  7.996748E+07  9.527695E+08  3.830387E+01  9.529508E-01
    260  4.4470907102920515E-01  0.0000000000000000E+00  0.0000000000000000E+00  6.813785E+09  2.112825E+09  1.434421E+27  2.374244E+18  8.050114E+07  9.534118E+08  3.792531E+01  9.553303E-01
    261  4.4471682923275380E-01  0.0000000000000000E+00  0.0000000000000000E+00  6.877066E+09  2.113311E+09  1.438733E+27  2.370478E+18  8.165990E+07  9.547658E+08  3.707776E+01  9.591023E-01
    262  4.4473234563985109E-01  0.0000000000000000E+00  0.0000000000000000E+00  7.003627E+09  2.114285E+09  1.447663E+27  2.362099E+18  8.410732E+07  9.575755E+08  3.534137E+01  9.647930E-01
    263  4.4476337845404562E-01  0.0000000000000000E+00  0.0000000000000000E+00  7.256749E+09  2.116232E+09  1.467190E+27  2.340364E+18  8.976215E+07  9.637551E+08  3.159353E+01  9.686346E-01
    264  4.4476768565510766E-01  0.0000000000000000E+00  0.0000000000000000E+00  7.291881E+09  2.116503E+09  1.469953E+27  2.337339E+18  9.056577E+07  9.646283E+08  3.111534E+01  9.724690E-01
    265  4.4477578009351487E-01  0.0000000000000000E+00  0.0000000000000000E+00  7.357905E+09  2.117011E+09  1.475209E+27  2.331031E+18  9.210264E+07  9.662897E+08  3.023033E+01  9.710523E-01
    266  4.4479196897032935E-01  0.0000000000000000E+00  0.0000000000000000E+00  7.489951E+09  2.118027E+09  1.486184E+27  2.317459E+18  9.539107E+07  9.697666E+08  2.843442E+01  9.715591E-01
    267  4.4479520674569223E-01  0.0000000000000000E+00  0.0000000000000000E+00  7.516360E+09  2.118230E+09  1.488547E+27  2.314174E+18  9.613383E+07  9.705200E+08  2.803714E+01  9.714948E-01
    268  4.4479977441895019E-01  0.0000000000000000E+00  0.0000000000000000E+00  7.553617E+09  2.118516E+09  1.491796E+27  2.309895E+18  9.713352E+07  9.715518E+08  2.752767E+01  9.716927E-01
    269  4.4480890976546611E-01  0.0000000000000000E+00  0.0000000000000000E+00  7.628130E+09  2.119090E+09  1.498411E+27  2.301026E+18  9.918591E+07  9.736540E+08  2.652409E+01  9.722606E-01
    270  4.4482718045849790E-01  0.0000000000000000E+00  0.0000000000000000E+00  7.777157E+09  2.120236E+09  1.512140E+27  2.281929E+18  1.035154E+08  9.780215E+08  2.458011E+01  9.742054E-01
    271  4.4486372184456152E-01  0.0000000000000000E+00  0.0000000000000000E+00  7.876930E+09  2.120058E+09  1.520728E+27  2.268332E+18  1.065370E+08  9.809687E+08  2.336156E+01  9.746402E-01
    272  4.4493680461668872E-01  0.0000000000000000E+00  0.0000000000000000E+00  7.946513E+09  2.118083E+09  1.525600E+27  2.256856E+18  1.089865E+08  9.831115E+08  2.241936E+01  9.753162E-01
    273  4.4508297016094311E-01  0.0000000000000000E+00  0.0000000000000000E+00  8.085678E+09  2.114132E+09  1.535334E+27  2.234064E+18  1.138467E+08  9.873979E+08  2.074864E+01  9.766268E-01
    274  4.4511220326979400E-01  0.0000000000000000E+00  0.0000000000000000E+00  8.113512E+09  2.113342E+09  1.537463E+27  2.228873E+18  1.149140E+08  9.883204E+08  2.040320E+01  9.771232E-01
    275  4.4517066948749578E-01  0.0000000000000000E+00  0.0000000000000000E+00  8.169178E+09  2.111762E+09  1.541666E+27  2.218715E+18  1.170095E+08  9.901461E+08  1.975827E+01  9.777569E-01
    276  4.4528760192289929E-01  0.0000000000000000E+00  0.0000000000000000E+00  8.280510E+09  2.108602E+09  1.550457E+27  2.197083E+18  1.213820E+08  9.939361E+08  1.851369E+01  9.789153E-01
    277  4.4552146679370636E-01  0.0000000000000000E+00  0.0000000000000000E+00  8.503175E+09  2.102281E+09  1.569758E+27  2.147887E+18  1.308748E+08  1.002131E+09  1.620337E+01  9.806100E-01
    278  4.4556823976786775E-01  0.0000000000000000E+00  0.0000000000000000E+00  8.547709E+09  2.101017E+09  1.574044E+27  2.136586E+18  1.329820E+08  1.003922E+09  1.575278E+01  9.813592E-01
    279  4.4566178571619058E-01  0.0000000000000000E+00  0.0000000000000000E+00  8.636775E+09  2.098488E+09  1.582756E+27  2.113514E+18  1.372334E+08  1.007552E+09  1.490905E+01  9.820130E-01
    280  4.4584887761283620E-01  0.0000000000000000E+00  0.0000000000000000E+00  8.662563E+09  2.093131E+09  1.580861E+27  2.106618E+18  1.385841E+08  1.008320E+09  1.466543E+01  9.822522E-01
    281  4.4622306140612750E-01  0.0000000000000000E+00  0.0000000000000000E+00  8.661293E+09  2.082310E+09  1.570072E+27  2.107580E+18  1.386541E+08  1.007491E+09  1.467601E+01  9.824775E-01
    282  4.4697142899271008E-01  0.0000000000000000E+00  0.0000000000000000E+00  8.659003E+09  2.061244E+09  1.549202E+27  2.109209E+18  1.388293E+08  1.005896E+09  1.468876E+01  9.827864E-01
    283  4.4846816416587520E-01  0.0000000000000000E+00  0.0000000000000000E+00  8.657342E+09  2.025735E+09  1.514129E+27  2.112136E+18  1.391578E+08  1.003163E+09  1.470754E+01  9.833423E-01
    284  4.5146163451220550E-01  0.0000000000000000E+00  0.0000000000000000E+00  8.682754E+09  2.006343E+09  1.494269E+27  2.115587E+18  1.396617E+08  1.001416E+09  1.468305E+01  9.841759E-01
    285  4.5744857520486609E-01  0.0000000000000000E+00  0.0000000000000000E+00  8.777061E+09  2.039127E+09  1.523524E+27  2.119239E+18  1.404887E+08  1.003067E+09  1.454174E+01  9.854457E-01
    286  4.6744857498134867E-01  0.0000000000000000E+00  0.0000000000000000E+00  8.649362E+09  1.729721E+09  1.229568E+27  2.139845E+18  1.421760E+08  9.786637E+08  1.489658E+01  9.872842E-01
    287  4.7744857475783126E-01  0.0000000000000000E+00  0.0000000000000000E+00  8.655441E+09  1.649583E+09  1.155368E+27  2.147490E+18  1.433558E+08  9.715698E+08  1.491092E+01  9.883033E-01
    288  4.8744857453431384E-01  0.0000000000000000E+00  0.0000000000000000E+00  8.608035E+09  1.531175E+09  1.048182E+27  2.159050E+18  1.440652E+08  9.606361E+08  1.511118E+01  9.890286E-01
    289  4.9744857431079642E-01  0.0000000000000000E+00  0.0000000000000000E+00  8.556120E+09  1.419983E+09  9.507705E+26  2.167994E+18  1.450318E+08  9.501839E+08  1.526192E+01  9.896467E-01
    290  5.0744857408727895E-01  0.0000000000000000E+00  0.0000000000000000E+00  8.465779E+09  1.286997E+09  8.375047E+26  2.179325E+18  1.458662E+08  9.368628E+08  1.553192E+01  9.902319E-01
    291  5.1744857386376153E-01  0.0000000000000000E+00  0.0000000000000000E+00  8.361990E+09  1.159659E+09  7.324393E+26  2.191136E+18  1.465950E+08  9.231065E+08  1.585654E+01  9.907647E-01
    292  5.2744857364024411E-01  0.0000000000000000E+00  0.0000000000000000E+00  8.254716E+09  1.046425E+09  6.417970E+26  2.203490E+18  1.470972E+08  9.097598E+08  1.623809E+01  9.912498E-01
    293  5.3744857341672669E-01  0.0000000000000000E+00  0.0000000000000000E+00  8.168039E+09  9.613655E+08  5.756949E+26  2.213318E+18  1.475871E+08  8.990394E+08  1.655286E+01  9.916265E-01
    294  5.4744857319320928E-01  0.0000000000000000E+00  0.0000000000000000E+00  8.063235E+09  8.720292E+08  5.081163E+26  2.224568E+18  1.480352E+08  8.869343E+08  1.695236E+01  9.920207E-01
    295  5.5744857296969186E-01  0.0000000000000000E+00  0.0000000000000000E+00  7.948400E+09  7.842600E+08  4.437566E+26  2.236602E+18  1.484970E+08  8.741146E+08  1.741747E+01  9.924124E-01
    296  5.6744857274617444E-01  0.0000000000000000E+00  0.0000000000000000E+00  7.836636E+09  7.073969E+08  3.891202E+26  2.248013E+18  1.489680E+08  8.619621E+08  1.788969E+01  9.927618E-01
    297  5.7744857252265702E-01  0.0000000000000000E+00  0.0000000000000000E+00  7.719705E+09  6.352372E+08  3.393815E+26  2.259861E+18  1.494368E+08  8.495831E+08  1.841828E+01  9.930965E-01
    298  5.8654596999999997E-01  0.0000000000000000E+00  0.0000000000000000E+00  7.611152E+09  5.747662E+08  2.989195E+26  2.271009E+18  1.498341E+08  8.383222E+08  1.895332E+01  9.933827E-01
