                           time                    temp                     den                    ener                    sdot                   sneut                   s-snu                      ye                   1-sum
      1  1.0175522000000001E-04  6.8824811000000000E+08  2.1267807000000000E+09  1.655443E+18  7.935628E+12  0.000000E+00  7.935628E+12  5.000000E-01  0.000000E+00 -4.318237E-03 -5.441582E-16
      2  1.0175522001017553E-04  6.8824811000000012E+08  2.1267807000000000E+09  1.655443E+18  7.937036E+12  0.000000E+00  7.937036E+12  5.000000E-01  0.000000E+00 -6.465208E+07 -8.145620E-06
      3  1.0175522003052657E-04  6.8824811000000036E+08  2.1267807000000002E+09  1.655443E+18  7.939849E+12  0.000000E+00  7.939849E+12  5.000000E-01  0.000000E+00 -1.938344E+08 -2.441286E-05
      4  1.0175522007122866E-04  6.8824811000000083E+08  2.1267807000000007E+09  1.655443E+18  7.945466E+12  0.000000E+00  7.945466E+12  5.000000E-01  0.000000E+00 -4.517127E+08 -5.685163E-05
      5  1.0175522015263284E-04  6.8824811000000191E+08  2.1267807000000017E+09  1.655443E+18  7.956656E+12  0.000000E+00  7.956656E+12  5.000000E-01  0.000000E+00 -9.655288E+08 -1.213486E-04
      6  1.0175522031544119E-04  6.8824811000000381E+08  2.1267807000000033E+09  1.655443E+18  7.978870E+12  0.000000E+00  7.978870E+12  5.000000E-01  0.000000E+00 -1.985445E+09 -2.488379E-04
      7  1.0175522064105789E-04  6.8824811000000787E+08  2.1267807000000067E+09  1.655443E+18  8.022632E+12  0.000000E+00  8.022632E+12  5.000000E-01  0.000000E+00 -3.994774E+09 -4.979381E-04
      8  1.0175522129229130E-04  6.8824811000001585E+08  2.1267807000000136E+09  1.655443E+18  8.107560E+12  0.000000E+00  8.107560E+12  5.000000E-01  0.000000E+00 -7.894239E+09 -9.736887E-04
      9  1.0175522259475811E-04  6.8824811000003183E+08  2.1267807000000274E+09  1.655443E+18  8.267506E+12  0.000000E+00  8.267506E+12  5.000000E-01  0.000000E+00 -1.523816E+10 -1.843138E-03
     10  1.0175522519969174E-04  6.8824811000006378E+08  2.1267807000000548E+09  1.655443E+18  8.551279E+12  0.000000E+00  8.551279E+12  5.000000E-01 -4.440892E-16 -2.826759E+10 -3.305656E-03
     11  1.0175523040955900E-04  6.8824811000012767E+08  2.1267807000001099E+09  1.655443E+18  8.998664E+12  0.000000E+00  8.998664E+12  5.000000E-01  0.000000E+00 -4.880919E+10 -5.424049E-03
     12  1.0175524082929354E-04  6.8824811000025547E+08  2.1267807000002198E+09  1.655443E+18  9.558511E+12  0.000000E+00  9.558511E+12  5.000000E-01 -2.220446E-16 -7.451445E+10 -7.795613E-03
     13  1.0175526166876259E-04  6.8824811000051105E+08  2.1267807000004399E+09  1.655443E+18  1.000853E+13  0.000000E+00  1.000853E+13  5.000000E-01  0.000000E+00 -9.517665E+10 -9.509555E-03
     14  1.0175530334770070E-04  6.8824811000102222E+08  2.1267807000008800E+09  1.655443E+18  1.016657E+13  0.000000E+00  1.016657E+13  5.000000E-01 -2.220446E-16 -1.024323E+11 -1.007540E-02
     15  1.0175538670557692E-04  6.8824811000204444E+08  2.1267807000017602E+09  1.655443E+18  1.017752E+13  0.000000E+00  1.017752E+13  5.000000E-01 -2.220446E-16 -1.029340E+11 -1.011386E-02
     16  1.0175555342132937E-04  6.8824811000408912E+08  2.1267807000035205E+09  1.655443E+18  1.017754E+13  0.000000E+00  1.017754E+13  5.000000E-01 -2.220446E-16 -1.029320E+11 -1.011364E-02
     17  1.0175588685283427E-04  6.8824811000817835E+08  2.1267807000070410E+09  1.655443E+18  1.017774E+13  0.000000E+00  1.017774E+13  5.000000E-01 -2.220446E-16 -1.029358E+11 -1.011381E-02
     18  1.0175655371584406E-04  6.8824811001635683E+08  2.1267807000140820E+09  1.655443E+18  1.017814E+13  0.000000E+00  1.017814E+13  5.000000E-01 -2.220446E-16 -1.029433E+11 -1.011416E-02
     19  1.0175788744186364E-04  6.8824811003271377E+08  2.1267807000281641E+09  1.655443E+18  1.017895E+13  0.000000E+00  1.017895E+13  5.000000E-01 -4.440892E-16 -1.029585E+11 -1.011484E-02
     20  1.0176055489390281E-04  6.8824811006542754E+08  2.1267807000563283E+09  1.655443E+18  1.018056E+13  0.000000E+00  1.018056E+13  5.000000E-01 -2.220446E-16 -1.029888E+11 -1.011622E-02
     21  1.0176588979798114E-04  6.8824811013085520E+08  2.1267807001126568E+09  1.655443E+18  1.018379E+13  0.000000E+00  1.018379E+13  5.000000E-01  0.000000E+00 -1.030494E+11 -1.011897E-02
     22  1.0177655960613782E-04  6.8824811026171052E+08  2.1267807002253137E+09  1.655443E+18  1.019023E+13  0.000000E+00  1.019023E+13  5.000000E-01  0.000000E+00 -1.031704E+11 -1.012445E-02
     23  1.0179789922245117E-04  6.8824811052342129E+08  2.1267807004506276E+09  1.655443E+18  1.020309E+13  0.000000E+00  1.020309E+13  5.000000E-01  0.000000E+00 -1.034121E+11 -1.013537E-02
     24  1.0184057845507785E-04  6.8824811104684269E+08  2.1267807009012554E+09  1.655443E+18  1.022872E+13  0.000000E+00  1.022872E+13  5.000000E-01 -2.220446E-16 -1.038938E+11 -1.015707E-02
     25  1.0192593692033123E-04  6.8824811209368539E+08  2.1267807018025107E+09  1.655443E+18  1.027963E+13  0.000000E+00  1.027963E+13  5.000000E-01  0.000000E+00 -1.048504E+11 -1.019982E-02
     26  1.0209665385083798E-04  6.8824811418737102E+08  2.1267807036050215E+09  1.655443E+18  1.038002E+13  0.000000E+00  1.038002E+13  5.000000E-01  2.220446E-16 -1.067369E+11 -1.028291E-02
     27  1.0243808771185149E-04  6.8824811837474215E+08  2.1267807072100430E+09  1.655443E+18  1.057522E+13  0.000000E+00  1.057522E+13  5.000000E-01  1.110223E-16 -1.104048E+11 -1.043995E-02
     28  1.0312095543387850E-04  6.8824812674948442E+08  2.1267807144200859E+09  1.655443E+18  1.094426E+13  0.000000E+00  1.094426E+13  5.000000E-01  1.110223E-16 -1.173392E+11 -1.072153E-02
     29  1.0448669087793252E-04  6.8824814349896896E+08  2.1267807288401721E+09  1.655443E+18  1.160387E+13  0.000000E+00  1.160387E+13  5.000000E-01  3.330669E-16 -1.297332E+11 -1.118016E-02
     30  1.0721816176604055E-04  6.8824817699793804E+08  2.1267807576803441E+09  1.655443E+18  1.265904E+13  0.000000E+00  1.265904E+13  5.000000E-01  1.110223E-16 -1.495583E+11 -1.181435E-02
     31  1.1268110354225661E-04  6.8824824399587631E+08  2.1267808153606882E+09  1.655443E+18  1.401783E+13  0.000000E+00  1.401783E+13  5.000000E-01  2.220446E-16 -1.750835E+11 -1.249006E-02
     32  1.2360698709468874E-04  6.8824837799175262E+08  2.1267809307213764E+09  1.655443E+18  1.517123E+13  0.000000E+00  1.517123E+13  5.000000E-01  3.330669E-16 -1.967390E+11 -1.296790E-02
     33  1.4545875419955299E-04  6.8824864598350537E+08  2.1267811614427531E+09  1.655443E+18  1.562011E+13  0.000000E+00  1.562011E+13  5.000000E-01  4.440892E-16 -2.051485E+11 -1.313361E-02
     34  1.8916228840928150E-04  6.8824918196701097E+08  2.1267816228855062E+09  1.655443E+18  1.565953E+13  0.000000E+00  1.565953E+13  5.000000E-01  5.551115E-16 -2.058719E+11 -1.314675E-02
     35  2.7656935682873854E-04  6.8825029310598123E+08  2.1267828327084303E+09  1.655443E+18  1.566008E+13  0.000000E+00  1.566008E+13  5.000000E-01  4.440892E-16 -2.058756E+11 -1.314652E-02
     36  4.5138349366765263E-04  6.8825269535266399E+08  2.1267862492486572E+09  1.655443E+18  1.566154E+13  0.000000E+00  1.566154E+13  5.000000E-01  3.330669E-16 -2.058940E+11 -1.314647E-02
     37  8.0101176734548069E-04  6.8825831970181513E+08  2.1267970098127878E+09  1.655443E+18  1.566492E+13  0.000000E+00  1.566492E+13  5.000000E-01  3.330669E-16 -2.059382E+11 -1.314646E-02
     38  1.5002683147011370E-03  6.8827186183989644E+08  2.1268296424759440E+09  1.655443E+18  1.567344E+13  0.000000E+00  1.567344E+13  5.000000E-01  3.330669E-16 -2.060470E+11 -1.314625E-02
     39  2.8987814094124497E-03  6.8829233330524385E+08  2.1268577285863836E+09  1.655443E+18  1.568562E+13  0.000000E+00  1.568562E+13  5.000000E-01  5.551115E-16 -2.062048E+11 -1.314611E-02
     40  5.6958075988350742E-03  6.8831589482069552E+08  2.1267767986677465E+09  1.655443E+18  1.569777E+13  0.000000E+00  1.569777E+13  5.000000E-01  3.330669E-16 -2.063488E+11 -1.314510E-02
     41  1.1289859977680325E-02  6.8831815880880618E+08  2.1262550726792536E+09  1.655443E+18  1.568886E+13  0.000000E+00  1.568886E+13  5.000000E-01  5.551115E-16 -2.061933E+11 -1.314265E-02
     42  2.1289859754162907E-02  6.8744616464300096E+08  2.1202607501843176E+09  1.655443E+18  1.509263E+13  0.000000E+00  1.509263E+13  5.000000E-01  5.551115E-16 -1.980341E+11 -1.312124E-02
     43  3.1289859530645489E-02  6.8746983496328843E+08  2.1196202408307707E+09  1.655443E+18  1.509411E+13  0.000000E+00  1.509411E+13  5.000000E-01  5.551115E-16 -1.979927E+11 -1.311722E-02
     44  4.1289859307128071E-02  6.8757717263538551E+08  2.1192615309924698E+09  1.655444E+18  1.514526E+13  0.000000E+00  1.514526E+13  5.000000E-01  5.551115E-16 -1.986267E+11 -1.311477E-02
     45  5.1289859083610653E-02  6.8762760889965165E+08  2.1184767127124367E+09  1.655444E+18  1.515703E+13  0.000000E+00  1.515703E+13  5.000000E-01  1.110223E-16 -1.987277E+11 -1.311126E-02
     46  6.1289858860093235E-02  6.8761326742626560E+08  2.1171796547652369E+09  1.655444E+18  1.512309E+13  0.000000E+00  1.512309E+13  5.000000E-01  3.330669E-16 -1.982112E+11 -1.310652E-02
     47  7.1289858636575817E-02  6.8768959955186510E+08  2.1166177445977507E+09  1.655444E+18  1.515343E+13  0.000000E+00  1.515343E+13  5.000000E-01  2.220446E-16 -1.985638E+11 -1.310355E-02
     48  8.1289858413058400E-02  6.8780778676825643E+08  2.1164741046362336E+09  1.655444E+18  1.521560E+13  0.000000E+00  1.521560E+13  5.000000E-01  0.000000E+00 -1.993454E+11 -1.310138E-02
     49  9.1289858189540982E-02  6.8791987222457218E+08  2.1165989618233843E+09  1.655444E+18  1.528150E+13  0.000000E+00  1.528150E+13  5.000000E-01  0.000000E+00 -2.001740E+11 -1.309911E-02
     50  1.0128985796602356E-01  6.8796656744439316E+08  2.1167055415255768E+09  1.655444E+18  1.531337E+13  0.000000E+00  1.531337E+13  5.000000E-01 -2.220446E-16 -2.005377E+11 -1.309559E-02
     51  1.1128985774250615E-01  6.8755850733128595E+08  2.1147977211699190E+09  1.655445E+18  1.506231E+13  0.000000E+00  1.506231E+13  5.000000E-01  2.220446E-16 -1.970660E+11 -1.308339E-02
     52  1.2128985751898873E-01  6.8738598213484454E+08  2.1150488086614866E+09  1.655445E+18  1.498570E+13  0.000000E+00  1.498570E+13  5.000000E-01  1.110223E-16 -1.959499E+11 -1.307579E-02
     53  1.3128985729547132E-01  6.8769028031039488E+08  2.1192106977710772E+09  1.655445E+18  1.524768E+13  0.000000E+00  1.524768E+13  5.000000E-01  2.220446E-16 -1.993991E+11 -1.307734E-02
     54  1.4128985707195391E-01  6.8705445114962780E+08  2.1185232344970012E+09  1.655445E+18  1.491195E+13  0.000000E+00  1.491195E+13  5.000000E-01  1.110223E-16 -1.947628E+11 -1.306085E-02
     55  1.5128985684843649E-01  6.8613186817007756E+08  2.1179734165684853E+09  1.655445E+18  1.444562E+13  0.000000E+00  1.444562E+13  5.000000E-01  0.000000E+00 -1.883577E+11 -1.303909E-02
     56  1.6128985662491907E-01  6.8510427390786707E+08  2.1179375303851550E+09  1.655445E+18  1.395467E+13  0.000000E+00  1.395467E+13  5.000000E-01 -2.220446E-16 -1.816240E+11 -1.301529E-02
     57  1.7128985640140165E-01  6.8381426838063323E+08  2.1178469739783700E+09  1.655445E+18  1.335866E+13  0.000000E+00  1.335866E+13  5.000000E-01  3.330669E-16 -1.734843E+11 -1.298666E-02
     58  1.8128985617788423E-01  6.8220902595324230E+08  2.1178789990014012E+09  1.655446E+18  1.265259E+13  0.000000E+00  1.265259E+13  5.000000E-01  3.330669E-16 -1.638776E+11 -1.295210E-02
     59  1.9128985595436682E-01  6.8022136848784924E+08  2.1177790971363912E+09  1.655446E+18  1.182378E+13  0.000000E+00  1.182378E+13  5.000000E-01  0.000000E+00 -1.526500E+11 -1.291043E-02
     60  2.0128985573084940E-01  6.7780685825306213E+08  2.1178383535501547E+09  1.655446E+18  1.088875E+13  0.000000E+00  1.088875E+13  5.000000E-01  3.330669E-16 -1.400384E+11 -1.286083E-02
     61  2.1128985550733198E-01  6.7485550073472703E+08  2.1172254897150695E+09  1.655446E+18  9.829285E+12  0.000000E+00  9.829285E+12  5.000000E-01  2.220446E-16 -1.258256E+11 -1.280109E-02
     62  2.2128985528381456E-01  6.7135394413484991E+08  2.1170192587492070E+09  1.655446E+18  8.706291E+12  0.000000E+00  8.706291E+12  5.000000E-01  2.220446E-16 -1.108409E+11 -1.273113E-02
     63  2.3128985506029714E-01  6.6716197712520051E+08  2.1163402363054569E+09  1.655446E+18  7.516178E+12  0.000000E+00  7.516178E+12  5.000000E-01  5.551115E-16 -9.506517E+10 -1.264807E-02
     64  2.4128985483677973E-01  6.6212216922413278E+08  2.1156397156622698E+09  1.655446E+18  6.290714E+12  0.000000E+00  6.290714E+12  5.000000E-01  3.330669E-16 -7.894283E+10 -1.254910E-02
     65  2.5128985461326231E-01  6.5613722478593469E+08  2.1151339088317151E+09  1.655446E+18  5.084416E+12  0.000000E+00  5.084416E+12  5.000000E-01  1.110223E-16 -6.321105E+10 -1.243231E-02
     66  2.6128985438974489E-01  6.4903114727156651E+08  2.1142616354746125E+09  1.655446E+18  3.935372E+12  0.000000E+00  3.935372E+12  5.000000E-01  4.440892E-16 -4.838241E+10 -1.229424E-02
     67  2.7128985416622747E-01  6.4075961498640573E+08  2.1134415783357816E+09  1.655446E+18  2.909803E+12  0.000000E+00  2.909803E+12  5.000000E-01  2.220446E-16 -3.530813E+10 -1.213420E-02
     68  2.8128985394271006E-01  6.4086554707352424E+08  2.1118480698375978E+09  1.655446E+18  2.911911E+12  0.000000E+00  2.911911E+12  5.000000E-01  0.000000E+00 -3.532582E+10 -1.213149E-02
     69  2.9128985371919264E-01  6.4540429619633102E+08  2.1101807532482197E+09  1.655446E+18  3.425762E+12  0.000000E+00  3.425762E+12  5.000000E-01  0.000000E+00 -4.185219E+10 -1.221690E-02
     70  3.0128985349567522E-01  6.4993419399257016E+08  2.1082282601860256E+09  1.655446E+18  4.023279E+12  0.000000E+00  4.023279E+12  5.000000E-01  0.000000E+00 -4.950156E+10 -1.230379E-02
     71  3.1128985327215780E-01  6.5411378724330139E+08  2.1049547364628916E+09  1.655446E+18  4.650330E+12  0.000000E+00  4.650330E+12  5.000000E-01  0.000000E+00 -5.759092E+10 -1.238427E-02
     72  3.2128985304864038E-01  6.5842910892818701E+08  2.1023517609404173E+09  1.655446E+18  5.400890E+12  0.000000E+00  5.400890E+12  5.000000E-01  1.110223E-16 -6.732811E+10 -1.246611E-02
     73  3.3128985282512297E-01  6.6267744264952946E+08  2.1003720992052050E+09  1.655447E+18  6.257550E+12  0.000000E+00  6.257550E+12  5.000000E-01  0.000000E+00 -7.851190E+10 -1.254675E-02
     74  3.4128985260160555E-01  6.6634824373723984E+08  2.0962834309487398E+09  1.655447E+18  7.072947E+12  0.000000E+00  7.072947E+12  5.000000E-01  0.000000E+00 -8.923531E+10 -1.261643E-02
     75  3.5128985237808813E-01  6.6958683414350843E+08  2.0920644569405096E+09  1.655447E+18  7.866833E+12  0.000000E+00  7.866833E+12  5.000000E-01  1.110223E-16 -9.972746E+10 -1.267695E-02
     76  3.6128985215457071E-01  6.7359282030621099E+08  2.0938095120207961E+09  1.655447E+18  9.068977E+12  0.000000E+00  9.068977E+12  5.000000E-01  0.000000E+00 -1.156452E+11 -1.275174E-02
     77  3.7128985193105329E-01  6.7978313436570752E+08  2.0902400546772046E+09  1.655447E+18  1.115582E+13  0.000000E+00  1.115582E+13  5.000000E-01  1.110223E-16 -1.435133E+11 -1.286444E-02
     78  3.8128985170753588E-01  6.8131733899300194E+08  2.0793055891736696E+09  1.655447E+18  1.155601E+13  0.000000E+00  1.155601E+13  5.000000E-01  2.220446E-16 -1.490227E+11 -1.289569E-02
     79  3.9128985148401846E-01  6.8422689736159337E+08  2.0791540659957643E+09  1.655447E+18  1.276021E+13  0.000000E+00  1.276021E+13  5.000000E-01  1.110223E-16 -1.652153E+11 -1.294770E-02
     80  4.0128985126050104E-01  6.9047438889164233E+08  2.0803683633444123E+09  1.655447E+18  1.579768E+13  0.000000E+00  1.579768E+13  5.000000E-01  1.110223E-16 -2.063772E+11 -1.306376E-02
     81  4.1128985103698362E-01  6.9567618343682528E+08  2.0693784353179886E+09  1.655447E+18  1.849660E+13  0.000000E+00  1.849660E+13  5.000000E-01  5.551115E-16 -2.435735E+11 -1.316855E-02
     82  4.2128985081346620E-01  7.1449989239173436E+08  2.0569582555161245E+09  1.655448E+18  3.356746E+13  0.000000E+00  3.356746E+13  5.000000E-01  4.440892E-16 -4.532874E+11 -1.350377E-02
     83  4.3128985058994879E-01  7.4279163429752970E+08  2.0560241492000146E+09  1.655448E+18  8.156793E+13  0.000000E+00  8.156793E+13  5.000000E-01  3.330669E-16 -1.140348E+12 -1.398034E-02
     84  4.4128985036643137E-01  7.7633355064952958E+08  2.0578702590792530E+09  1.655450E+18  2.242777E+14  0.000000E+00  2.242777E+14  5.000000E-01  1.110223E-16 -3.265096E+12 -1.455827E-02
     85  4.4128985136643134E-01  7.7633355427997088E+08  2.0578702589924250E+09  1.655450E+18  2.244194E+14  0.000000E+00  2.244194E+14  5.000000E-01  2.220446E-16 -3.272399E+12 -1.458162E-02
     86  4.4128985336643128E-01  7.7633356154085350E+08  2.0578702588187690E+09  1.655450E+18  2.244220E+14  0.000000E+00  2.244220E+14  5.000000E-01  4.440892E-16 -3.272466E+12 -1.458175E-02
     87  4.4128985736643117E-01  7.7633357606261873E+08  2.0578702584714572E+09  1.655450E+18  2.244264E+14  0.000000E+00  2.244264E+14  5.000000E-01  0.000000E+00 -3.272555E+12 -1.458186E-02
     88  4.4128986536643100E-01  7.7633360510614944E+08  2.0578702577768335E+09  1.655450E+18  2.244350E+14  0.000000E+00  2.244350E+14  5.000000E-01  2.220446E-16 -3.272732E+12 -1.458209E-02
     89  4.4128988136643066E-01  7.7633366319321084E+08  2.0578702563875861E+09  1.655450E+18  2.244523E+14  0.000000E+00  2.244523E+14  5.000000E-01  4.440892E-16 -3.273084E+12 -1.458254E-02
     90  4.4128991336642992E-01  7.7633377936733341E+08  2.0578702536090913E+09  1.655450E+18  2.244865E+14  0.000000E+00  2.244865E+14  5.000000E-01  3.330669E-16 -3.273782E+12 -1.458342E-02
     91  4.4128997736642850E-01  7.7633401171557879E+08  2.0578702480521019E+09  1.655450E+18  2.245538E+14  0.000000E+00  2.245538E+14  5.000000E-01  3.330669E-16 -3.275153E+12 -1.458516E-02
     92  4.4129010536642566E-01  7.7633447641206956E+08  2.0578702369381227E+09  1.655450E+18  2.246836E+14  0.000000E+00  2.246836E+14  5.000000E-01  4.440892E-16 -3.277798E+12 -1.458851E-02
     93  4.4129036136641991E-01  7.7633540580505085E+08  2.0578702147101645E+09  1.655450E+18  2.249253E+14  0.000000E+00  2.249253E+14  5.000000E-01  5.551115E-16 -3.282723E+12 -1.459472E-02
     94  4.4129087336640849E-01  7.7633726459101355E+08  2.0578701702542484E+09  1.655450E+18  2.253451E+14  0.000000E+00  2.253451E+14  5.000000E-01  5.551115E-16 -3.291267E+12 -1.460545E-02
     95  4.4129189736638558E-01  7.7634098216293895E+08  2.0578700813424160E+09  1.655450E+18  2.259809E+14  0.000000E+00  2.259809E+14  5.000000E-01  4.440892E-16 -3.304174E+12 -1.462147E-02
     96  4.4129394536633981E-01  7.7634841730678988E+08  2.0578699035187511E+09  1.655450E+18  2.267245E+14  0.000000E+00  2.267245E+14  5.000000E-01  5.551115E-16 -3.319161E+12 -1.463962E-02
     97  4.4129804136624828E-01  7.7636328759449172E+08  2.0578695478714213E+09  1.655450E+18  2.272886E+14  0.000000E+00  2.272886E+14  5.000000E-01  1.110223E-16 -3.330204E+12 -1.465188E-02
     98  4.4130623336606517E-01  7.7639302816989529E+08  2.0578688365767620E+09  1.655450E+18  2.276037E+14  0.000000E+00  2.276037E+14  5.000000E-01  5.551115E-16 -3.335619E+12 -1.465538E-02
     99  4.4132261736569894E-01  7.7645250932070243E+08  2.0578674139874432E+09  1.655450E+18  2.280061E+14  0.000000E+00  2.280061E+14  5.000000E-01  3.330669E-16 -3.341779E+12 -1.465653E-02
    100  4.4135538536496655E-01  7.7657147162231684E+08  2.0578645688088055E+09  1.655450E+18  2.288043E+14  0.000000E+00  2.288043E+14  5.000000E-01  5.551115E-16 -3.353953E+12 -1.465861E-02
    101  4.4142092136350169E-01  7.7680939622554553E+08  2.0578588784515300E+09  1.655450E+18  2.304072E+14  0.000000E+00  2.304072E+14  5.000000E-01  2.220446E-16 -3.378399E+12 -1.466273E-02
    102  4.4155199336057199E-01  7.7727592580952561E+08  2.0578323678541694E+09  1.655450E+18  2.335781E+14  0.000000E+00  2.335781E+14  5.000000E-01  4.440892E-16 -3.426785E+12 -1.467083E-02
    103  4.4181413735471264E-01  7.7820834383204579E+08  2.0577783057958941E+09  1.655450E+18  2.400435E+14  0.000000E+00  2.400435E+14  5.000000E-01  3.330669E-16 -3.525540E+12 -1.468709E-02
    104  4.4233842534299389E-01  7.8006988195958614E+08  2.0576538324149168E+09  1.655450E+18  2.534619E+14  0.000000E+00  2.534619E+14  5.000000E-01  3.330669E-16 -3.730828E+12 -1.471949E-02
    105  4.4338700131955638E-01  8.1195315264981866E+08  2.0602823025879962E+09  1.655450E+18  6.436598E+14  0.000000E+00  6.436598E+14  5.000000E-01  1.110223E-16 -1.002168E+13 -1.556984E-02
    106  4.4338700152927157E-01  8.1195317622760582E+08  2.0602823050164974E+09  1.655450E+18  6.410857E+14  0.000000E+00  6.410857E+14  5.000000E-01  3.330669E-16 -9.882345E+12 -1.541501E-02
    107  4.4338700194870195E-01  8.1195322338318014E+08  2.0602823098734994E+09  1.655450E+18  6.410431E+14  0.000000E+00  6.410431E+14  5.000000E-01  3.330669E-16 -9.880095E+12 -1.541253E-02
    108  4.4338700278756271E-01  8.1195331769432878E+08  2.0602823195875034E+09  1.655450E+18  6.410393E+14  0.000000E+00  6.410393E+14  5.000000E-01  3.330669E-16 -9.879993E+12 -1.541246E-02
    109  4.4338700446528428E-01  8.1195350631663227E+08  2.0602823390155122E+09  1.655450E+18  6.410324E+14  0.000000E+00  6.410324E+14  5.000000E-01  0.000000E+00 -9.879827E+12 -1.541237E-02
    110  4.4338700782072743E-01  8.1195388356123924E+08  2.0602823778715296E+09  1.655450E+18  6.410186E+14  0.000000E+00  6.410186E+14  5.000000E-01  0.000000E+00 -9.879495E+12 -1.541218E-02
    111  4.4338701453161367E-01  8.1195463805044687E+08  2.0602824555835638E+09  1.655450E+18  6.409911E+14  0.000000E+00  6.409911E+14  5.000000E-01  2.220446E-16 -9.878835E+12 -1.541181E-02
    112  4.4338702795338619E-01  8.1195614702886856E+08  2.0602826110076332E+09  1.655450E+18  6.409367E+14  0.000000E+00  6.409367E+14  5.000000E-01  1.110223E-16 -9.877525E+12 -1.541108E-02
    113  4.4338705479693119E-01  8.1195916498570561E+08  2.0602829218557711E+09  1.655450E+18  6.408296E+14  0.000000E+00  6.408296E+14  5.000000E-01  2.220446E-16 -9.874945E+12 -1.540963E-02
    114  4.4338710848402119E-01  8.1196520089937985E+08  2.0602835435520468E+09  1.655450E+18  6.406229E+14  0.000000E+00  6.406229E+14  5.000000E-01  4.440892E-16 -9.869944E+12 -1.540679E-02
    115  4.4338721585820118E-01  8.1197727272672808E+08  2.0602847869445980E+09  1.655450E+18  6.402384E+14  0.000000E+00  6.402384E+14  5.000000E-01  5.551115E-16 -9.860560E+12 -1.540139E-02
    116  4.4338743060656116E-01  8.1200141638142467E+08  2.0602872737297008E+09  1.655450E+18  6.395764E+14  0.000000E+00  6.395764E+14  5.000000E-01  5.551115E-16 -9.844082E+12 -1.539156E-02
    117  4.4338786010328118E-01  8.1204970369082415E+08  2.0602922472999070E+09  1.655450E+18  6.386236E+14  0.000000E+00  6.386236E+14  5.000000E-01  2.220446E-16 -9.819064E+12 -1.537535E-02
    118  4.4338871909672117E-01  8.1214627830961680E+08  2.0603021944403183E+09  1.655450E+18  6.378360E+14  0.000000E+00  6.378360E+14  5.000000E-01  3.330669E-16 -9.792943E+12 -1.535339E-02
    119  4.4339043708360115E-01  8.1233942754720223E+08  2.0603220887211416E+09  1.655450E+18  6.388448E+14  0.000000E+00  6.388448E+14  5.000000E-01  0.000000E+00 -9.795948E+12 -1.533385E-02
    120  4.4339387305736117E-01  8.1272572602237904E+08  2.0603618772827885E+09  1.655450E+18  6.445660E+14  0.000000E+00  6.445660E+14  5.000000E-01  2.220446E-16 -9.881006E+12 -1.532970E-02
    121  4.4340074500488119E-01  8.1349832297273290E+08  2.0604414544060824E+09  1.655450E+18  6.584807E+14  0.000000E+00  6.584807E+14  5.000000E-01  2.220446E-16 -1.010306E+13 -1.534299E-02
    122  4.4341448889992119E-01  8.1504351687343431E+08  2.0606006086526694E+09  1.655450E+18  6.874916E+14  0.000000E+00  6.874916E+14  5.000000E-01  3.330669E-16 -1.056842E+13 -1.537243E-02
    123  4.4344197669000118E-01  8.1813390467483711E+08  2.0609189171458433E+09  1.655450E+18  7.490658E+14  0.000000E+00  7.490658E+14  5.000000E-01  4.440892E-16 -1.155828E+13 -1.543026E-02
    124  4.4349695227016117E-01  8.2431468027764285E+08  2.0615555341321914E+09  1.655450E+18  8.881921E+14  0.000000E+00  8.881921E+14  5.000000E-01  5.551115E-16 -1.380729E+13 -1.554538E-02
    125  4.4360690343048115E-01  8.3667623148325408E+08  2.0628287681048872E+09  1.655450E+18  1.243140E+15  0.000000E+00  1.243140E+15  5.000000E-01  4.440892E-16 -1.960951E+13 -1.577417E-02
    126  4.4382680575112116E-01  8.6139933389448297E+08  2.0653752360502799E+09  1.655451E+18  2.389225E+15  0.000000E+00  2.389225E+15  5.000000E-01  4.440892E-16 -3.873837E+13 -1.621378E-02
    127  4.4382680581659739E-01  8.6139934125582254E+08  2.0653752368084943E+09  1.655451E+18  2.389550E+15  0.000000E+00  2.389550E+15  5.000000E-01  4.440892E-16 -3.875699E+13 -1.621937E-02
    128  4.4382680594754986E-01  8.6139935597850192E+08  2.0653752383249235E+09  1.655451E+18  2.389552E+15  0.000000E+00  2.389552E+15  5.000000E-01  8.881784E-16 -3.875707E+13 -1.621938E-02
    129  4.4382680620945475E-01  8.6139938542385435E+08  2.0653752413577809E+09  1.655451E+18  2.389556E+15  0.000000E+00  2.389556E+15  5.000000E-01  9.992007E-16 -3.875715E+13 -1.621939E-02
    130  4.4382680673326452E-01  8.6139944431455922E+08  2.0653752474234960E+09  1.655451E+18  2.389564E+15  0.000000E+00  2.389564E+15  5.000000E-01  4.440892E-16 -3.875731E+13 -1.621940E-02
    131  4.4382680778088412E-01  8.6139956209597528E+08  2.0653752595549266E+09  1.655451E+18  2.389580E+15  0.000000E+00  2.389580E+15  5.000000E-01  6.661338E-16 -3.875763E+13 -1.621943E-02
    132  4.4382680987612333E-01  8.6139979765880740E+08  2.0653752838177876E+09  1.655451E+18  2.389612E+15  0.000000E+00  2.389612E+15  5.000000E-01  4.440892E-16 -3.875826E+13 -1.621948E-02
    133  4.4382681406660174E-01  8.6140026878447151E+08  2.0653753323435099E+09  1.655451E+18  2.389676E+15  0.000000E+00  2.389676E+15  5.000000E-01  6.661338E-16 -3.875953E+13 -1.621958E-02
    134  4.4382682244755856E-01  8.6140121103579974E+08  2.0653754293949544E+09  1.655451E+18  2.389802E+15  0.000000E+00  2.389802E+15  5.000000E-01  7.771561E-16 -3.876206E+13 -1.621978E-02
    135  4.4382683920947219E-01  8.6140309553845608E+08  2.0653756234978437E+09  1.655451E+18  2.390054E+15  0.000000E+00  2.390054E+15  5.000000E-01  6.661338E-16 -3.876709E+13 -1.622017E-02
    136  4.4382687273329946E-01  8.6140686454376900E+08  2.0653760117036221E+09  1.655451E+18  2.390550E+15  0.000000E+00  2.390550E+15  5.000000E-01  5.551115E-16 -3.877699E+13 -1.622095E-02
    137  4.4382693978095400E-01  8.6141440255439472E+08  2.0653767881151788E+09  1.655451E+18  2.391517E+15  0.000000E+00  2.391517E+15  5.000000E-01  9.992007E-16 -3.879620E+13 -1.622242E-02
    138  4.4382707387626308E-01  8.6142947857564628E+08  2.0653783409382923E+09  1.655451E+18  2.393357E+15  0.000000E+00  2.393357E+15  5.000000E-01  5.551115E-16 -3.883249E+13 -1.622511E-02
    139  4.4382734206688124E-01  8.6145963061814928E+08  2.0653814465845194E+09  1.655451E+18  2.396712E+15  0.000000E+00  2.396712E+15  5.000000E-01  5.551115E-16 -3.889772E+13 -1.622961E-02
    140  4.4382787844811755E-01  8.6151993470315528E+08  2.0653876578769732E+09  1.655451E+18  2.402468E+15  0.000000E+00  2.402468E+15  5.000000E-01  6.661338E-16 -3.900655E+13 -1.623603E-02
    141  4.4382895121059018E-01  8.6164054287316728E+08  2.0654000804618809E+09  1.655451E+18  2.411872E+15  0.000000E+00  2.411872E+15  5.000000E-01  7.771561E-16 -3.917641E+13 -1.624316E-02
    142  4.4383109673553539E-01  8.6188175921318507E+08  2.0654249256316960E+09  1.655451E+18  2.427941E+15  0.000000E+00  2.427941E+15  5.000000E-01  6.661338E-16 -3.945374E+13 -1.624988E-02
    143  4.4383538778542586E-01  8.6236419189322698E+08  2.0654746159713266E+09  1.655451E+18  2.458809E+15  0.000000E+00  2.458809E+15  5.000000E-01  4.440892E-16 -3.997823E+13 -1.625919E-02
    144  4.4384396988520680E-01  8.6332905725331080E+08  2.0655739966505878E+09  1.655451E+18  2.521370E+15  0.000000E+00  2.521370E+15  5.000000E-01  4.440892E-16 -4.104044E+13 -1.627704E-02
    145  4.4386113408476868E-01  8.6525878797347832E+08  2.0657727580091102E+09  1.655451E+18  2.650804E+15  0.000000E+00  2.650804E+15  5.000000E-01  1.110223E-16 -4.324022E+13 -1.631212E-02
    146  4.4389546248389244E-01  8.6911824941381335E+08  2.0661702807261553E+09  1.655451E+18  2.928778E+15  0.000000E+00  2.928778E+15  5.000000E-01  0.000000E+00 -4.797925E+13 -1.638201E-02
    147  4.4396411928213991E-01  8.7683717229447711E+08  2.0669653261602445E+09  1.655451E+18  3.570072E+15  0.000000E+00  3.570072E+15  5.000000E-01 -2.220446E-16 -5.898293E+13 -1.652150E-02
    148  4.4396414988096611E-01  8.7684061244877601E+08  2.0669656804945228E+09  1.655451E+18  3.570449E+15  0.000000E+00  3.570449E+15  5.000000E-01  0.000000E+00 -5.899041E+13 -1.652185E-02
    149  4.4396421107861844E-01  8.7684749275736761E+08  2.0669663891630785E+09  1.655451E+18  3.571166E+15  0.000000E+00  3.571166E+15  5.000000E-01  0.000000E+00 -5.900329E+13 -1.652213E-02
    150  4.4396433347392311E-01  8.7686125337455058E+08  2.0669678065001905E+09  1.655451E+18  3.572583E+15  0.000000E+00  3.572583E+15  5.000000E-01 -2.220446E-16 -5.902863E+13 -1.652268E-02
    151  4.4396457826453245E-01  8.7688877460891664E+08  2.0669706411744139E+09  1.655451E+18  3.575355E+15  0.000000E+00  3.575355E+15  5.000000E-01  0.000000E+00 -5.907791E+13 -1.652365E-02
    152  4.4396506784575118E-01  8.7694381707765508E+08  2.0669763105228617E+09  1.655451E+18  3.580725E+15  0.000000E+00  3.580725E+15  5.000000E-01 -2.220446E-16 -5.917246E+13 -1.652527E-02
    153  4.4396604700818859E-01  8.7705390201512563E+08  2.0669876492197564E+09  1.655451E+18  3.591111E+15  0.000000E+00  3.591111E+15  5.000000E-01  0.000000E+00 -5.935325E+13 -1.652782E-02
    154  4.4396800533306341E-01  8.7727407189006686E+08  2.0670103266135459E+09  1.655451E+18  3.611509E+15  0.000000E+00  3.611509E+15  5.000000E-01  0.000000E+00 -5.970584E+13 -1.653210E-02
    155  4.4397192198281304E-01  8.7771441163994908E+08  2.0670556814011250E+09  1.655451E+18  3.652411E+15  0.000000E+00  3.652411E+15  5.000000E-01 -2.220446E-16 -6.041178E+13 -1.654025E-02
    156  4.4397975528231237E-01  8.7859509113971996E+08  2.0671463909762838E+09  1.655451E+18  3.735373E+15  0.000000E+00  3.735373E+15  5.000000E-01 -2.220446E-16 -6.184376E+13 -1.655625E-02
    157  4.4399542188131103E-01  9.9282921262152708E+08  2.0680432615800762E+09  1.655452E+18  5.313027E+16  0.000000E+00  5.313027E+16  5.000000E-01 -2.220446E-16 -9.796327E+14 -1.843832E-02
    158  4.4402675507930833E-01  1.2484017984294057E+09  2.0700094164552498E+09  1.655503E+18  3.406726E+19  0.000000E+00  3.406726E+19  5.000000E-01 -4.724521E-06 -4.046400E+17 -1.187768E-02
    159  4.4402776989970782E-01  1.2566792897231779E+09  2.0700730963284647E+09  1.655513E+18  8.334069E+18  0.000000E+00  8.334069E+18  5.000000E-01 -5.023797E-06 -1.767981E+17 -2.121390E-02
    160  4.4402918153357879E-01  1.2681934326027799E+09  2.0701616762052329E+09  1.655526E+18  1.010003E+19  0.000000E+00  1.010003E+19  5.000000E-01 -5.023797E-06 -2.229653E+17 -2.207572E-02
    161  4.4403200480132071E-01  1.2912217183619835E+09  2.0703388359587691E+09  1.655560E+18  1.485361E+19  0.000000E+00  1.485361E+19  5.000000E-01 -5.023797E-06 -3.274591E+17 -2.204576E-02
    162  4.4403765133680456E-01  1.3372782898803914E+09  2.0706931554658418E+09  1.655687E+18  3.201448E+19  0.000000E+00  3.201448E+19  5.000000E-01 -5.023797E-06 -6.850463E+17 -2.139802E-02
    163  4.4404894440777221E-01  1.4293914329167538E+09  2.0714017944799833E+09  1.656584E+18  3.144534E+20  0.000000E+00  3.144534E+20  5.000000E-01 -5.872410E-06 -2.486054E+18 -7.905954E-03
    164  4.4405079336781139E-01  1.4444726735328810E+09  2.0715178165277603E+09  1.656919E+18  2.115487E+20  0.000000E+00  2.115487E+20  5.000000E-01 -6.184785E-06 -3.377603E+18 -1.596608E-02
    165  4.4405449128788976E-01  1.4746351547651353E+09  2.0717498606233139E+09  1.657854E+18  3.104185E+20  0.000000E+00  3.104185E+20  5.000000E-01 -6.184785E-06 -5.105836E+18 -1.644823E-02
    166  4.4406188712804645E-01  1.5349601172291908E+09  2.0722139488144181E+09  1.661270E+18  6.479431E+20  0.000000E+00  6.479431E+20  5.000000E-01 -6.184785E-06 -1.116390E+19 -1.722976E-02
    167  4.4406336629607779E-01  1.5470251097220020E+09  2.0723067664526389E+09  1.662299E+18  7.443999E+20  0.000000E+00  7.443999E+20  5.000000E-01 -6.184785E-06 -1.288147E+19 -1.730450E-02
    168  4.4406632463214046E-01  1.5711550947076240E+09  2.0724924017290804E+09  1.664824E+18  9.708324E+20  0.000000E+00  9.708324E+20  5.000000E-01 -6.184785E-06 -1.708216E+19 -1.759537E-02
    169  4.4407224130426581E-01  1.6194150646788685E+09  2.0728636722819636E+09  1.672243E+18  1.571246E+21  0.000000E+00  1.571246E+21  5.000000E-01 -6.184785E-06 -2.849772E+19 -1.813702E-02
    170  4.4407342191538179E-01  1.6290448457108154E+09  2.0729377555051818E+09  1.674180E+18  1.711522E+21  0.000000E+00  1.711522E+21  5.000000E-01 -6.184785E-06 -3.112294E+19 -1.818437E-02
    171  4.4407566539289772E-01  1.6473440103858342E+09  2.0730785334830844E+09  1.678338E+18  1.999253E+21  0.000000E+00  1.999253E+21  5.000000E-01 -6.184785E-06 -3.674548E+19 -1.837960E-02
    172  4.4408015234792958E-01  1.6839423397358718E+09  2.0733600894388897E+09  1.688672E+18  2.616528E+21  0.000000E+00  2.616528E+21  5.000000E-01 -6.184785E-06 -4.992661E+19 -1.908124E-02
    173  4.4408912625799329E-01  1.7571389984359474E+09  2.0739232013505006E+09  1.717193E+18  3.642029E+21  0.000000E+00  3.642029E+21  5.000000E-01 -6.127602E-06 -6.624645E+19 -1.818944E-02
    174  4.4409092104000603E-01  1.7717783301758718E+09  2.0740358237328219E+09  1.723898E+18  3.802869E+21  0.000000E+00  3.802869E+21  5.000000E-01 -6.125298E-06 -7.413957E+19 -1.949570E-02
    175  4.4409451060403149E-01  1.8010569936557212E+09  2.0742610684974649E+09  1.737870E+18  3.967365E+21  0.000000E+00  3.967365E+21  5.000000E-01 -6.125298E-06 -7.863099E+19 -1.981945E-02
    176  4.4410168973208247E-01  1.8596143206158719E+09  2.0747115580267541E+09  1.766236E+18  3.794150E+21  0.000000E+00  3.794150E+21  5.000000E-01 -6.125610E-06 -6.814480E+19 -1.796049E-02
    177  4.4410312555769266E-01  1.8713257860078115E+09  2.0748016559326112E+09  1.771714E+18  3.775122E+21  0.000000E+00  3.775122E+21  5.000000E-01 -6.125610E-06 -7.455309E+19 -1.974853E-02
    178  4.4410599720891303E-01  1.8947487167916908E+09  2.0749818517443256E+09  1.782271E+18  3.578234E+21  0.000000E+00  3.578234E+21  5.000000E-01 -6.125610E-06 -7.149432E+19 -1.998033E-02
    179  4.4411174051135383E-01  1.9415945783599024E+09  2.0753422433677578E+09  1.801288E+18  3.080267E+21  0.000000E+00  3.080267E+21  5.000000E-01 -6.125610E-06 -6.684850E+19 -2.170218E-02
    180  4.4412322711623536E-01  2.0352863014958723E+09  2.0760630266146185E+09  1.829014E+18  1.971656E+21  0.000000E+00  1.971656E+21  4.999999E-01 -6.125610E-06 -5.921363E+19 -3.003244E-02
    181  4.4412495740720970E-01  2.0493996051729624E+09  2.0761716021910708E+09  1.832010E+18  1.663546E+21  0.000000E+00  1.663546E+21  4.999999E-01 -6.125610E-06 -3.357912E+19 -2.018527E-02
    182  4.4412841798915836E-01  2.0776262125271430E+09  2.0763887533439755E+09  1.837237E+18  1.369392E+21  0.000000E+00  1.369392E+21  4.999999E-01 -6.125610E-06 -2.818989E+19 -2.058569E-02
    183  4.4413533915305570E-01  2.1340794272355039E+09  2.0768230556497850E+09  1.845005E+18  9.220579E+20  0.000000E+00  9.220579E+20  4.999999E-01 -6.125610E-06 -2.184792E+19 -2.369473E-02
    184  4.4414918148085042E-01  2.2469858566526785E+09  2.0776916602614076E+09  1.853348E+18  4.174931E+20  0.000000E+00  4.174931E+20  4.999999E-01 -6.133119E-06 -1.766977E+19 -4.232349E-02
    185  4.4416889351017491E-01  2.4077691353468657E+09  2.0789285880259864E+09  1.857890E+18 -7.717274E+19  0.000000E+00 -7.717274E+19  5.000036E-01 -1.744160E-04  2.922414E+19 -3.786848E-01
    186  4.4417200980980998E-01  2.4331875671313887E+09  2.0791241354999630E+09  1.858291E+18  1.224911E+20  0.000000E+00  1.224911E+20  5.000036E-01 -1.748774E-04 -3.042790E+18 -2.484091E-02
    187  4.4417630008005238E-01  2.4681816159277954E+09  2.0793933495059397E+09  1.858750E+18  1.030568E+20  0.000000E+00  1.030568E+20  5.000036E-01 -1.748775E-04 -2.339380E+18 -2.269991E-02
    188  4.4418488062053718E-01  2.5381697135206089E+09  2.0799317775178926E+09  1.859503E+18  8.223752E+19  0.000000E+00  8.223752E+19  5.000036E-01 -1.748775E-04 -1.868146E+18 -2.271647E-02
    189  4.4420204170150679E-01  2.6781459087062359E+09  2.0810086335417988E+09  1.860767E+18  8.901772E+19  0.000000E+00  8.901772E+19  5.000035E-01 -1.750321E-04 -2.907755E+18 -3.266490E-02
    190  4.4420547391770071E-01  2.7061411477433615E+09  2.0812240047465799E+09  1.861059E+18  9.110818E+19  0.000000E+00  9.110818E+19  5.000035E-01 -1.750321E-04 -1.120758E+18 -1.230140E-02
    191  4.4421233835008855E-01  2.7621316258176126E+09  2.0816547471561425E+09  1.861812E+18  1.363337E+20  0.000000E+00  1.363337E+20  5.000035E-01 -1.750321E-04 -1.666027E+18 -1.222021E-02
    192  4.4422606721486424E-01  2.8741125819661140E+09  2.0825162319752672E+09  1.864840E+18  3.930267E+20  0.000000E+00  3.930267E+20  5.000035E-01 -1.743496E-04 -7.807763E+18 -1.986573E-02
    193  4.4422881298781935E-01  2.8965087731956329E+09  2.0826885289390907E+09  1.865867E+18  4.135234E+20  0.000000E+00  4.135234E+20  5.000035E-01 -1.743496E-04 -5.015765E+18 -1.212934E-02
    194  4.4423235949780515E-01  2.9254362617890868E+09  2.0829110720672779E+09  1.867502E+18  5.188599E+20  0.000000E+00  5.188599E+20  5.000035E-01 -1.743496E-04 -6.294447E+18 -1.213130E-02
    195  4.4423945251777675E-01  2.9832912389759941E+09  2.0833561583236520E+09  1.872141E+18  8.313707E+20  0.000000E+00  8.313707E+20  5.000034E-01 -1.743496E-04 -1.298333E+19 -1.561678E-02
    196  4.4425363855771999E-01  3.0990011933502622E+09  2.0842463308364038E+09  1.890195E+18  1.865376E+21  0.000000E+00  1.865376E+21  5.000034E-01 -1.741552E-04 -9.578043E+18 -5.134644E-03
    197  4.4425609070446048E-01  3.1190023909076405E+09  2.0844002027861767E+09  1.895036E+18  2.100772E+21  0.000000E+00  2.100772E+21  5.000034E-01 -1.741552E-04 -2.965771E+19 -1.411753E-02
    198  4.4426022098340845E-01  3.1526914535730748E+09  2.0846593773552735E+09  1.904694E+18  2.591332E+21  0.000000E+00  2.591332E+21  5.000034E-01 -1.741552E-04 -4.082605E+19 -1.575486E-02
    199  4.4426848154130438E-01  3.2200695789039431E+09  2.0851777264934666E+09  1.930582E+18  3.857276E+21  0.000000E+00  3.857276E+21  5.000033E-01 -1.741552E-04 -7.149857E+19 -1.853603E-02
    200  4.4428500265709620E-01  3.3548258295652270E+09  2.0862144247698498E+09  2.010983E+18  6.522779E+21  0.000000E+00  6.522779E+21  5.000033E-01 -1.741553E-04 -1.243659E+20 -1.906639E-02
    201  4.4428781295933945E-01  3.3777483608456554E+09  2.0863907709397094E+09  2.027597E+18  5.960009E+21  0.000000E+00  5.960009E+21  5.000033E-01 -1.741553E-04 -1.283354E+20 -2.153275E-02
    202  4.4429300006754763E-01  3.4200575645772481E+09  2.0867162614336081E+09  2.059001E+18  6.185357E+21  0.000000E+00  6.185357E+21  5.000033E-01 -1.741553E-04 -1.381786E+20 -2.233964E-02
    203  4.4430337428396399E-01  3.5046759720404329E+09  2.0873672424214056E+09  2.119139E+18  4.426634E+21  0.000000E+00  4.426634E+21  5.000032E-01 -1.741554E-04 -1.265958E+20 -2.859866E-02
    204  4.4430544912724729E-01  3.5215996535332513E+09  2.0874974386189663E+09  2.130025E+18  5.148033E+21  0.000000E+00  5.148033E+21  5.000032E-01 -1.741554E-04 -1.307580E+20 -2.539959E-02
    205  4.4430959881381382E-01  3.5554470165184345E+09  2.0877578310140848E+09  2.150231E+18  4.634685E+21  0.000000E+00  4.634685E+21  5.000032E-01 -1.741554E-04 -1.145098E+20 -2.470714E-02
    206  4.4431789818694689E-01  3.6231417424888015E+09  2.0882786158043213E+09  2.183916E+18  3.907376E+21  0.000000E+00  3.907376E+21  5.000032E-01 -1.741547E-04 -6.353598E+19 -1.626052E-02
    207  4.4433449693321309E-01  3.7585311944299879E+09  2.0893201853847980E+09  2.226817E+18 -1.498626E+21  0.000000E+00 -1.498626E+21  5.000031E-01 -1.747995E-04 -2.653296E+20  1.770486E-01
    208  4.4433718313968706E-01  3.7804415252754879E+09  2.0894887445582020E+09  2.231355E+18  1.508293E+21  0.000000E+00  1.508293E+21  5.000031E-01 -1.748039E-04 -7.108529E+19 -4.712961E-02
    209  4.4434160641886544E-01  3.8165204757058086E+09  2.0897663048609064E+09  2.237744E+18  1.267597E+21  0.000000E+00  1.267597E+21  5.000031E-01 -1.748039E-04 -3.157447E+19 -2.490891E-02
    210  4.4435045297722220E-01  3.8886783765664501E+09  2.0903214254663146E+09  2.247247E+18  8.962559E+19  0.000000E+00  8.962559E+19  5.000031E-01 -1.748039E-04  1.192342E+20  1.330359E+00
    211  4.4436814609393566E-01  4.0329941782872801E+09  2.0914316666771278E+09  2.257761E+18 -6.592927E+20  0.000000E+00 -6.592927E+20  5.000031E-01 -1.748059E-04  5.502885E+20 -8.346649E-01
    212  4.4437103570736403E-01  4.0565636197447734E+09  2.0916129896155028E+09  2.258814E+18  3.033473E+20  0.000000E+00  3.033473E+20  5.000030E-01 -1.748066E-04  1.383751E+19  4.561606E-02
    213  4.4437606951396796E-01  4.0976224025200186E+09  2.0919288604498768E+09  2.260352E+18  1.685778E+20  0.000000E+00  1.685778E+20  5.000030E-01 -1.748066E-04 -5.957029E+18 -3.533696E-02
    214  4.4438613712717584E-01  4.1797399680705085E+09  2.0925606021186247E+09  2.262563E+18  1.240475E+21  0.000000E+00  1.240475E+21  5.000030E-01 -1.748066E-04 -5.144272E+20 -4.147019E-01
    215  4.4438815064981740E-01  4.1961634811805162E+09  2.0926869504523735E+09  2.262893E+18  1.773075E+20  0.000000E+00  1.773075E+20  5.000030E-01 -1.748066E-04 -3.405330E+19 -1.920579E-01
    216  4.4439151356262252E-01  4.2235934397032237E+09  2.0928979728768044E+09  2.263381E+18  2.744435E+20  0.000000E+00  2.744435E+20  5.000030E-01 -1.748066E-04 -5.315325E+19 -1.936765E-01
    217  4.4439823938823281E-01  4.2784533567490916E+09  2.0933200177256694E+09  2.264145E+18  1.757440E+21  0.000000E+00  1.757440E+21  5.000030E-01 -1.748066E-04 -5.472619E+20 -3.113972E-01
    218  4.4441169103945338E-01  4.3881731908408279E+09  2.0941641074233997E+09  2.265021E+18  8.253536E+20  0.000000E+00  8.253536E+20  5.000030E-01 -1.748066E-04  9.800396E+20  1.187418E+00
    219  4.4441437579572857E-01  4.4100716929845190E+09  2.0943325755969822E+09  2.265115E+18  3.824600E+20  0.000000E+00  3.824600E+20  5.000030E-01 -1.748066E-04  1.448414E+18  3.787101E-03
    220  4.4441974530827899E-01  4.4538686972723541E+09  2.0946695119441507E+09  2.265248E+18  1.511218E+21  0.000000E+00  1.511218E+21  5.000030E-01 -1.748066E-04 -5.733361E+20 -3.793866E-01
    221  4.4443048433337984E-01  4.5414627058480263E+09  2.0953433846384878E+09  2.265354E+18  6.064856E+21  0.000000E+00  6.064856E+21  5.000029E-01 -1.748066E-04 -2.070805E+21 -3.414434E-01
    222  4.4443263213840001E-01  4.5589815075631599E+09  2.0954781591773553E+09  2.265358E+18  4.500165E+20  0.000000E+00  4.500165E+20  5.000029E-01 -1.748066E-04 -1.875701E+20 -4.168072E-01
    223  4.4443692774844035E-01  4.5940191109934282E+09  2.0957477082550900E+09  2.265362E+18  1.006504E+21  0.000000E+00  1.006504E+21  5.000029E-01 -1.748066E-04 -5.159095E+20 -5.125756E-01
    224  4.4444551896852103E-01  4.6640943178539658E+09  2.0962868064105597E+09  2.265377E+18  9.338027E+21  0.000000E+00  9.338027E+21  5.000029E-01 -1.748066E-04 -5.470451E+21 -5.858252E-01
    225  4.4446270140868238E-01  4.8042447315750389E+09  2.0973650027214990E+09  2.265594E+18 -1.633432E+22  0.000000E+00 -1.633432E+22  5.000028E-01 -1.748066E-04  5.345360E+22 -3.272471E+00
    226  4.4446534750899075E-01  4.8258279321846504E+09  2.0975310452372341E+09  2.265683E+18  2.115951E+21  0.000000E+00  2.115951E+21  5.000028E-01 -1.748066E-04  3.160034E+21  1.493434E+00
    227  4.4447005538158335E-01  4.8642281992831039E+09  2.0978264637467151E+09  2.265886E+18  7.356064E+20  0.000000E+00  7.356064E+20  5.000028E-01 -1.748066E-04 -1.094520E+21 -1.487915E+00
    228  4.4447947112676861E-01  4.9410287334804630E+09  2.0984173007656808E+09  2.266581E+18 -3.114726E+22  0.000000E+00 -3.114726E+22  5.000028E-01 -1.748066E-04 -1.573694E+22  5.052430E-01
    229  4.4448135427580565E-01  4.9563888403198452E+09  2.0985354681694732E+09  2.266774E+18 -3.918463E+21  0.000000E+00 -3.918463E+21  5.000028E-01 -1.748066E-04 -1.250368E+21  3.190965E-01
    230  4.4448502595963191E-01  4.9863373227513514E+09  2.0987658659429693E+09  2.267239E+18 -4.502199E+21  0.000000E+00 -4.502199E+21  5.000028E-01 -1.748066E-04 -1.217338E+21  2.703873E-01
    231  4.4449236932728442E-01  5.0462342876143646E+09  2.0992266614899614E+09  2.268546E+18 -4.934201E+22  0.000000E+00 -4.934201E+22  5.000027E-01 -1.748066E-04 -1.978782E+22  4.010340E-01
    232  4.4449383800081493E-01  5.0582136805870571E+09  2.0993188205993605E+09  2.268875E+18 -5.196195E+21  0.000000E+00 -5.196195E+21  5.000027E-01 -1.748066E-04 -1.161916E+21  2.236090E-01
    233  4.4449677534787596E-01  5.0821724665324440E+09  2.0995031388181586E+09  2.269627E+18 -5.970595E+21  0.000000E+00 -5.970595E+21  5.000027E-01 -1.748066E-04 -1.242869E+21  2.081651E-01
    234  4.4450265004199802E-01  5.1300900384232168E+09  2.0998717752557549E+09  2.271537E+18 -9.577107E+22  0.000000E+00 -9.577107E+22  5.000026E-01 -1.748066E-04 -9.463291E+21  9.881158E-02
    235  4.4451439943024207E-01  5.2259251822043095E+09  2.1006090481309445E+09  2.277511E+18 -3.885724E+24  0.000000E+00 -3.885724E+24  5.000025E-01 -1.748076E-04  2.060297E+23 -5.302221E-02
    236  4.4451579942100666E-01  5.2373443568396378E+09  2.1006968974040139E+09  2.278547E+18 -1.905309E+23  0.000000E+00 -1.905309E+23  5.000024E-01 -1.767941E-04  9.142363E+21 -4.798363E-02
    237  4.4451817387949444E-01  5.2567118818419132E+09  2.1008458944241085E+09  2.280350E+18 -3.650206E+22  0.000000E+00 -3.650206E+22  5.000023E-01 -1.767941E-04 -1.186492E+21  3.250478E-02
    238  4.4452292279646993E-01  5.2954469318460121E+09  2.1011438884642944E+09  2.284608E+18 -3.144810E+23  0.000000E+00 -3.144810E+23  5.000022E-01 -1.767941E-04 -6.874152E+21  2.185872E-02
    239  4.4453242063042098E-01  5.3729170318546629E+09  2.1017398765446699E+09  2.296177E+18  9.145370E+24  0.000000E+00  9.145370E+24  5.000019E-01 -1.767941E-04 -4.455833E+23 -4.872228E-02
    240  4.4453381157765826E-01  5.3842624419907169E+09  2.1018271583373525E+09  2.298221E+18  7.535698E+23  0.000000E+00  7.535698E+23  5.000018E-01 -1.767941E-04 -2.463673E+22 -3.269336E-02
    241  4.4453659347213281E-01  5.4069532622628231E+09  2.1020017219227176E+09  2.302629E+18  2.927678E+22  0.000000E+00  2.927678E+22  5.000017E-01 -1.767941E-04 -8.065093E+21 -2.754774E-01
    242  4.4454215726108187E-01  5.4523349028065834E+09  2.1023508490934446E+09  2.312499E+18 -1.177698E+24  0.000000E+00 -1.177698E+24  5.000014E-01 -1.767941E-04 -2.288938E+22  1.943570E-02
    243  4.4455328483898005E-01  5.5430981838945580E+09  2.1030491034349022E+09  2.334792E+18  2.605727E+25  0.000000E+00  2.605727E+25  5.000004E-01 -1.767941E-04 -1.380556E+24 -5.298162E-02
    244  4.4455494339402390E-01  5.5566263657705469E+09  2.1031531775892706E+09  2.338200E+18  1.695779E+24  0.000000E+00  1.695779E+24  5.000002E-01 -1.767941E-04 -8.213057E+22 -4.843234E-02
    245  4.4455789714385141E-01  5.5807189426377430E+09  2.1033385250799382E+09  2.344105E+18  7.804806E+22  0.000000E+00  7.804806E+22  4.999998E-01 -1.767941E-04 -2.347834E+22 -3.008190E-01
    246  4.4456380464350637E-01  5.6289040963716812E+09  2.1037092200612700E+09  2.355127E+18 -1.339489E+24  0.000000E+00 -1.339489E+24  4.999990E-01 -1.767941E-04 -7.605050E+22  5.677577E-02
    247  4.4457561964281633E-01  5.7252744038400097E+09  2.1044506100239372E+09  2.372657E+18 -5.900007E+24  0.000000E+00 -5.900007E+24  4.999970E-01 -1.767941E-04 -9.233104E+23  1.564931E-01
    248  4.4457798264267834E-01  5.7445484653337669E+09  2.1045988880164711E+09  2.375174E+18 -6.288562E+23  0.000000E+00 -6.288562E+23  4.999966E-01 -1.767941E-04 -8.242544E+22  1.310720E-01
    249  4.4458220292910383E-01  5.7789716836310492E+09  2.1048637105453055E+09  2.379224E+18 -3.053867E+23  0.000000E+00 -3.053867E+23  4.999958E-01 -1.767941E-04 -4.632059E+22  1.516785E-01
    250  4.4459064350195482E-01  5.8478181202256155E+09  2.1053933556029742E+09  2.385269E+18 -1.649096E+24  0.000000E+00 -1.649096E+24  4.999940E-01 -1.767941E-04 -2.899909E+23  1.758483E-01
    251  4.4460752464765679E-01  5.9855109934147472E+09  2.1064526457183113E+09  2.391936E+18 -6.692207E+24  0.000000E+00 -6.692207E+24  4.999901E-01 -1.767941E-04 -1.971446E+24  2.945883E-01
    252  4.4461090087679717E-01  6.0130495680523920E+09  2.1066645037413776E+09  2.392359E+18 -1.025944E+24  0.000000E+00 -1.025944E+24  4.999892E-01 -1.767941E-04 -1.975280E+23  1.925329E-01
    253  4.4461696944344165E-01  6.0625484819395189E+09  2.1070453056593428E+09  2.393216E+18 -5.925606E+23  0.000000E+00 -5.925606E+23  4.999877E-01 -1.767941E-04 -1.133216E+23  1.912405E-01
    254  4.4462910657673055E-01  6.1615463097133198E+09  2.1078069094952698E+09  2.393913E+18 -3.609607E+24  0.000000E+00 -3.609607E+24  4.999845E-01 -1.767941E-04 -5.799779E+23  1.606762E-01
    255  4.4465338084330835E-01  6.3595419652609215E+09  2.1093301171671236E+09  2.391397E+18  3.890211E+25  0.000000E+00  3.890211E+25  4.999778E-01 -1.767941E-04  7.224429E+24  1.857079E-01
    256  4.4465683491558317E-01  6.3877154757629976E+09  2.1095468598386793E+09  2.391168E+18  2.937417E+24  0.000000E+00  2.937417E+24  4.999768E-01 -1.767941E-04  4.688378E+23  1.596089E-01
    257  4.4466374306013284E-01  6.4440624967676029E+09  2.1099803451817944E+09  2.389837E+18  7.846940E+23  0.000000E+00  7.846940E+23  4.999748E-01 -1.767941E-04  1.997787E+21  2.545945E-03
    258  4.4467755934923220E-01  6.5567565387768126E+09  2.1108473158680243E+09  2.386468E+18  4.593954E+23  0.000000E+00  4.593954E+23  4.999707E-01 -1.767941E-04 -1.706560E+23 -3.714795E-01
    259  4.4470519192743085E-01  6.7821446227947798E+09  2.1125812572404807E+09  2.375845E+18  7.594649E+25  0.000000E+00  7.594649E+25  4.999621E-01 -1.767941E-04  2.367636E+25  3.117505E-01
    260  4.4470907102920515E-01  6.8137849319376211E+09  2.1128246704683766E+09  2.374244E+18  3.769009E+24  0.000000E+00  3.769009E+24  4.999608E-01 -1.767941E-04  1.410504E+24  3.742373E-01
    261  4.4471682923275380E-01  6.8770655502237568E+09  2.1133114969241719E+09  2.370478E+18  5.208012E+24  0.000000E+00  5.208012E+24  4.999583E-01 -1.767941E-04  4.338411E+22  8.330264E-03
    262  4.4473234563985109E-01  7.0036267867960272E+09  2.1142851498357625E+09  2.362099E+18  7.199330E+25  0.000000E+00  7.199330E+25  4.999532E-01 -1.767941E-04  6.265959E+23  8.703530E-03
    263  4.4476337845404562E-01  7.2567492599401150E+09  2.1162324556589401E+09  2.340364E+18  2.180369E+26  0.000000E+00  2.180369E+26  4.999425E-01 -1.767942E-04  9.401022E+25  4.311666E-01
    264  4.4476768565510766E-01  7.2918814067804680E+09  2.1165027320720661E+09  2.337339E+18 -5.214444E+25  0.000000E+00 -5.214444E+25  4.999410E-01 -1.767941E-04  2.648508E+24 -5.079175E-02
    265  4.4477578009351487E-01  7.3579045607072363E+09  2.1170106572298331E+09  2.331031E+18  8.085934E+24  0.000000E+00  8.085934E+24  4.999382E-01 -1.767941E-04 -9.711613E+23 -1.201050E-01
    266  4.4479196897032935E-01  7.4899508685612268E+09  2.1180265075453713E+09  2.317459E+18  3.341693E+26  0.000000E+00  3.341693E+26  4.999323E-01 -1.767941E-04 -6.308021E+24 -1.887672E-02
    267  4.4479520674569223E-01  7.5163601301318436E+09  2.1182296776084774E+09  2.314174E+18 -3.156402E+24  0.000000E+00 -3.156402E+24  4.999312E-01 -1.767941E-04 -2.407004E+24  7.625785E-01
    268  4.4479977441895019E-01  7.5536168463394489E+09  2.1185162986244717E+09  2.309895E+18 -1.089862E+25  0.000000E+00 -1.089862E+25  4.999295E-01 -1.767941E-04 -8.832395E+23  8.104138E-02
    269  4.4480890976546611E-01  7.6281302787546606E+09  2.1190895406564603E+09  2.301026E+18  1.100896E+25  0.000000E+00  1.100896E+25  4.999262E-01 -1.767941E-04 -4.037165E+24 -3.667162E-01
    270  4.4482718045849790E-01  7.7771571435846300E+09  2.1202360247204340E+09  2.281929E+18  7.897980E+26  0.000000E+00  7.897980E+26  4.999193E-01 -1.767941E-04 -1.902355E+25 -2.408661E-02
    271  4.4486372184456152E-01  7.8769298287024879E+09  2.1200581515430207E+09  2.268332E+18  4.508937E+27  0.000000E+00  4.508937E+27  4.999054E-01 -1.767946E-04  1.170433E+25  2.595807E-03
    272  4.4493680461668872E-01  7.9465126808853855E+09  2.1180829021313367E+09  2.256856E+18  2.682894E+26  0.000000E+00  2.682894E+26  4.998774E-01 -1.767948E-04 -1.897437E+25 -7.072353E-02
    273  4.4508297016094311E-01  8.0856783852511826E+09  2.1141324033079684E+09  2.234064E+18  6.364041E+26  0.000000E+00  6.364041E+26  4.998207E-01 -1.767966E-04 -3.124141E+25 -4.909052E-02
    274  4.4511220326979400E-01  8.1135115261243525E+09  2.1133423035432944E+09  2.228873E+18 -7.601956E+25  0.000000E+00 -7.601956E+25  4.998093E-01 -1.767964E-04 -4.006369E+24  5.270182E-02
    275  4.4517066948749578E-01  8.1691778078706923E+09  2.1117621040139468E+09  2.218715E+18 -2.642926E+26  0.000000E+00 -2.642926E+26  4.997863E-01 -1.767964E-04 -3.019130E+24  1.142343E-02
    276  4.4528760192289929E-01  8.2805103713633194E+09  2.1086017049552524E+09  2.197083E+18 -8.861830E+26  0.000000E+00 -8.861830E+26  4.997401E-01 -1.767969E-04 -2.211557E+25  2.495598E-02
    277  4.4552146679370636E-01  8.5031754983486252E+09  2.1022809068378623E+09  2.147887E+18  6.231341E+26  0.000000E+00  6.231341E+26  4.996463E-01 -1.767844E-04 -7.637380E+25 -1.225640E-01
    278  4.4556823976786775E-01  8.5477085237456656E+09  2.1010167472143850E+09  2.136586E+18 -1.756808E+26  0.000000E+00 -1.756808E+26  4.996273E-01 -1.767865E-04 -1.129744E+25  6.430662E-02
    279  4.4566178571619058E-01  8.6367745745397987E+09  2.0984884279674287E+09  2.113514E+18 -3.418022E+27  0.000000E+00 -3.418022E+27  4.995892E-01 -1.767874E-04 -8.442092E+24  2.469876E-03
    280  4.4584887761283620E-01  8.6625632875274849E+09  2.0931305449659591E+09  2.106618E+18  7.717182E+27  0.000000E+00  7.717182E+27  4.995129E-01 -1.768119E-04 -9.968356E+25 -1.291709E-02
    281  4.4622306140612750E-01  8.6612931171308002E+09  2.0823102778862672E+09  2.107580E+18  6.211470E+25  0.000000E+00  6.211470E+25  4.993618E-01 -1.768143E-04  4.946777E+24  7.963940E-02
    282  4.4697142899271008E-01  8.6590026982367401E+09  2.0612439110969310E+09  2.109209E+18  6.286333E+25  0.000000E+00  6.286333E+25  4.990669E-01 -1.768147E-04  3.044683E+24  4.843337E-02
    283  4.4846816416587520E-01  8.6573423243493347E+09  2.0257354105581450E+09  2.112136E+18 -5.675109E+25  0.000000E+00 -5.675109E+25  4.985025E-01 -1.768333E-04  7.812217E+24 -1.376576E-01
    284  4.5146163451220550E-01  8.6827538330206890E+09  2.0063431319047337E+09  2.115587E+18 -9.357355E+26  0.000000E+00 -9.357355E+26  4.974706E-01 -1.769006E-04  1.453713E+25 -1.553552E-02
    285  4.5744857520486609E-01  8.7770612356861668E+09  2.0391274576155937E+09  2.119239E+18 -1.191806E+28  0.000000E+00 -1.191806E+28  4.954304E-01 -1.769727E-04  1.033452E+25 -8.671315E-04
    286  4.6744857498134867E-01  8.6493623344738712E+09  1.7297206001950846E+09  2.139845E+18  3.490261E+28  0.000000E+00  3.490261E+28  4.929700E-01 -1.781885E-04  3.491913E+25  1.000473E-03
    287  4.7744857475783126E-01  8.6554414282696419E+09  1.6495826536690447E+09  2.147490E+18 -2.668149E+28  0.000000E+00 -2.668149E+28  4.910531E-01 -1.784128E-04  1.147471E+26 -4.300626E-03
    288  4.8744857453431384E-01  8.6080347671623077E+09  1.5311752441293912E+09  2.159050E+18  5.613732E+27  0.000000E+00  5.613732E+27  4.895034E-01 -1.780502E-04 -9.209740E+24 -1.640573E-03
    289  4.9744857431079642E-01  8.5561198046533279E+09  1.4199833299646308E+09  2.167994E+18  1.976154E+27  0.000000E+00  1.976154E+27  4.882341E-01 -1.778305E-04 -1.360103E+25 -6.882578E-03
    290  5.0744857408727895E-01  8.4657785101494579E+09  1.2869968182735159E+09  2.179325E+18  3.863732E+27  0.000000E+00  3.863732E+27  4.872115E-01 -1.777712E-04 -4.623223E+25 -1.196569E-02
    291  5.1744857386376153E-01  8.3619897458344307E+09  1.1596591086150422E+09  2.191136E+18  2.639404E+27  0.000000E+00  2.639404E+27  4.864005E-01 -1.775443E-04 -4.894949E+25 -1.854566E-02
    292  5.2744857364024411E-01  8.2547164536133127E+09  1.0464251167480612E+09  2.203490E+18  3.620839E+26  0.000000E+00  3.620839E+26  4.857541E-01 -1.775712E-04  1.219867E+25  3.369017E-02
    293  5.3744857341672669E-01  8.1680394816787968E+09  9.6136545449351537E+08  2.213318E+18  3.058761E+26  0.000000E+00  3.058761E+26  4.852237E-01 -1.775774E-04  6.534026E+24  2.136167E-02
    294  5.4744857319320928E-01  8.0632349083940191E+09  8.7202921032310379E+08  2.224568E+18  7.064389E+26  0.000000E+00  7.064389E+26  4.847867E-01 -1.776696E-04 -7.147623E+24 -1.011782E-02
    295  5.5744857296969186E-01  7.9484004927391930E+09  7.8426003121866071E+08  2.236602E+18  8.097269E+26  0.000000E+00  8.097269E+26  4.844317E-01 -1.777310E-04  6.408336E+24  7.914194E-03
    296  5.6744857274617444E-01  7.8366358516694994E+09  7.0739694462062430E+08  2.248013E+18  2.876189E+26  0.000000E+00  2.876189E+26  4.841427E-01 -1.777777E-04 -5.954498E+24 -2.070273E-02
    297  5.7744857252265702E-01  7.7197045714119444E+09  6.3523723681064343E+08  2.259861E+18 -2.179801E+26  0.000000E+00 -2.179801E+26  4.839069E-01 -1.777821E-04 -1.628648E+25  7.471545E-02
    298  5.8654596999999997E-01  7.6111521000000000E+09  5.7476619000000000E+08  2.271009E+18 -4.655491E+26  0.000000E+00 -4.655491E+26  4.837318E-01 -1.777679E-04 -1.525225E+25  3.276185E-02
