    1   2  1.620344E-16 h2   
    1   3 -2.060200E-21 h3   
    2   3 -1.392763E-15 he3  
    3   6 -2.306717E-24 li6  
    3   7 -7.065858E-26 li7  
    4   7 -4.196466E-21 be7  
    4   9 -7.772792E-23 be9  
    5   8 -5.689411E-28 b8   
    5   9 -2.365718E-18 b9   
    5  10 -6.736944E-23 b10  
    5  11 -1.077394E-22 b11  
    6  11  1.165153E-16 c11  
    6  12  2.368721E-07 c12  
    6  13  3.409857E-15 c13  
    6  14 -1.006730E-20 c14  
    7  12  2.983865E-22 n12  
    7  13  3.947249E-12 n13  
    7  14  3.407416E-14 n14  
    7  15 -6.480375E-15 n15  
    8  14  2.094838E-13 o14  
    8  15 -2.689366E-12 o15  
    8  16  5.934105E-07 o16  
    8  17 -1.014174E-15 o17  
    8  18  5.360413E-22 o18  
    8  19  5.908230E-20 o19  
    9  17  1.392114E-12 f17  
    9  18 -4.606762E-16 f18  
    9  19  2.896549E-19 f19  
    9  20  1.912383E-14 f20  
    9  21  3.816496E-18 f21  
   10  17  1.670002E-25 ne17 
   10  18  1.736714E-15 ne18 
   10  19 -2.557178E-15 ne19 
   10  20  1.402476E-09 ne20 
   10  21  1.253290E-14 ne21 
   10  22 -1.618182E-17 ne22 
   10  23  7.090696E-25 ne23 
   10  24 -8.594182E-29 ne24 
   11  19 -2.491290E-22 na19 
   11  20 -6.016747E-20 na20 
   11  21  8.629673E-13 na21 
   11  22 -9.003453E-15 na22 
   11  23  6.545460E-13 na23 
   11  24 -1.326399E-18 na24 
   11  25 -5.252747E-22 na25 
   11  26  5.176036E-30 na26 
   11  27  2.127159E-29 na27 
   12  20 -6.175792E-27 mg20 
   12  21  3.213880E-23 mg21 
   12  22 -1.346523E-14 mg22 
   12  23  3.015065E-11 mg23 
   12  24  7.377392E-06 mg24 
   12  25  7.429037E-11 mg25 
   12  26 -5.819220E-14 mg26 
   12  27 -3.696943E-19 mg27 
   12  28 -3.385919E-23 mg28 
   12  29  2.227960E-29 mg29 
   13  22  9.346884E-30 al22 
   13  23  2.144017E-20 al23 
   13  24  4.573870E-16 al24 
   13  25  7.929030E-10 al25 
   13  26  6.256326E-10 al26 
   13  27  4.419497E-09 al27 
   13  28  1.170438E-13 al28 
   13  29 -3.512973E-17 al29 
   13  30 -2.724954E-24 al30 
   13  31  1.880829E-29 al31 
   14  23  1.323434E-29 si23 
   14  24  6.236599E-24 si24 
   14  25  4.091588E-19 si25 
   14  26  4.660851E-11 si26 
   14  27  3.527613E-08 si27 
   14  28  5.159594E-02 si28 
   14  29  4.485033E-06 si29 
   14  30  3.318990E-08 si30 
   14  31 -2.776425E-14 si31 
   14  32 -7.003291E-18 si32 
   14  33 -3.386339E-26 si33 
   14  34  2.699932E-29 si34 
   15  27  2.233507E-16 p27  
   15  28  7.545988E-13 p28  
   15  29  8.862912E-06 p29  
   15  30  3.921948E-06 p30  
   15  31  9.680718E-06 p31  
   15  32  8.729630E-11 p32  
   15  33 -2.769491E-13 p33  
   15  34 -6.488607E-20 p34  
   15  35 -4.844563E-24 p35  
   15  36  2.441085E-29 p36  
   15  37  3.399582E-29 p37  
   15  38  2.577045E-29 p38  
   16  28  4.136802E-21 s28  
   16  29  6.278372E-16 s29  
   16  30  6.947724E-08 s30  
   16  31  7.298601E-06 s31  
   16  32  4.829111E-02 s32  
   16  33  1.329842E-05 s33  
   16  34  6.194760E-07 s34  
   16  35 -1.277193E-12 s35  
   16  36 -2.295058E-15 s36  
   16  37 -9.256498E-24 s37  
   16  38 -4.250449E-29 s38  
   16  39  2.992664E-29 s39  
   16  40  3.501525E-29 s40  
   16  41  3.038163E-29 s41  
   16  42  3.381138E-29 s42  
   17  31  4.771548E-14 cl31 
   17  32  7.418971E-11 cl32 
   17  33  4.672079E-06 cl33 
   17  34  3.018262E-06 cl34 
   17  35  1.805420E-05 cl35 
   17  36 -2.415259E-10 cl36 
   17  37 -1.045341E-11 cl37 
   17  38 -8.071920E-19 cl38 
   17  39 -4.409811E-23 cl39 
   17  40  3.098315E-29 cl40 
   17  41  2.936739E-29 cl41 
   17  42  3.373475E-29 cl42 
   17  43  3.866468E-29 cl43 
   17  44  3.181007E-29 cl44 
   17  45  3.638892E-29 cl45 
   18  32  6.339341E-19 ar32 
   18  33  6.647508E-14 ar33 
   18  34  5.176065E-08 ar34 
   18  35  3.080600E-06 ar35 
   18  36  1.936754E-02 ar36 
   18  37  5.614479E-06 ar37 
   18  38  1.552120E-06 ar38 
   18  39 -1.735115E-12 ar39 
   18  40 -1.623448E-15 ar40 
   18  41 -1.264383E-21 ar41 
   18  42 -4.244110E-25 ar42 
   18  43  4.061004E-29 ar43 
   18  44  2.934488E-29 ar44 
   18  45  3.615093E-29 ar45 
   18  46  3.733421E-29 ar46 
   19  35  1.892634E-14 k35  
   19  36  3.646360E-11 k36  
   19  37  6.085961E-07 k37  
   19  38  2.032081E-06 k38  
   19  39  4.527808E-05 k39  
   19  40  8.269582E-11 k40  
   19  41 -2.259203E-12 k41  
   19  42 -2.135112E-17 k42  
   19  43 -2.956616E-20 k43  
   19  44 -1.931275E-25 k44  
   19  45 -9.741399E-30 k45  
   19  46  3.746190E-29 k46  
   19  47  4.314697E-29 k47  
   19  48  3.524899E-29 k48  
   19  49  3.977889E-29 k49  
   20  36  2.485049E-19 ca36 
   20  37  1.453198E-14 ca37 
   20  38  5.949046E-09 ca38 
   20  39  1.253167E-06 ca39 
   20  40  2.967395E-02 ca40 
   20  41  2.910659E-06 ca41 
   20  42  2.996206E-07 ca42 
   20  43 -8.154295E-12 ca43 
   20  44 -1.568496E-13 ca44 
   20  45 -2.743710E-17 ca45 
   20  46 -2.239804E-20 ca46 
   20  47 -1.089863E-24 ca47 
   20  48 -8.011751E-28 ca48 
   20  49  3.848737E-29 ca49 
   21  40  1.198673E-12 sc40 
   21  41  1.919368E-07 sc41 
   21  42  5.241082E-08 sc42 
   21  43  2.148565E-07 sc43 
   21  44 -6.102451E-10 sc44 
   21  45 -1.641560E-10 sc45 
   21  46 -2.258096E-14 sc46 
   21  47 -1.652308E-16 sc47 
   21  48 -2.894918E-20 sc48 
   21  49 -2.348837E-22 sc49 
   21  50 -7.740743E-30 sc50 
   21  51  4.175849E-29 sc51 
   22  41  2.959007E-17 ti41 
   22  42  1.318005E-10 ti42 
   22  43  5.083384E-09 ti43 
   22  44  1.244213E-04 ti44 
   22  45 -1.248286E-06 ti45 
   22  46  5.201950E-06 ti46 
   22  47 -2.092662E-10 ti47 
   22  48  6.346802E-11 ti48 
   22  49 -9.017284E-14 ti49 
   22  50 -6.696797E-16 ti50 
   22  51 -1.262614E-21 ti51 
   22  52 -7.881316E-27 ti52 
   22  53  4.189716E-29 ti53 
   23  43  3.617447E-18 v43  
   23  44  7.359507E-15 v44  
   23  45  1.302968E-08 v45  
   23  46  3.684769E-08 v46  
   23  47  1.018952E-05 v47  
   23  48  1.277354E-09 v48  
   23  49 -1.257268E-08 v49  
   23  50 -7.270779E-11 v50  
   23  51 -3.662726E-12 v51  
   23  52 -4.847290E-17 v52  
   23  53 -3.041221E-21 v53  
   23  54 -6.204079E-28 v54  
   23  55  4.530475E-29 v55  
   24  44 -1.708084E-22 cr44 
   24  45  3.149934E-19 cr45 
   24  46  1.001130E-10 cr46 
   24  47  1.841552E-08 cr47 
   24  48  1.678901E-03 cr48 
   24  49  2.660852E-04 cr49 
   24  50  1.303878E-03 cr50 
   24  51  2.653486E-06 cr51 
   24  52  6.669928E-07 cr52 
   24  53 -1.930555E-11 cr53 
   24  54  2.065650E-14 cr54 
   24  55 -2.569704E-20 cr55 
   24  56 -3.342564E-25 cr56 
   24  57  4.354356E-29 cr57 
   24  58  4.781984E-29 cr58 
   25  46 -5.053094E-25 mn46 
   25  47  9.346755E-17 mn47 
   25  48  9.316944E-12 mn48 
   25  49  2.176244E-07 mn49 
   25  50  6.069664E-06 mn50 
   25  51  1.976920E-03 mn51 
   25  52  6.908178E-05 mn52 
   25  53  7.893873E-05 mn53 
   25  54  5.556819E-08 mn54 
   25  55 -7.495001E-11 mn55 
   25  56 -7.085281E-16 mn56 
   25  57 -4.898910E-20 mn57 
   25  58 -3.744489E-26 mn58 
   25  59  5.418116E-29 mn59 
   25  60  4.434814E-29 mn60 
   25  61  4.985679E-29 mn61 
   26  47  1.896404E-29 fe47 
   26  48 -8.082454E-22 fe48 
   26  49  4.133002E-16 fe49 
   26  50  4.025563E-10 fe50 
   26  51  6.392002E-07 fe51 
   26  52  3.870477E-02 fe52 
   26  53  8.088501E-03 fe53 
   26  54  9.659429E-02 fe54 
   26  55  2.261707E-04 fe55 
   26  56  1.013342E-05 fe56 
   26  57 -1.198747E-10 fe57 
   26  58  1.607187E-13 fe58 
   26  59 -7.746258E-19 fe59 
   26  60 -3.923459E-23 fe60 
   26  61  4.180509E-29 fe61 
   26  62  5.884048E-29 fe62 
   26  63  4.428406E-29 fe63 
   27  50 -1.575048E-22 co50 
   27  51  1.541050E-14 co51 
   27  52  5.251827E-12 co52 
   27  53  7.842339E-07 co53 
   27  54  1.130504E-04 co54 
   27  55  8.411152E-02 co55 
   27  56  8.967426E-04 co56 
   27  57  1.338678E-04 co57 
   27  58  5.235033E-08 co58 
   27  59  1.024052E-10 co59 
   27  60 -1.519033E-15 co60 
   27  61 -4.035261E-19 co61 
   27  62 -1.044964E-24 co62 
   27  63  3.328192E-30 co63 
   27  64  4.862736E-29 co64 
   27  65  5.383471E-29 co65 
   28  51 -7.159935E-28 ni51 
   28  52  5.395562E-20 ni52 
   28  53  7.291988E-16 ni53 
   28  54  6.299433E-10 ni54 
   28  55  3.487053E-06 ni55 
   28  56  7.319629E-01 ni56 
   28  57  3.103332E-02 ni57 
   28  58  2.458685E-02 ni58 
   28  59  2.587857E-05 ni59 
   28  60  2.021974E-06 ni60 
   28  61  1.551815E-10 ni61 
   28  62  1.290615E-12 ni62 
   28  63 -2.147953E-18 ni63 
   28  64 -1.530349E-21 ni64 
   28  65 -1.035461E-27 ni65 
   28  66  5.861255E-29 ni66 
   28  67  5.188773E-29 ni67 
   29  55  6.402458E-18 cu55 
   29  56  1.038180E-13 cu56 
   29  57  6.786715E-07 cu57 
   29  58  6.400227E-06 cu58 
   29  59  9.789735E-05 cu59 
   29  60  2.067655E-06 cu60 
   29  61  4.678082E-07 cu61 
   29  62  5.974292E-10 cu62 
   29  63  5.659378E-12 cu63 
   29  64 -3.970103E-16 cu64 
   29  65 -8.839183E-19 cu65 
   29  66 -1.790502E-24 cu66 
   29  67 -3.393248E-28 cu67 
   29  68  5.241829E-29 cu68 
   29  69  5.755148E-29 cu69 
   30  57  4.635295E-20 zn57 
   30  58  1.259551E-11 zn58 
   30  59  2.211153E-09 zn59 
   30  60  4.120401E-06 zn60 
   30  61  5.180772E-07 zn61 
   30  62  9.697902E-07 zn62 
   30  63 -5.123921E-10 zn63 
   30  64 -2.537625E-10 zn64 
   30  65 -1.691601E-13 zn65 
   30  66  2.205009E-16 zn66 
   30  67 -2.008482E-20 zn67 
   30  68 -4.062004E-23 zn68 
   30  69  2.693045E-29 zn69 
   30  70  6.414635E-29 zn70 
   30  71  5.328747E-29 zn71 
   30  72  6.023741E-29 zn72 
   31  59  2.539809E-21 ga59 
   31  60  3.531623E-17 ga60 
   31  61  5.254484E-13 ga61 
   31  62  2.237845E-10 ga62 
   31  63  2.204744E-09 ga63 
   31  64  1.707898E-11 ga64 
   31  65 -1.057843E-11 ga65 
   31  66 -4.419390E-14 ga66 
   31  67 -1.443503E-15 ga67 
   31  68 -3.735826E-19 ga68 
   31  69 -2.548133E-21 ga69 
   31  70 -1.367917E-26 ga70 
   31  71  5.370623E-29 ga71 
   31  72  5.512991E-29 ga72 
   31  73  6.495140E-29 ga73 
   31  74  5.757886E-29 ga74 
   31  75  6.269266E-29 ga75 
   32  62  6.617274E-18 ge62 
   32  63  1.175506E-13 ge63 
   32  64  3.982631E-11 ge64 
   32  65 -2.925182E-13 ge65 
   32  66 -1.232868E-11 ge66 
   32  67 -1.023109E-13 ge67 
   32  68 -2.031901E-14 ge68 
   32  69 -2.608739E-17 ge69 
   32  70 -6.263846E-19 ge70 
   32  71 -5.430549E-23 ge71 
   32  72 -2.764466E-25 ge72 
   32  73  5.923727E-29 ge73 
   32  74  6.025212E-29 ge74 
   32  75  5.928838E-29 ge75 
   32  76  6.856840E-29 ge76 
   32  77  5.871319E-29 ge77 
   32  78  6.542058E-29 ge78 
   33  65  1.281040E-17 as65 
   33  66  2.698763E-16 as66 
   33  67 -6.456634E-16 as67 
   33  68 -1.466172E-16 as68 
   33  69 -1.511079E-16 as69 
   33  70 -1.346257E-18 as70 
   33  71 -2.875248E-19 as71 
   33  72 -9.433408E-23 as72 
   33  73 -2.428261E-24 as73 
   33  74 -8.334083E-29 as74 
   33  75  6.472399E-29 as75 
   33  76  6.225188E-29 as76 
   33  77  6.296417E-29 as77 
   33  78  6.019475E-29 as78 
   33  79  6.650560E-29 as79 
   34  67  2.256851E-19 se67 
   34  68 -7.114525E-18 se68 
   34  69 -2.921704E-18 se69 
   34  70 -1.908908E-17 se70 
   34  71 -5.106700E-18 se71 
   34  72 -3.528246E-18 se72 
   34  73 -2.342956E-21 se73 
   34  74  7.897399E-22 se74 
   34  75 -1.341814E-25 se75 
   34  76 -8.194400E-27 se76 
   34  77  6.220929E-29 se77 
   34  78  6.177641E-29 se78 
   34  79  6.384473E-29 se79 
   34  80  7.141656E-29 se80 
   34  81  6.419668E-29 se81 
   34  82  7.581779E-29 se82 
   34  83  6.125896E-29 se83 
   35  68 -1.178536E-26 br68 
   35  69  2.605175E-23 br69 
   35  70 -3.365043E-23 br70 
   35  71 -1.805496E-20 br71 
   35  72 -1.773272E-21 br72 
   35  73 -3.905557E-21 br73 
   35  74 -1.416264E-22 br74 
   35  75  9.768417E-23 br75 
   35  76 -1.229641E-25 br76 
   35  77 -3.679105E-26 br77 
   35  78  6.211995E-29 br78 
   35  79  6.445961E-29 br79 
   35  80  6.793095E-29 br80 
   35  81  7.258437E-29 br81 
   35  82  6.888066E-29 br82 
   35  83  6.066411E-29 br83 
   36  69  3.193280E-29 kr69 
   36  70 -3.322610E-28 kr70 
   36  71 -9.737094E-27 kr71 
   36  72 -9.587666E-23 kr72 
   36  73 -1.303531E-22 kr73 
   36  74 -8.226251E-22 kr74 
   36  75 -1.851656E-23 kr75 
   36  76  7.856724E-22 kr76 
   36  77 -5.256904E-24 kr77 
   36  78 -4.162036E-24 kr78 
   36  79 -3.035221E-27 kr79 
   36  80  3.381161E-29 kr80 
   36  81  7.092225E-29 kr81 
   36  82  6.361630E-29 kr82 
   36  83  6.415745E-29 kr83 
   36  84  7.434471E-29 kr84 
   36  85  6.952659E-29 kr85 
   36  86  7.610989E-29 kr86 
   36  87  6.273157E-29 kr87 
   37  73  3.993356E-29 rb73 
   37  74 -9.426139E-27 rb74 
   37  75 -2.447836E-25 rb75 
   37  76 -1.244538E-25 rb76 
   37  77  2.191461E-24 rb77 
   37  78 -1.742387E-26 rb78 
   37  79 -2.604033E-25 rb79 
   37  80 -1.230664E-28 rb80 
   37  81  9.432323E-30 rb81 
   37  82  6.961257E-29 rb82 
   37  83  5.778780E-29 rb83 
   37  84  7.037782E-29 rb84 
   37  85  5.838316E-29 rb85 
   38  74  4.375744E-29 sr74 
   38  75  4.683504E-29 sr75 
   38  76 -2.264350E-27 sr76 
   38  77 -5.279418E-27 sr77 
   38  78  3.093505E-25 sr78 
   38  79 -2.611732E-26 sr79 
   38  80 -3.906726E-25 sr80 
   38  81 -5.904524E-27 sr81 
   38  82 -1.896883E-27 sr82 
   38  83  1.384581E-29 sr83 
   38  84 -2.688782E-28 sr84 
   39  75  1.553968E-29 y75  
   39  76  1.478053E-29 y76  
   39  77  2.413487E-29 y77  
   39  78  3.326317E-29 y78  
   39  79  4.127000E-29 y79  
   39  80 -6.349727E-27 y80  
   39  81 -3.866237E-28 y81  
   39  82  3.945175E-29 y82  
   39  83 -2.741177E-29 y83  
   39  84  5.925355E-29 y84  
   39  85 -9.631219E-29 y85  
   39  86  7.242675E-29 y86  
   39  87  7.492723E-29 y87  
   40  78  4.032001E-29 zr78 
   40  79  4.721523E-29 zr79 
   40  80  5.417789E-29 zr80 
   40  81  5.049804E-29 zr81 
   40  82  3.200062E-29 zr82 
   40  83  5.946510E-29 zr83 
   40  84  5.656938E-29 zr84 
   40  85  4.328099E-29 zr85 
   40  86 -7.009004E-28 zr86 
   40  87  7.395084E-29 zr87 
   40  88  8.651332E-28 zr88 
   40  89  8.112388E-29 zr89 
   40  90  8.476851E-29 zr90 
   41  82  2.794187E-29 nb82 
   41  83  5.163034E-29 nb83 
   41  84  4.806628E-29 nb84 
   41  85  5.446883E-29 nb85 
   41  86  6.365504E-29 nb86 
   41  87  4.018165E-29 nb87 
   41  88  6.578906E-29 nb88 
   41  89  1.045391E-28 nb89 
   41  90  7.963170E-29 nb90 
   42  83  4.176064E-29 mo83 
   42  84  4.963018E-29 mo84 
   42  85  6.138603E-29 mo85 
   42  86  6.750890E-29 mo86 
   42  87  7.023954E-29 mo87 
   42  88  7.108770E-29 mo88 
   42  89  6.998503E-29 mo89 
   42  90  1.284268E-28 mo90 
   43  89  5.500753E-29 tc89 
   43  90  6.289961E-29 tc90 
   43  91  6.604227E-29 tc91 
    0   1  1.631713E-11 neut 
    1   1  5.642750E-04 prot 
    2   4  2.466204E-04 he4  
