    1   1  1.5242E-03  2.1598E-03 h1   
    1   2  1.3671E-15  2.8476E-11 h2   
    2   3  2.2942E-15  7.8323E-11 he3  
    2   4  2.1618E-04  7.8552E-04 he4  
    3   6  1.0305E-21  1.5864E-12 li6  
    3   7  3.5950E-21  3.8454E-13 li7  
    4   9  6.2158E-18  3.7402E-08 be9  
    5  10  2.5827E-23  2.4196E-14 b10  
    5  11  3.9767E-15  8.4073E-07 b11  
    6  12  2.8700E-07  9.4644E-05 c12  
    6  13  1.5625E-11  4.2808E-07 c13  
    7  14  9.9624E-13  9.0166E-10 n14  
    7  15  5.6396E-11  1.2925E-05 n15  
    8  16  8.4232E-07  8.7817E-05 o16  
    8  17  2.3627E-12  6.0779E-07 o17  
    8  18  4.1374E-15  1.9090E-10 o18  
    9  19  2.7995E-15  6.9097E-09 f19  
   10  20  1.4858E-09  9.1779E-07 ne20 
   10  21  6.6865E-13  1.6200E-07 ne21 
   10  22  4.3058E-13  3.3066E-09 ne22 
   11  23  4.0880E-11  1.2242E-06 na23 
   12  24  4.5651E-06  8.8677E-03 mg24 
   12  25  1.9012E-09  2.8098E-05 mg25 
   12  26  7.3969E-10  9.5314E-06 mg26 
   13  27  7.8099E-08  1.3453E-03 al27 
   14  28  4.6477E-02  7.1173E+01 si28 
   14  29  2.8374E-05  8.2826E-01 si29 
   14  30  4.2956E-06  1.8261E-01 si30 
   15  31  2.0461E-05  2.5089E+00 p31  
   16  32  5.0484E-02  1.2755E+02 s32  
   16  33  2.0349E-05  6.3155E+00 s33  
   16  34  3.8585E-06  2.0675E-01 s34  
   16  36  3.0873E-17  3.2916E-10 s36  
   17  35  1.6988E-05  6.7093E+00 cl35 
   17  37  5.3869E-06  6.3043E+00 cl37 
   18  36  2.1805E-02  2.8171E+02 ar36 
   18  38  3.2278E-06  2.0989E-01 ar38 
   18  40  2.2376E-17  8.5058E-10 ar40 
   19  39  2.5617E-05  7.3770E+00 k39  
   19  40  1.9456E-10  4.3702E-01 k40  
   19  41  3.3095E-06  1.2564E+01 k41  
   20  40  3.0743E-02  5.1326E+02 ca40 
   20  42  9.1861E-08  2.1890E-01 ca42 
   20  43  1.3291E-07  1.4811E-01 ca43 
   20  44  1.6921E-04  1.1971E+02 ca44 
   20  46  2.3659E-23  8.4720E-15 ca46 
   20  48  9.2563E-30  6.6876E-23 ca48 
   21  45  1.0641E-06  2.7334E+01 sc45 
   22  46  1.6652E-06  7.4539E+00 ti46 
   22  47  8.3452E-06  4.0111E+01 ti47 
   22  48  2.1207E-03  9.8681E+02 ti48 
   22  49  1.2211E-04  7.4637E+02 ti49 
   22  50  1.9027E-18  1.1572E-11 ti50 
   23  50  3.6353E-12  3.9267E-03 v50  
   23  51  9.1445E-04  2.4276E+03 v51  
   24  50  2.3209E-04  3.1263E+02 cr50 
   24  52  4.0475E-02  2.7232E+03 cr52 
   24  53  3.1154E-03  1.8155E+03 cr53 
   24  54  5.1925E-17  1.1917E-10 cr54 
   25  55  3.3727E-02  2.5385E+03 mn55 
   26  54  1.4421E-02  2.0226E+02 fe54 
   26  56  7.3912E-01  6.3248E+02 fe56 
   26  57  1.1109E-02  3.8915E+02 fe57 
   26  58  4.7596E-16  1.2874E-10 fe58 
   27  59  3.4619E-05  1.0310E+01 co59 
   28  58  3.0541E-03  6.1773E+01 ni58 
   28  60  3.3945E-06  1.7339E-01 ni60 
   28  61  1.1166E-07  1.2992E-01 ni61 
   28  62  9.2695E-08  3.3393E-02 ni62 
   28  64  3.1074E-26  4.2750E-20 ni64 
   29  63  3.0543E-10  5.3092E-04 cu63 
   29  65  5.0454E-13  1.9060E-06 cu65 
   30  64  1.6485E-11  1.6612E-05 zn64 
   30  66  5.3001E-13  9.0192E-07 zn66 
   30  67  9.5930E-16  1.0949E-08 zn67 
   30  68  1.2346E-16  3.0414E-10 zn68 
   30  70  8.9179E-30  6.4571E-22 zn70 
   31  69  3.3691E-18  8.5038E-11 ga69 
   31  71  1.7154E-20  6.3254E-13 ga71 
   32  70  2.1023E-18  4.8660E-11 ge70 
   32  72  3.3888E-21  5.7077E-14 ge72 
   32  73  3.7446E-23  2.1852E-15 ge73 
   32  74  1.7603E-29  2.1669E-22 ge74 
   32  76  9.6214E-30  5.3931E-22 ge76 
   33  75  3.2948E-25  2.6475E-17 as75 
   34  74  1.5846E-23  1.5391E-14 se74 
   34  76  2.6164E-25  2.4302E-17 se76 
   34  77  3.4537E-27  3.7728E-19 se77 
   34  78  2.8247E-29  9.7394E-22 se78 
   34  80  1.0315E-29  1.6497E-22 se80 
   34  82  1.1332E-29  9.5849E-22 se82 
   35  79  1.9521E-27  1.6335E-19 br79 
   35  81  7.8540E-28  6.5417E-20 br81 
   36  78  1.1021E-26  3.6511E-17 kr78 
   36  80  7.5184E-27  3.7191E-18 kr80 
   36  82  1.5368E-26  1.4386E-18 kr82 
   36  83  1.3545E-27  1.2504E-19 kr83 
   36  84  1.1125E-29  2.0373E-22 kr84 
   36  86  3.7827E-29  2.2180E-21 kr86 
   37  85  1.1383E-27  1.0341E-19 rb85 
   37  87  9.1629E-30  2.1136E-21 rb87 
   38  84  1.1478E-27  4.0924E-18 sr84 
   38  86  1.0949E-26  2.1695E-18 sr86 
   38  87  1.0016E-27  2.7751E-19 sr87 
   38  88  1.4931E-27  3.4576E-20 sr88 
   39  89  7.2486E-28  6.9391E-20 y89  
   40  90  3.4941E-27  2.6147E-19 zr90 
   40  91  4.1866E-29  1.4210E-20 zr91 
   40  92  0.0000E+00  0.0000E+00 zr92 
   40  94  0.0000E+00  0.0000E+00 zr94 
   40  96  0.0000E+00  0.0000E+00 zr96 
   41  93  0.0000E+00  0.0000E+00 nb93 
   42  92  0.0000E+00  0.0000E+00 mo92 
   42  94  0.0000E+00  0.0000E+00 mo94 
   42  95  0.0000E+00  0.0000E+00 mo95 
   42  96  0.0000E+00  0.0000E+00 mo96 
   42  97  0.0000E+00  0.0000E+00 mo97 
   42  98  0.0000E+00  0.0000E+00 mo98 
   42 100  0.0000E+00  0.0000E+00 mo100
   44  96  0.0000E+00  0.0000E+00 ru96 
   44  98  0.0000E+00  0.0000E+00 ru98 
   44  99  0.0000E+00  0.0000E+00 ru99 
   44 100  0.0000E+00  0.0000E+00 ru100
   44 101  0.0000E+00  0.0000E+00 ru101
   44 102  0.0000E+00  0.0000E+00 ru102
   44 104  0.0000E+00  0.0000E+00 ru104
   45 103  0.0000E+00  0.0000E+00 rh103
   46 102  0.0000E+00  0.0000E+00 pd102
   46 104  0.0000E+00  0.0000E+00 pd104
   46 105  0.0000E+00  0.0000E+00 pd105
   46 106  0.0000E+00  0.0000E+00 pd106
   46 108  0.0000E+00  0.0000E+00 pd108
   46 110  0.0000E+00  0.0000E+00 pd110
   47 107  0.0000E+00  0.0000E+00 ag107
   47 109  0.0000E+00  0.0000E+00 ag109
   48 106  0.0000E+00  0.0000E+00 cd106
   48 108  0.0000E+00  0.0000E+00 cd108
   48 110  0.0000E+00  0.0000E+00 cd110
   48 111  0.0000E+00  0.0000E+00 cd111
   48 112  0.0000E+00  0.0000E+00 cd112
   48 113  0.0000E+00  0.0000E+00 cd113
   48 114  0.0000E+00  0.0000E+00 cd114
   48 116  0.0000E+00  0.0000E+00 cd116
   49 113  0.0000E+00  0.0000E+00 in113
   49 115  0.0000E+00  0.0000E+00 in115
   50 112  0.0000E+00  0.0000E+00 sn112
   50 114  0.0000E+00  0.0000E+00 sn114
   50 115  0.0000E+00  0.0000E+00 sn115
   50 116  0.0000E+00  0.0000E+00 sn116
   50 117  0.0000E+00  0.0000E+00 sn117
   50 118  0.0000E+00  0.0000E+00 sn118
   50 119  0.0000E+00  0.0000E+00 sn119
   50 120  0.0000E+00  0.0000E+00 sn120
   50 122  0.0000E+00  0.0000E+00 sn122
   50 124  0.0000E+00  0.0000E+00 sn124
   51 121  0.0000E+00  0.0000E+00 sb121
   51 123  0.0000E+00  0.0000E+00 sb123
   52 120  0.0000E+00  0.0000E+00 te120
   52 122  0.0000E+00  0.0000E+00 te122
   52 123  0.0000E+00  0.0000E+00 te123
   52 124  0.0000E+00  0.0000E+00 te124
   52 125  0.0000E+00  0.0000E+00 te125
   52 126  0.0000E+00  0.0000E+00 te126
   52 128  0.0000E+00  0.0000E+00 te128
   52 130  0.0000E+00  0.0000E+00 te130
   53 127  0.0000E+00  0.0000E+00 i127 
   54 124  0.0000E+00  0.0000E+00 xe124
   54 126  0.0000E+00  0.0000E+00 xe126
   54 128  0.0000E+00  0.0000E+00 xe128
   54 129  0.0000E+00  0.0000E+00 xe129
   54 130  0.0000E+00  0.0000E+00 xe130
   54 131  0.0000E+00  0.0000E+00 xe131
   54 132  0.0000E+00  0.0000E+00 xe132
   54 134  0.0000E+00  0.0000E+00 xe134
   54 136  0.0000E+00  0.0000E+00 xe136
   55 133  0.0000E+00  0.0000E+00 cs133
   56 130  0.0000E+00  0.0000E+00 ba130
   56 132  0.0000E+00  0.0000E+00 ba132
   56 134  0.0000E+00  0.0000E+00 ba134
   56 135  0.0000E+00  0.0000E+00 ba135
   56 136  0.0000E+00  0.0000E+00 ba136
   56 137  0.0000E+00  0.0000E+00 ba137
   56 138  0.0000E+00  0.0000E+00 ba138
   57 138  0.0000E+00  0.0000E+00 la138
   57 139  0.0000E+00  0.0000E+00 la139
   58 136  0.0000E+00  0.0000E+00 ce136
   58 138  0.0000E+00  0.0000E+00 ce138
   58 140  0.0000E+00  0.0000E+00 ce140
   58 142  0.0000E+00  0.0000E+00 ce142
   59 141  0.0000E+00  0.0000E+00 pr141
   60 142  0.0000E+00  0.0000E+00 nd142
   60 143  0.0000E+00  0.0000E+00 nd143
   60 144  0.0000E+00  0.0000E+00 nd144
   60 145  0.0000E+00  0.0000E+00 nd145
   60 146  0.0000E+00  0.0000E+00 nd146
   60 148  0.0000E+00  0.0000E+00 nd148
   60 150  0.0000E+00  0.0000E+00 nd150
   62 144  0.0000E+00  0.0000E+00 sm144
   62 147  0.0000E+00  0.0000E+00 sm147
   62 148  0.0000E+00  0.0000E+00 sm148
   62 149  0.0000E+00  0.0000E+00 sm149
   62 150  0.0000E+00  0.0000E+00 sm150
   62 152  0.0000E+00  0.0000E+00 sm152
   62 154  0.0000E+00  0.0000E+00 sm154
   63 151  0.0000E+00  0.0000E+00 eu151
   63 153  0.0000E+00  0.0000E+00 eu153
   64 152  0.0000E+00  0.0000E+00 gd152
   64 154  0.0000E+00  0.0000E+00 gd154
   64 155  0.0000E+00  0.0000E+00 gd155
   64 156  0.0000E+00  0.0000E+00 gd156
   64 157  0.0000E+00  0.0000E+00 gd157
   64 158  0.0000E+00  0.0000E+00 gd158
   64 160  0.0000E+00  0.0000E+00 gd160
   65 159  0.0000E+00  0.0000E+00 tb159
   66 156  0.0000E+00  0.0000E+00 dy156
   66 158  0.0000E+00  0.0000E+00 dy158
   66 160  0.0000E+00  0.0000E+00 dy160
   66 161  0.0000E+00  0.0000E+00 dy161
   66 162  0.0000E+00  0.0000E+00 dy162
   66 163  0.0000E+00  0.0000E+00 dy163
   66 164  0.0000E+00  0.0000E+00 dy164
   67 165  0.0000E+00  0.0000E+00 ho165
   68 162  0.0000E+00  0.0000E+00 er162
   68 164  0.0000E+00  0.0000E+00 er164
   68 166  0.0000E+00  0.0000E+00 er166
   68 167  0.0000E+00  0.0000E+00 er167
   68 168  0.0000E+00  0.0000E+00 er168
   68 170  0.0000E+00  0.0000E+00 er170
   69 169  0.0000E+00  0.0000E+00 tm169
   70 168  0.0000E+00  0.0000E+00 yb168
   70 170  0.0000E+00  0.0000E+00 yb170
   70 171  0.0000E+00  0.0000E+00 yb171
   70 172  0.0000E+00  0.0000E+00 yb172
   70 173  0.0000E+00  0.0000E+00 yb173
   70 174  0.0000E+00  0.0000E+00 yb174
   70 176  0.0000E+00  0.0000E+00 yb176
   71 175  0.0000E+00  0.0000E+00 lu175
   71 176  0.0000E+00  0.0000E+00 lu176
   72 174  0.0000E+00  0.0000E+00 hf174
   72 176  0.0000E+00  0.0000E+00 hf176
   72 177  0.0000E+00  0.0000E+00 hf177
   72 178  0.0000E+00  0.0000E+00 hf178
   72 179  0.0000E+00  0.0000E+00 hf179
   72 180  0.0000E+00  0.0000E+00 hf180
   73 180  0.0000E+00  0.0000E+00 ta180
   73 181  0.0000E+00  0.0000E+00 ta181
   74 180  0.0000E+00  0.0000E+00 w180 
   74 182  0.0000E+00  0.0000E+00 w182 
   74 183  0.0000E+00  0.0000E+00 w183 
   74 184  0.0000E+00  0.0000E+00 w184 
   74 186  0.0000E+00  0.0000E+00 w186 
   75 185  0.0000E+00  0.0000E+00 re185
   75 187  0.0000E+00  0.0000E+00 re187
   76 184  0.0000E+00  0.0000E+00 os184
   76 186  0.0000E+00  0.0000E+00 os186
   76 187  0.0000E+00  0.0000E+00 os187
   76 188  0.0000E+00  0.0000E+00 os188
   76 189  0.0000E+00  0.0000E+00 os189
   76 190  0.0000E+00  0.0000E+00 os190
   76 192  0.0000E+00  0.0000E+00 os192
   77 191  0.0000E+00  0.0000E+00 ir191
   77 193  0.0000E+00  0.0000E+00 ir193
   78 190  0.0000E+00  0.0000E+00 pt190
   78 192  0.0000E+00  0.0000E+00 pt192
   78 194  0.0000E+00  0.0000E+00 pt194
   78 195  0.0000E+00  0.0000E+00 pt195
   78 196  0.0000E+00  0.0000E+00 pt196
   78 198  0.0000E+00  0.0000E+00 pt198
   79 197  0.0000E+00  0.0000E+00 au197
   80 196  0.0000E+00  0.0000E+00 hg196
   80 198  0.0000E+00  0.0000E+00 hg198
   80 199  0.0000E+00  0.0000E+00 hg199
   80 200  0.0000E+00  0.0000E+00 hg200
   80 201  0.0000E+00  0.0000E+00 hg201
   80 202  0.0000E+00  0.0000E+00 hg202
   80 204  0.0000E+00  0.0000E+00 hg204
   81 203  0.0000E+00  0.0000E+00 tl203
   81 205  0.0000E+00  0.0000E+00 tl205
   82 204  0.0000E+00  0.0000E+00 pb204
   82 206  0.0000E+00  0.0000E+00 pb206
   82 207  0.0000E+00  0.0000E+00 pb207
   82 208  0.0000E+00  0.0000E+00 pb208
   83 209  0.0000E+00  0.0000E+00 bi209
   90 232  0.0000E+00  0.0000E+00 th232
   92 235  0.0000E+00  0.0000E+00 u235 
   92 238  0.0000E+00  0.0000E+00 u238 
