                           time                     pos                     vel                    temp                     den                    pres                    ener                    entr                      cs
      1  1.0175522000000001E-04  0.0000000000000000E+00  0.0000000000000000E+00  4.303629E+08  8.495758E+08  3.872172E+26  1.163760E+18  6.064131E+07  7.824073E+08  1.371429E+01  2.022900E-26
      2  1.0175522001017553E-04  0.0000000000000000E+00  0.0000000000000000E+00  4.303629E+08  8.495758E+08  3.872172E+26  1.163760E+18  6.064131E+07  7.824073E+08  1.371429E+01  2.022900E-26
      3  1.0175522003052657E-04  0.0000000000000000E+00  0.0000000000000000E+00  4.303629E+08  8.495758E+08  3.872172E+26  1.163760E+18  6.064131E+07  7.824073E+08  1.371429E+01  2.022900E-26
      4  1.0175522007122866E-04  0.0000000000000000E+00  0.0000000000000000E+00  4.303629E+08  8.495758E+08  3.872172E+26  1.163760E+18  6.064131E+07  7.824073E+08  1.371429E+01  2.022900E-26
      5  1.0175522015263284E-04  0.0000000000000000E+00  0.0000000000000000E+00  4.303629E+08  8.495758E+08  3.872172E+26  1.163760E+18  6.064131E+07  7.824073E+08  1.371429E+01  2.022901E-26
      6  1.0175522031544119E-04  0.0000000000000000E+00  0.0000000000000000E+00  4.303629E+08  8.495758E+08  3.872172E+26  1.163760E+18  6.064131E+07  7.824073E+08  1.371429E+01  2.022901E-26
      7  1.0175522064105789E-04  0.0000000000000000E+00  0.0000000000000000E+00  4.303629E+08  8.495758E+08  3.872172E+26  1.163760E+18  6.064131E+07  7.824073E+08  1.371429E+01  2.022902E-26
      8  1.0175522129229130E-04  0.0000000000000000E+00  0.0000000000000000E+00  4.303629E+08  8.495758E+08  3.872172E+26  1.163760E+18  6.064131E+07  7.824073E+08  1.371429E+01  2.022904E-26
      9  1.0175522259475811E-04  0.0000000000000000E+00  0.0000000000000000E+00  4.303629E+08  8.495758E+08  3.872172E+26  1.163760E+18  6.064131E+07  7.824073E+08  1.371429E+01  2.022909E-26
     10  1.0175522519969174E-04  0.0000000000000000E+00  0.0000000000000000E+00  4.303629E+08  8.495758E+08  3.872172E+26  1.163760E+18  6.064131E+07  7.824073E+08  1.371429E+01  2.022918E-26
     11  1.0175523040955900E-04  0.0000000000000000E+00  0.0000000000000000E+00  4.303629E+08  8.495758E+08  3.872172E+26  1.163760E+18  6.064131E+07  7.824073E+08  1.371429E+01  2.022936E-26
     12  1.0175524082929354E-04  0.0000000000000000E+00  0.0000000000000000E+00  4.303629E+08  8.495758E+08  3.872172E+26  1.163760E+18  6.064131E+07  7.824073E+08  1.371429E+01  2.022971E-26
     13  1.0175526166876259E-04  0.0000000000000000E+00  0.0000000000000000E+00  4.303629E+08  8.495758E+08  3.872172E+26  1.163760E+18  6.064131E+07  7.824073E+08  1.371429E+01  2.023043E-26
     14  1.0175530334770070E-04  0.0000000000000000E+00  0.0000000000000000E+00  4.303629E+08  8.495758E+08  3.872172E+26  1.163760E+18  6.064131E+07  7.824073E+08  1.371429E+01  2.023185E-26
     15  1.0175538670557692E-04  0.0000000000000000E+00  0.0000000000000000E+00  4.303629E+08  8.495758E+08  3.872172E+26  1.163760E+18  6.064131E+07  7.824073E+08  1.371429E+01  2.023471E-26
     16  1.0175555342132937E-04  0.0000000000000000E+00  0.0000000000000000E+00  4.303629E+08  8.495758E+08  3.872172E+26  1.163760E+18  6.064131E+07  7.824073E+08  1.371429E+01  2.024042E-26
     17  1.0175588685283427E-04  0.0000000000000000E+00  0.0000000000000000E+00  4.303629E+08  8.495758E+08  3.872172E+26  1.163760E+18  6.064131E+07  7.824073E+08  1.371429E+01  2.025183E-26
     18  1.0175655371584406E-04  0.0000000000000000E+00  0.0000000000000000E+00  4.303629E+08  8.495758E+08  3.872172E+26  1.163760E+18  6.064131E+07  7.824073E+08  1.371429E+01  2.027466E-26
     19  1.0175788744186364E-04  0.0000000000000000E+00  0.0000000000000000E+00  4.303629E+08  8.495758E+08  3.872172E+26  1.163760E+18  6.064131E+07  7.824073E+08  1.371429E+01  2.032033E-26
     20  1.0176055489390281E-04  0.0000000000000000E+00  0.0000000000000000E+00  4.303629E+08  8.495758E+08  3.872172E+26  1.163760E+18  6.064131E+07  7.824073E+08  1.371429E+01  2.041167E-26
     21  1.0176588979798114E-04  0.0000000000000000E+00  0.0000000000000000E+00  4.303629E+08  8.495758E+08  3.872172E+26  1.163760E+18  6.064131E+07  7.824073E+08  1.371429E+01  2.059442E-26
     22  1.0177655960613782E-04  0.0000000000000000E+00  0.0000000000000000E+00  4.303629E+08  8.495758E+08  3.872172E+26  1.163760E+18  6.064131E+07  7.824073E+08  1.371429E+01  2.095993E-26
     23  1.0179789922245117E-04  0.0000000000000000E+00  0.0000000000000000E+00  4.303629E+08  8.495758E+08  3.872172E+26  1.163760E+18  6.064131E+07  7.824073E+08  1.371429E+01  2.168839E-26
     24  1.0184057845507785E-04  0.0000000000000000E+00  0.0000000000000000E+00  4.303629E+08  8.495758E+08  3.872172E+26  1.163760E+18  6.064131E+07  7.824073E+08  1.371429E+01  2.310816E-26
     25  1.0192593692033123E-04  0.0000000000000000E+00  0.0000000000000000E+00  4.303629E+08  8.495758E+08  3.872172E+26  1.163760E+18  6.064131E+07  7.824073E+08  1.371429E+01  2.572865E-26
     26  1.0209665385083798E-04  0.0000000000000000E+00  0.0000000000000000E+00  4.303629E+08  8.495757E+08  3.872172E+26  1.163760E+18  6.064131E+07  7.824073E+08  1.371429E+01  3.008657E-26
     27  1.0243808771185149E-04  0.0000000000000000E+00  0.0000000000000000E+00  4.303629E+08  8.495756E+08  3.872171E+26  1.163760E+18  6.064131E+07  7.824073E+08  1.371429E+01  3.646842E-26
     28  1.0312095543387850E-04  0.0000000000000000E+00  0.0000000000000000E+00  4.303629E+08  8.495754E+08  3.872170E+26  1.163760E+18  6.064131E+07  7.824073E+08  1.371429E+01  4.489598E-26
     29  1.0448669087793252E-04  0.0000000000000000E+00  0.0000000000000000E+00  4.303628E+08  8.495750E+08  3.872168E+26  1.163760E+18  6.064131E+07  7.824072E+08  1.371429E+01  5.522069E-26
     30  1.0721816176604055E-04  0.0000000000000000E+00  0.0000000000000000E+00  4.303627E+08  8.495743E+08  3.872163E+26  1.163760E+18  6.064131E+07  7.824071E+08  1.371429E+01  6.719820E-26
     31  1.1268110354225661E-04  0.0000000000000000E+00  0.0000000000000000E+00  4.303625E+08  8.495727E+08  3.872153E+26  1.163760E+18  6.064132E+07  7.824069E+08  1.371429E+01  8.049511E-26
     32  1.2360698709468874E-04  0.0000000000000000E+00  0.0000000000000000E+00  4.303621E+08  8.495696E+08  3.872135E+26  1.163760E+18  6.064134E+07  7.824064E+08  1.371429E+01  9.471929E-26
     33  1.4545875419955299E-04  0.0000000000000000E+00  0.0000000000000000E+00  4.303613E+08  8.495635E+08  3.872097E+26  1.163760E+18  6.064137E+07  7.824054E+08  1.371429E+01  1.095542E-25
     34  1.8916228840928150E-04  0.0000000000000000E+00  0.0000000000000000E+00  4.303598E+08  8.495511E+08  3.872021E+26  1.163760E+18  6.064143E+07  7.824035E+08  1.371429E+01  1.248103E-25
     35  2.7656935682873854E-04  0.0000000000000000E+00  0.0000000000000000E+00  4.303575E+08  8.495270E+08  3.871874E+26  1.163760E+18  6.064159E+07  7.823998E+08  1.371429E+01  1.404480E-25
     36  4.5138349366765263E-04  0.0000000000000000E+00  0.0000000000000000E+00  4.303557E+08  8.494807E+08  3.871590E+26  1.163760E+18  6.064199E+07  7.823926E+08  1.371429E+01  1.565779E-25
     37  8.0101176734548069E-04  0.0000000000000000E+00  0.0000000000000000E+00  4.303621E+08  8.493950E+08  3.871067E+26  1.163760E+18  6.064310E+07  7.823794E+08  1.371429E+01  1.734422E-25
     38  1.5002683147011370E-03  0.0000000000000000E+00  0.0000000000000000E+00  4.304128E+08  8.492536E+08  3.870206E+26  1.163760E+18  6.064648E+07  7.823580E+08  1.371429E+01  1.913121E-25
     39  2.8987814094124497E-03  0.0000000000000000E+00  0.0000000000000000E+00  4.199976E+08  8.489799E+08  3.867775E+26  1.163760E+18  6.024392E+07  7.822299E+08  1.371429E+01  2.090989E-25
     40  5.6958075988350742E-03  0.0000000000000000E+00  0.0000000000000000E+00  4.203163E+08  8.499007E+08  3.873427E+26  1.163760E+18  6.024717E+07  7.823748E+08  1.371429E+01  2.288136E-25
     41  1.1289859977680325E-02  0.0000000000000000E+00  0.0000000000000000E+00  4.203076E+08  8.500142E+08  3.874120E+26  1.163760E+18  6.024569E+07  7.823922E+08  1.371429E+01  2.494947E-25
     42  2.1289859754162907E-02  0.0000000000000000E+00  0.0000000000000000E+00  4.203104E+08  8.500714E+08  3.874470E+26  1.163760E+18  6.024522E+07  7.824011E+08  1.371429E+01  2.705733E-25
     43  3.1289859530645489E-02  0.0000000000000000E+00  0.0000000000000000E+00  4.202160E+08  8.502496E+08  3.875553E+26  1.163760E+18  6.023971E+07  7.824278E+08  1.371429E+01  2.913706E-25
     44  4.1289859307128071E-02  0.0000000000000000E+00  0.0000000000000000E+00  4.200230E+08  8.506175E+08  3.877788E+26  1.163760E+18  6.022842E+07  7.824830E+08  1.371429E+01  3.120109E-25
     45  5.1289859083610653E-02  0.0000000000000000E+00  0.0000000000000000E+00  4.191824E+08  8.502637E+08  3.875564E+26  1.163760E+18  6.019889E+07  7.824215E+08  1.371429E+01  3.325272E-25
     46  6.1289858860093235E-02  0.0000000000000000E+00  0.0000000000000000E+00  4.179623E+08  8.493151E+08  3.869676E+26  1.163760E+18  6.016032E+07  7.822650E+08  1.371429E+01  3.528042E-25
     47  7.1289858636575817E-02  0.0000000000000000E+00  0.0000000000000000E+00  4.178560E+08  8.490656E+08  3.868144E+26  1.163760E+18  6.015863E+07  7.822255E+08  1.371429E+01  3.731715E-25
     48  8.1289858413058400E-02  0.0000000000000000E+00  0.0000000000000000E+00  4.174899E+08  8.485364E+08  3.864884E+26  1.163760E+18  6.014950E+07  7.821407E+08  1.371429E+01  3.934763E-25
     49  9.1289858189540982E-02  0.0000000000000000E+00  0.0000000000000000E+00  4.170804E+08  8.483471E+08  3.863697E+26  1.163760E+18  6.013520E+07  7.821080E+08  1.371429E+01  4.137229E-25
     50  1.0128985796602356E-01  0.0000000000000000E+00  0.0000000000000000E+00  4.165857E+08  8.480624E+08  3.861922E+26  1.163760E+18  6.011849E+07  7.820599E+08  1.371429E+01  4.339034E-25
     51  1.1128985774250615E-01  0.0000000000000000E+00  0.0000000000000000E+00  4.159627E+08  8.476707E+08  3.859485E+26  1.163760E+18  6.009774E+07  7.819942E+08  1.371429E+01  4.540370E-25
     52  1.2128985751898873E-01  0.0000000000000000E+00  0.0000000000000000E+00  4.151321E+08  8.468245E+08  3.854256E+26  1.163760E+18  6.007331E+07  7.818563E+08  1.371429E+01  4.741164E-25
     53  1.3128985729547132E-01  0.0000000000000000E+00  0.0000000000000000E+00  4.143621E+08  8.453623E+08  3.845276E+26  1.163760E+18  6.005746E+07  7.816233E+08  1.371429E+01  4.941089E-25
     54  1.4128985707195391E-01  0.0000000000000000E+00  0.0000000000000000E+00  4.143601E+08  8.480362E+08  3.861601E+26  1.163760E+18  6.003038E+07  7.820376E+08  1.371429E+01  5.142291E-25
     55  1.5128985684843649E-01  0.0000000000000000E+00  0.0000000000000000E+00  4.129952E+08  8.460520E+08  3.849386E+26  1.163760E+18  5.999600E+07  7.817190E+08  1.371429E+01  5.341114E-25
     56  1.6128985662491907E-01  0.0000000000000000E+00  0.0000000000000000E+00  4.120645E+08  8.454940E+08  3.845914E+26  1.163760E+18  5.996445E+07  7.816248E+08  1.371429E+01  5.539976E-25
     57  1.7128985640140165E-01  0.0000000000000000E+00  0.0000000000000000E+00  4.108394E+08  8.448072E+08  3.841635E+26  1.163760E+18  5.992232E+07  7.815082E+08  1.371429E+01  5.738212E-25
     58  1.8128985617788423E-01  0.0000000000000000E+00  0.0000000000000000E+00  4.093763E+08  8.434017E+08  3.832958E+26  1.163760E+18  5.987777E+07  7.812778E+08  1.371429E+01  5.935464E-25
     59  1.9128985595436682E-01  0.0000000000000000E+00  0.0000000000000000E+00  4.082086E+08  8.435032E+08  3.833493E+26  1.163760E+18  5.982970E+07  7.812840E+08  1.371429E+01  6.132636E-25
     60  2.0128985573084940E-01  0.0000000000000000E+00  0.0000000000000000E+00  4.062493E+08  8.424468E+08  3.826912E+26  1.163760E+18  5.976121E+07  7.811035E+08  1.371429E+01  6.328179E-25
     61  2.1128985550733198E-01  0.0000000000000000E+00  0.0000000000000000E+00  4.040737E+08  8.412636E+08  3.819548E+26  1.163760E+18  5.968486E+07  7.809014E+08  1.371429E+01  6.522718E-25
     62  2.2128985528381456E-01  0.0000000000000000E+00  0.0000000000000000E+00  4.016647E+08  8.399750E+08  3.811528E+26  1.163760E+18  5.959963E+07  7.806807E+08  1.371429E+01  6.716094E-25
     63  2.3128985506029714E-01  0.0000000000000000E+00  0.0000000000000000E+00  3.988889E+08  8.386181E+08  3.803072E+26  1.163760E+18  5.949948E+07  7.804460E+08  1.371429E+01  6.914418E-25
     64  2.4128985483677973E-01  0.0000000000000000E+00  0.0000000000000000E+00  3.958113E+08  8.370382E+08  3.793243E+26  1.163760E+18  5.938840E+07  7.801737E+08  1.371429E+01  7.109628E-25
     65  2.5128985461326231E-01  0.0000000000000000E+00  0.0000000000000000E+00  3.923105E+08  8.349905E+08  3.780549E+26  1.163760E+18  5.926356E+07  7.798241E+08  1.371429E+01  7.299911E-25
     66  2.6128985438974489E-01  0.0000000000000000E+00  0.0000000000000000E+00  3.884769E+08  8.327994E+08  3.766973E+26  1.163760E+18  5.912501E+07  7.794486E+08  1.371429E+01  7.487200E-25
     67  2.7128985416622747E-01  0.0000000000000000E+00  0.0000000000000000E+00  3.844794E+08  8.309206E+08  3.755293E+26  1.163760E+18  5.897491E+07  7.791202E+08  1.371429E+01  7.672256E-25
     68  2.8128985394271006E-01  0.0000000000000000E+00  0.0000000000000000E+00  3.876100E+08  8.272586E+08  3.733324E+26  1.163760E+18  5.914524E+07  7.785683E+08  1.371429E+01  7.860761E-25
     69  2.9128985371919264E-01  0.0000000000000000E+00  0.0000000000000000E+00  3.935668E+08  8.235296E+08  3.711179E+26  1.163760E+18  5.943375E+07  7.780269E+08  1.371429E+01  8.057150E-25
     70  3.0128985349567522E-01  0.0000000000000000E+00  0.0000000000000000E+00  4.005208E+08  8.226151E+08  3.706139E+26  1.163760E+18  5.973094E+07  7.779392E+08  1.371429E+01  8.259612E-25
     71  3.1128985327215780E-01  0.0000000000000000E+00  0.0000000000000000E+00  4.066282E+08  8.169433E+08  3.672321E+26  1.163760E+18  6.003916E+07  7.770866E+08  1.371429E+01  8.463221E-25
     72  3.2128985304864038E-01  0.0000000000000000E+00  0.0000000000000000E+00  4.137764E+08  8.099336E+08  3.630601E+26  1.163760E+18  6.040044E+07  7.760226E+08  1.371429E+01  8.669860E-25
     73  3.3128985282512297E-01  0.0000000000000000E+00  0.0000000000000000E+00  4.226098E+08  8.069915E+08  3.613529E+26  1.163760E+18  6.078116E+07  7.756221E+08  1.371429E+01  8.882004E-25
     74  3.4128985260160555E-01  0.0000000000000000E+00  0.0000000000000000E+00  4.308930E+08  8.017923E+08  3.582898E+26  1.163760E+18  6.115882E+07  7.748503E+08  1.371429E+01  9.097927E-25
     75  3.5128985237808813E-01  0.0000000000000000E+00  0.0000000000000000E+00  4.383611E+08  7.912392E+08  3.520279E+26  1.163760E+18  6.155888E+07  7.731923E+08  1.371429E+01  9.315596E-25
     76  3.6128985215457071E-01  0.0000000000000000E+00  0.0000000000000000E+00  4.243707E+08  7.841200E+08  3.476905E+26  1.163760E+18  6.109695E+07  7.719039E+08  1.371429E+01  9.511408E-25
     77  3.7128985193105329E-01  0.0000000000000000E+00  0.0000000000000000E+00  4.102161E+08  7.770221E+08  3.433795E+26  1.163760E+18  6.061287E+07  7.706086E+08  1.371429E+01  9.700132E-25
     78  3.8128985170753588E-01  0.0000000000000000E+00  0.0000000000000000E+00  3.958498E+08  7.661510E+08  3.368538E+26  1.163760E+18  6.014512E+07  7.686679E+08  1.371429E+01  9.882977E-25
     79  3.9128985148401846E-01  0.0000000000000000E+00  0.0000000000000000E+00  3.957507E+08  7.554147E+08  3.305327E+26  1.163760E+18  6.026160E+07  7.668476E+08  1.371429E+01  1.006455E-24
     80  4.0128985126050104E-01  0.0000000000000000E+00  0.0000000000000000E+00  4.104183E+08  7.383726E+08  3.206546E+26  1.163760E+18  6.105846E+07  7.640379E+08  1.371429E+01  1.027574E-24
     81  4.1128985103698362E-01  0.0000000000000000E+00  0.0000000000000000E+00  4.336671E+08  7.218844E+08  3.112238E+26  1.163760E+18  6.217018E+07  7.613428E+08  1.371429E+01  1.050708E-24
     82  4.2128985081346620E-01  0.0000000000000000E+00  0.0000000000000000E+00  3.552653E+08  7.085739E+08  3.030690E+26  1.163760E+18  5.903743E+07  7.583014E+08  1.371429E+01  1.070110E-24
     83  4.3128985058994879E-01  0.0000000000000000E+00  0.0000000000000000E+00  1.729185E+08  6.925884E+08  2.928615E+26  1.163760E+18  4.769820E+07  7.538576E+08  1.371429E+01  1.080690E-24
     84  4.4128985036643137E-01  0.0000000000000000E+00  0.0000000000000000E+00  2.642694E+07  6.709617E+08  2.797789E+26  1.163760E+18  1.506527E+07  7.485393E+08  1.371429E+01  1.094153E-24
     85  4.5128985014291395E-01  0.0000000000000000E+00  0.0000000000000000E+00  2.458978E+08  6.438022E+08  2.658569E+26  1.163760E+18  5.391821E+07  7.452243E+08  1.371429E+01  4.089791E-24
     86  4.5128985114291392E-01  0.0000000000000000E+00  0.0000000000000000E+00  2.458978E+08  6.438022E+08  2.658569E+26  1.163760E+18  5.391821E+07  7.452243E+08  1.371429E+01  4.089785E-24
     87  4.5128985314291387E-01  0.0000000000000000E+00  0.0000000000000000E+00  2.458978E+08  6.438022E+08  2.658569E+26  1.163760E+18  5.391822E+07  7.452243E+08  1.371429E+01  4.089774E-24
     88  4.5128985714291375E-01  0.0000000000000000E+00  0.0000000000000000E+00  2.458978E+08  6.438021E+08  2.658568E+26  1.163760E+18  5.391822E+07  7.452243E+08  1.371429E+01  4.089752E-24
     89  4.5128986514291358E-01  0.0000000000000000E+00  0.0000000000000000E+00  2.458979E+08  6.438021E+08  2.658568E+26  1.163760E+18  5.391823E+07  7.452243E+08  1.371429E+01  4.089711E-24
     90  4.5128988114291324E-01  0.0000000000000000E+00  0.0000000000000000E+00  2.458981E+08  6.438021E+08  2.658568E+26  1.163760E+18  5.391824E+07  7.452243E+08  1.371429E+01  4.089633E-24
     91  4.5128991314291250E-01  0.0000000000000000E+00  0.0000000000000000E+00  2.458985E+08  6.438020E+08  2.658567E+26  1.163760E+18  5.391826E+07  7.452243E+08  1.371429E+01  4.089499E-24
     92  4.5128997714291108E-01  0.0000000000000000E+00  0.0000000000000000E+00  2.458991E+08  6.438018E+08  2.658566E+26  1.163760E+18  5.391831E+07  7.452242E+08  1.371429E+01  4.089306E-24
     93  4.5129010514290824E-01  0.0000000000000000E+00  0.0000000000000000E+00  2.459005E+08  6.438014E+08  2.658564E+26  1.163760E+18  5.391840E+07  7.452242E+08  1.371429E+01  4.089129E-24
     94  4.5129036114290250E-01  0.0000000000000000E+00  0.0000000000000000E+00  2.459033E+08  6.438005E+08  2.658560E+26  1.163760E+18  5.391859E+07  7.452240E+08  1.371429E+01  4.089208E-24
     95  4.5129087314289107E-01  0.0000000000000000E+00  0.0000000000000000E+00  2.459088E+08  6.437989E+08  2.658551E+26  1.163760E+18  5.391897E+07  7.452238E+08  1.371429E+01  4.089838E-24
     96  4.5129189714286816E-01  0.0000000000000000E+00  0.0000000000000000E+00  2.459199E+08  6.437956E+08  2.658534E+26  1.163760E+18  5.391974E+07  7.452232E+08  1.371429E+01  4.091658E-24
     97  4.5129394514282239E-01  0.0000000000000000E+00  0.0000000000000000E+00  2.459421E+08  6.437891E+08  2.658499E+26  1.163760E+18  5.392126E+07  7.452221E+08  1.371429E+01  4.095302E-24
     98  4.5129804114273087E-01  0.0000000000000000E+00  0.0000000000000000E+00  2.459863E+08  6.437761E+08  2.658429E+26  1.163760E+18  5.392430E+07  7.452200E+08  1.371429E+01  4.100986E-24
     99  4.5130623314254775E-01  0.0000000000000000E+00  0.0000000000000000E+00  2.460749E+08  6.437500E+08  2.658288E+26  1.163760E+18  5.393039E+07  7.452156E+08  1.371429E+01  4.108947E-24
    100  4.5132261714218153E-01  0.0000000000000000E+00  0.0000000000000000E+00  2.462521E+08  6.436978E+08  2.658008E+26  1.163760E+18  5.394255E+07  7.452069E+08  1.371429E+01  4.119028E-24
    101  4.5135538514144913E-01  0.0000000000000000E+00  0.0000000000000000E+00  2.466064E+08  6.435935E+08  2.657448E+26  1.163760E+18  5.396686E+07  7.451895E+08  1.371429E+01  4.130882E-24
    102  4.5142092113998428E-01  0.0000000000000000E+00  0.0000000000000000E+00  2.473151E+08  6.433848E+08  2.656328E+26  1.163760E+18  5.401538E+07  7.451548E+08  1.371429E+01  4.144129E-24
    103  4.5155199313705457E-01  0.0000000000000000E+00  0.0000000000000000E+00  2.487324E+08  6.429674E+08  2.654088E+26  1.163760E+18  5.411204E+07  7.450852E+08  1.371429E+01  4.158391E-24
    104  4.5181413713119523E-01  0.0000000000000000E+00  0.0000000000000000E+00  2.440690E+08  6.421313E+08  2.649199E+26  1.163760E+18  5.382083E+07  7.448817E+08  1.371429E+01  4.173122E-24
    105  4.5233842511947647E-01  0.0000000000000000E+00  0.0000000000000000E+00  2.216298E+08  6.404567E+08  2.638713E+26  1.163760E+18  5.230554E+07  7.443619E+08  1.371429E+01  4.185833E-24
    106  4.5338700109603897E-01  0.0000000000000000E+00  0.0000000000000000E+00  1.236139E+08  6.375791E+08  2.617550E+26  1.163760E+18  4.299539E+07  7.429559E+08  1.371429E+01  4.194453E-24
    107  4.5548415304916395E-01  0.0000000000000000E+00  0.0000000000000000E+00  6.243100E+07  6.312120E+08  2.579120E+26  1.163760E+18  3.163004E+07  7.411554E+08  1.371429E+01  4.195496E-24
    108  4.5548415346859433E-01  0.0000000000000000E+00  0.0000000000000000E+00  6.243106E+07  6.312120E+08  2.579120E+26  1.163760E+18  3.163006E+07  7.411554E+08  1.371429E+01  4.195496E-24
    109  4.5548415430745509E-01  0.0000000000000000E+00  0.0000000000000000E+00  6.243119E+07  6.312120E+08  2.579120E+26  1.163760E+18  3.163009E+07  7.411554E+08  1.371429E+01  4.195496E-24
    110  4.5548415598517666E-01  0.0000000000000000E+00  0.0000000000000000E+00  6.243143E+07  6.312120E+08  2.579120E+26  1.163760E+18  3.163016E+07  7.411554E+08  1.371429E+01  4.195496E-24
    111  4.5548415934061981E-01  0.0000000000000000E+00  0.0000000000000000E+00  6.243192E+07  6.312120E+08  2.579120E+26  1.163760E+18  3.163030E+07  7.411554E+08  1.371429E+01  4.195496E-24
    112  4.5548416605150605E-01  0.0000000000000000E+00  0.0000000000000000E+00  6.243290E+07  6.312120E+08  2.579120E+26  1.163760E+18  3.163057E+07  7.411554E+08  1.371429E+01  4.195496E-24
    113  4.5548417947327857E-01  0.0000000000000000E+00  0.0000000000000000E+00  6.243487E+07  6.312120E+08  2.579120E+26  1.163760E+18  3.163112E+07  7.411554E+08  1.371429E+01  4.195496E-24
    114  4.5548420631682357E-01  0.0000000000000000E+00  0.0000000000000000E+00  6.243880E+07  6.312119E+08  2.579120E+26  1.163760E+18  3.163222E+07  7.411554E+08  1.371429E+01  4.195496E-24
    115  4.5548426000391357E-01  0.0000000000000000E+00  0.0000000000000000E+00  6.244665E+07  6.312117E+08  2.579119E+26  1.163760E+18  3.163441E+07  7.411554E+08  1.371429E+01  4.195496E-24
    116  4.5548436737809356E-01  0.0000000000000000E+00  0.0000000000000000E+00  6.246236E+07  6.312113E+08  2.579118E+26  1.163760E+18  3.163880E+07  7.411555E+08  1.371429E+01  4.195496E-24
    117  4.5548458212645354E-01  0.0000000000000000E+00  0.0000000000000000E+00  6.249377E+07  6.312106E+08  2.579116E+26  1.163760E+18  3.164757E+07  7.411556E+08  1.371429E+01  4.195496E-24
    118  4.5548501162317356E-01  0.0000000000000000E+00  0.0000000000000000E+00  6.255660E+07  6.312091E+08  2.579111E+26  1.163760E+18  3.166510E+07  7.411559E+08  1.371429E+01  4.195496E-24
    119  4.5548587061661355E-01  0.0000000000000000E+00  0.0000000000000000E+00  6.268227E+07  6.312062E+08  2.579102E+26  1.163760E+18  3.170010E+07  7.411565E+08  1.371429E+01  4.195496E-24
    120  4.5548758860349353E-01  0.0000000000000000E+00  0.0000000000000000E+00  6.293359E+07  6.312004E+08  2.579084E+26  1.163760E+18  3.176985E+07  7.411576E+08  1.371429E+01  4.195495E-24
    121  4.5549102457725354E-01  0.0000000000000000E+00  0.0000000000000000E+00  6.343624E+07  6.311887E+08  2.579048E+26  1.163760E+18  3.190843E+07  7.411598E+08  1.371429E+01  4.195495E-24
    122  4.5549789652477357E-01  0.0000000000000000E+00  0.0000000000000000E+00  6.444153E+07  6.311654E+08  2.578976E+26  1.163760E+18  3.218190E+07  7.411642E+08  1.371429E+01  4.195494E-24
    123  4.5551164041981357E-01  0.0000000000000000E+00  0.0000000000000000E+00  6.645212E+07  6.311188E+08  2.578831E+26  1.163760E+18  3.271467E+07  7.411730E+08  1.371429E+01  4.195493E-24
    124  4.5553912820989356E-01  0.0000000000000000E+00  0.0000000000000000E+00  7.047331E+07  6.310256E+08  2.578542E+26  1.163760E+18  3.372778E+07  7.411904E+08  1.371429E+01  4.195493E-24
    125  4.5559410379005355E-01  0.0000000000000000E+00  0.0000000000000000E+00  7.851567E+07  6.308392E+08  2.577959E+26  1.163760E+18  3.557255E+07  7.412249E+08  1.371429E+01  4.195517E-24
    126  4.5570405495037353E-01  0.0000000000000000E+00  0.0000000000000000E+00  9.460040E+07  6.304663E+08  2.576783E+26  1.163760E+18  3.870222E+07  7.412926E+08  1.371429E+01  4.196030E-24
    127  4.5592395727101354E-01  0.0000000000000000E+00  0.0000000000000000E+00  1.267699E+08  6.297206E+08  2.574404E+26  1.163760E+18  4.350888E+07  7.414241E+08  1.371429E+01  4.202132E-24
    128  4.5596793773514155E-01  0.0000000000000000E+00  0.0000000000000000E+00  1.880076E+08  6.296210E+08  2.577089E+26  1.163760E+18  4.982886E+07  7.419309E+08  1.371429E+01  4.208368E-24
    129  4.5605589866339757E-01  0.0000000000000000E+00  0.0000000000000000E+00  3.775982E+08  6.294826E+08  2.586380E+26  1.163760E+18  6.104720E+07  7.435308E+08  1.371429E+01  4.364972E-24
    130  4.5623182051990957E-01  0.0000000000000000E+00  0.0000000000000000E+00  7.567793E+08  6.292057E+08  2.606357E+26  1.163760E+18  7.333352E+07  7.468843E+08  1.371429E+01  4.549699E-24
    131  4.5623203623892816E-01  0.0000000000000000E+00  0.0000000000000000E+00  7.572443E+08  6.292053E+08  2.606383E+26  1.163760E+18  7.334539E+07  7.468886E+08  1.371429E+01  4.563132E-24
    132  4.5623246767696540E-01  0.0000000000000000E+00  0.0000000000000000E+00  7.581742E+08  6.292046E+08  2.606435E+26  1.163760E+18  7.336910E+07  7.468971E+08  1.371429E+01  4.578304E-24
    133  4.5623333055303988E-01  0.0000000000000000E+00  0.0000000000000000E+00  7.600340E+08  6.292033E+08  2.606539E+26  1.163760E+18  7.341647E+07  7.469143E+08  1.371429E+01  4.595114E-24
    134  4.5623505630518885E-01  0.0000000000000000E+00  0.0000000000000000E+00  7.637537E+08  6.292006E+08  2.606747E+26  1.163760E+18  7.351098E+07  7.469486E+08  1.371429E+01  4.613667E-24
    135  4.5623850780948672E-01  0.0000000000000000E+00  0.0000000000000000E+00  7.711931E+08  6.291951E+08  2.607164E+26  1.163760E+18  7.369909E+07  7.470174E+08  1.371429E+01  4.634255E-24
    136  4.5624541081808251E-01  0.0000000000000000E+00  0.0000000000000000E+00  7.860718E+08  6.291843E+08  2.608001E+26  1.163760E+18  7.407171E+07  7.471554E+08  1.371429E+01  4.657503E-24
    137  4.5625921683527404E-01  0.0000000000000000E+00  0.0000000000000000E+00  8.158292E+08  6.291625E+08  2.609687E+26  1.163760E+18  7.480330E+07  7.474328E+08  1.371429E+01  4.684592E-24
    138  4.5628682886965710E-01  0.0000000000000000E+00  0.0000000000000000E+00  8.753441E+08  6.291191E+08  2.613107E+26  1.163760E+18  7.621659E+07  7.479937E+08  1.371429E+01  4.719021E-24
    139  4.5634205293842323E-01  0.0000000000000000E+00  0.0000000000000000E+00  9.943738E+08  6.290322E+08  2.620146E+26  1.163760E+18  7.887463E+07  7.491404E+08  1.371429E+01  7.294642E-24
    140  4.5635309775217647E-01  0.0000000000000000E+00  0.0000000000000000E+00  1.018180E+09  6.290148E+08  2.621586E+26  1.163760E+18  7.938321E+07  7.493738E+08  1.371429E+01  7.327620E-24
    141  4.5637518737968291E-01  0.0000000000000000E+00  0.0000000000000000E+00  1.065792E+09  6.289800E+08  2.624498E+26  1.163760E+18  8.038033E+07  7.498448E+08  1.371429E+01  7.365029E-24
    142  4.5641936663469584E-01  0.0000000000000000E+00  0.0000000000000000E+00  1.161015E+09  6.289105E+08  2.630456E+26  1.163762E+18  8.230270E+07  7.508034E+08  1.371436E+01  8.476691E-24
    143  4.5642820248569843E-01  0.0000000000000000E+00  0.0000000000000000E+00  1.180060E+09  6.288966E+08  2.631669E+26  1.163763E+18  8.267676E+07  7.509978E+08  1.371439E+01  8.590884E-24
    144  4.5644587418770360E-01  0.0000000000000000E+00  0.0000000000000000E+00  1.218150E+09  6.288688E+08  2.634115E+26  1.163767E+18  8.341529E+07  7.513894E+08  1.371450E+01  8.714936E-24
    145  4.5648121759171395E-01  0.0000000000000000E+00  0.0000000000000000E+00  1.294329E+09  6.288131E+08  2.639092E+26  1.163791E+18  8.485572E+07  7.521831E+08  1.371517E+01  8.823164E-24
    146  4.5648828627251603E-01  0.0000000000000000E+00  0.0000000000000000E+00  1.309564E+09  6.288020E+08  2.640100E+26  1.163802E+18  8.513804E+07  7.523435E+08  1.371544E+01  8.936042E-24
    147  4.5650242363412014E-01  0.0000000000000000E+00  0.0000000000000000E+00  1.340036E+09  6.287798E+08  2.642129E+26  1.163832E+18  8.569675E+07  7.526658E+08  1.371624E+01  9.046722E-24
    148  4.5653069835732840E-01  0.0000000000000000E+00  0.0000000000000000E+00  1.400979E+09  6.287352E+08  2.646232E+26  1.163985E+18  8.678818E+07  7.533158E+08  1.371959E+01  9.345106E-24
    149  4.5653554972976962E-01  0.0000000000000000E+00  0.0000000000000000E+00  1.411436E+09  6.287276E+08  2.646941E+26  1.164034E+18  8.697145E+07  7.534279E+08  1.372054E+01  9.618617E-24
    150  4.5654525247465205E-01  0.0000000000000000E+00  0.0000000000000000E+00  1.432349E+09  6.287123E+08  2.648362E+26  1.164165E+18  8.733380E+07  7.536524E+08  1.372295E+01  9.726074E-24
    151  4.5656465796441692E-01  0.0000000000000000E+00  0.0000000000000000E+00  1.474176E+09  6.286818E+08  2.651213E+26  1.164601E+18  8.803836E+07  7.541019E+08  1.373062E+01  9.808626E-24
    152  4.5656853906236988E-01  0.0000000000000000E+00  0.0000000000000000E+00  1.482541E+09  6.286757E+08  2.651783E+26  1.164724E+18  8.817536E+07  7.541916E+08  1.373277E+01  9.928391E-24
    153  4.5657630125827581E-01  0.0000000000000000E+00  0.0000000000000000E+00  1.499271E+09  6.286635E+08  2.652922E+26  1.165017E+18  8.844458E+07  7.543709E+08  1.373788E+01  1.004914E-23
    154  4.5659182565008771E-01  0.0000000000000000E+00  0.0000000000000000E+00  1.532733E+09  6.286390E+08  2.655188E+26  1.165841E+18  8.895990E+07  7.547270E+08  1.375232E+01  1.017627E-23
    155  4.5659493052845007E-01  0.0000000000000000E+00  0.0000000000000000E+00  1.539425E+09  6.286342E+08  2.655639E+26  1.166053E+18  8.905851E+07  7.547977E+08  1.375605E+01  1.030632E-23
    156  4.5660114028517484E-01  0.0000000000000000E+00  0.0000000000000000E+00  1.552809E+09  6.286244E+08  2.656535E+26  1.166537E+18  8.925043E+07  7.549382E+08  1.376455E+01  1.044098E-23
    157  4.5661355979862434E-01  0.0000000000000000E+00  0.0000000000000000E+00  1.579578E+09  6.286048E+08  2.658303E+26  1.167786E+18  8.960941E+07  7.552153E+08  1.378654E+01  1.057824E-23
    158  4.5663839882552337E-01  0.0000000000000000E+00  0.0000000000000000E+00  1.633116E+09  6.285657E+08  2.661685E+26  1.171872E+18  9.019142E+07  7.557435E+08  1.385889E+01  1.094727E-23
    159  4.5664241218162882E-01  0.0000000000000000E+00  0.0000000000000000E+00  1.641767E+09  6.285594E+08  2.662204E+26  1.172798E+18  9.026319E+07  7.558242E+08  1.387536E+01  1.127091E-23
    160  4.5665007319624573E-01  0.0000000000000000E+00  0.0000000000000000E+00  1.658279E+09  6.285474E+08  2.663164E+26  1.174824E+18  9.037879E+07  7.559736E+08  1.391150E+01  1.141065E-23
    161  4.5666539522547955E-01  0.0000000000000000E+00  0.0000000000000000E+00  1.691304E+09  6.285232E+08  2.664948E+26  1.180067E+18  9.051220E+07  7.562502E+08  1.400561E+01  1.177043E-23
    162  4.5669603928394720E-01  0.0000000000000000E+00  0.0000000000000000E+00  1.757354E+09  6.284750E+08  2.667776E+26  1.196658E+18  9.028614E+07  7.566851E+08  1.430867E+01  1.573150E-23
    163  4.5670036921708340E-01  0.0000000000000000E+00  0.0000000000000000E+00  1.766687E+09  6.284682E+08  2.668080E+26  1.199767E+18  9.019340E+07  7.567314E+08  1.436633E+01  2.041152E-23
    164  4.5670735572437571E-01  0.0000000000000000E+00  0.0000000000000000E+00  1.781746E+09  6.284572E+08  2.668517E+26  1.205206E+18  9.001062E+07  7.567974E+08  1.446790E+01  3.685936E-23
    165  4.5672132873896032E-01  0.0000000000000000E+00  0.0000000000000000E+00  1.811863E+09  6.284352E+08  2.669192E+26  1.217625E+18  8.952622E+07  7.568980E+08  1.470291E+01  3.785144E-22
    166  4.5674807362138731E-01  0.0000000000000000E+00  0.0000000000000000E+00  1.869509E+09  6.283931E+08  2.669843E+26  1.246232E+18  8.823528E+07  7.569890E+08  1.526182E+01  5.432433E-20
    167  4.5675159642411800E-01  0.0000000000000000E+00  0.0000000000000000E+00  1.877102E+09  6.283876E+08  2.669882E+26  1.250330E+18  8.804089E+07  7.569936E+08  1.534411E+01  9.978996E-20
    168  4.5675658469095720E-01  0.0000000000000000E+00  0.0000000000000000E+00  1.887854E+09  6.283797E+08  2.669926E+26  1.256209E+18  8.776049E+07  7.569984E+08  1.546314E+01  2.284020E-19
    169  4.5676656122463560E-01  0.0000000000000000E+00  0.0000000000000000E+00  1.909357E+09  6.283640E+08  2.669988E+26  1.268106E+18  8.719080E+07  7.570039E+08  1.570774E+01  1.079287E-18
    170  4.5678651429199235E-01  0.0000000000000000E+00  0.0000000000000000E+00  1.952364E+09  6.283326E+08  2.670126E+26  1.291535E+18  8.608389E+07  7.570172E+08  1.620496E+01  1.604396E-17
    171  4.5678947352403376E-01  0.0000000000000000E+00  0.0000000000000000E+00  1.958742E+09  6.283280E+08  2.670160E+26  1.294875E+18  8.593008E+07  7.570213E+08  1.627765E+01  2.270912E-17
    172  4.5679486802592301E-01  0.0000000000000000E+00  0.0000000000000000E+00  1.975758E+09  6.282602E+08  2.670313E+26  1.300907E+18  8.573514E+07  7.570800E+08  1.641008E+01  4.177581E-17
    173  4.5680521167856675E-01  0.0000000000000000E+00  0.0000000000000000E+00  2.018189E+09  6.280227E+08  2.670661E+26  1.313220E+18  8.545046E+07  7.572681E+08  1.668517E+01  1.419310E-16
    174  4.5681925697829823E-01  0.0000000000000000E+00  0.0000000000000000E+00  2.075805E+09  6.277000E+08  2.671071E+26  1.330316E+18  8.503038E+07  7.575131E+08  1.707790E+01  6.918673E-16
    175  4.5683177844766809E-01  0.0000000000000000E+00  0.0000000000000000E+00  2.127171E+09  6.274124E+08  2.671615E+26  1.344169E+18  8.475187E+07  7.577586E+08  1.740611E+01  2.219202E-15
    176  4.5683385087051037E-01  0.0000000000000000E+00  0.0000000000000000E+00  2.135672E+09  6.273648E+08  2.671734E+26  1.346243E+18  8.472116E+07  7.578038E+08  1.745608E+01  2.620782E-15
    177  4.5683767514623674E-01  0.0000000000000000E+00  0.0000000000000000E+00  2.151360E+09  6.272770E+08  2.671980E+26  1.349887E+18  8.467778E+07  7.578911E+08  1.754432E+01  3.491886E-15
    178  4.5684532369768954E-01  0.0000000000000000E+00  0.0000000000000000E+00  2.182735E+09  6.271013E+08  2.672580E+26  1.356424E+18  8.464478E+07  7.580821E+08  1.770416E+01  5.731648E-15
    179  4.5686062080059514E-01  0.0000000000000000E+00  0.0000000000000000E+00  2.245487E+09  6.267499E+08  2.674212E+26  1.366557E+18  8.478924E+07  7.585308E+08  1.795565E+01  1.183570E-14
    180  4.5688574290653339E-01  0.0000000000000000E+00  0.0000000000000000E+00  2.348542E+09  6.261729E+08  2.677962E+26  1.376404E+18  8.550910E+07  7.594312E+08  1.820374E+01  2.343358E-14
    181  4.5688890980139713E-01  0.0000000000000000E+00  0.0000000000000000E+00  2.361533E+09  6.261001E+08  2.678508E+26  1.377217E+18  8.563005E+07  7.595559E+08  1.822427E+01  2.481218E-14
    182  4.5689385300486673E-01  0.0000000000000000E+00  0.0000000000000000E+00  2.381811E+09  6.259866E+08  2.679387E+26  1.378348E+18  8.582854E+07  7.597544E+08  1.825278E+01  2.688340E-14
    183  4.5690373941180590E-01  0.0000000000000000E+00  0.0000000000000000E+00  2.422366E+09  6.257595E+08  2.681228E+26  1.380187E+18  8.625497E+07  7.601643E+08  1.829889E+01  3.071030E-14
    184  4.5692351222568423E-01  0.0000000000000000E+00  0.0000000000000000E+00  2.503477E+09  6.253053E+08  2.685180E+26  1.382695E+18  8.718935E+07  7.610242E+08  1.836009E+01  3.732293E-14
    185  4.5692677241363044E-01  0.0000000000000000E+00  0.0000000000000000E+00  2.516851E+09  6.252305E+08  2.685860E+26  1.383008E+18  8.735049E+07  7.611702E+08  1.836739E+01  3.833796E-14
    186  4.5693329278952283E-01  0.0000000000000000E+00  0.0000000000000000E+00  2.543599E+09  6.250807E+08  2.687240E+26  1.383576E+18  8.767691E+07  7.614651E+08  1.838029E+01  4.034185E-14
    187  4.5694633354130759E-01  0.0000000000000000E+00  0.0000000000000000E+00  2.597094E+09  6.247811E+08  2.690074E+26  1.384555E+18  8.834231E+07  7.620656E+08  1.840070E+01  4.447371E-14
    188  4.5697241504487718E-01  0.0000000000000000E+00  0.0000000000000000E+00  2.704085E+09  6.241821E+08  2.695992E+26  1.386349E+18  8.970169E+07  7.633027E+08  1.842787E+01  5.622527E-14
    189  4.5697687399404968E-01  0.0000000000000000E+00  0.0000000000000000E+00  2.722376E+09  6.240796E+08  2.697034E+26  1.386690E+18  8.993616E+07  7.635185E+08  1.843134E+01  5.925265E-14
    190  4.5698579189239469E-01  0.0000000000000000E+00  0.0000000000000000E+00  2.758959E+09  6.238748E+08  2.699142E+26  1.387448E+18  9.040609E+07  7.639535E+08  1.843756E+01  6.667123E-14
    191  4.5700362768908470E-01  0.0000000000000000E+00  0.0000000000000000E+00  2.832124E+09  6.234651E+08  2.703452E+26  1.389460E+18  9.134796E+07  7.648368E+08  1.844786E+01  8.717892E-14
    192  4.5700659138650357E-01  0.0000000000000000E+00  0.0000000000000000E+00  2.844282E+09  6.233970E+08  2.704180E+26  1.389885E+18  9.150447E+07  7.649852E+08  1.844939E+01  9.125624E-14
    193  4.5701161252033407E-01  0.0000000000000000E+00  0.0000000000000000E+00  2.864879E+09  6.232817E+08  2.705421E+26  1.390684E+18  9.176941E+07  7.652376E+08  1.845195E+01  9.866901E-14
    194  4.5702165478799506E-01  0.0000000000000000E+00  0.0000000000000000E+00  2.906074E+09  6.230510E+08  2.707926E+26  1.392636E+18  9.229764E+07  7.657458E+08  1.845724E+01  1.167491E-13
    195  4.5704173932331699E-01  0.0000000000000000E+00  0.0000000000000000E+00  2.988464E+09  6.225897E+08  2.713011E+26  1.398466E+18  9.333735E+07  7.667722E+08  1.847206E+01  2.062904E-13
    196  4.5704519631381679E-01  0.0000000000000000E+00  0.0000000000000000E+00  3.002645E+09  6.225103E+08  2.713893E+26  1.399794E+18  9.351232E+07  7.669495E+08  1.847579E+01  2.455226E-13
    197  4.5705211029481635E-01  0.0000000000000000E+00  0.0000000000000000E+00  3.031008E+09  6.223515E+08  2.715657E+26  1.402781E+18  9.385698E+07  7.673042E+08  1.848491E+01  3.928749E-13
    198  4.5706593825681546E-01  0.0000000000000000E+00  0.0000000000000000E+00  3.087732E+09  6.220339E+08  2.719170E+26  1.410133E+18  9.451760E+07  7.680105E+08  1.851240E+01  1.738466E-12
    199  4.5706865189496909E-01  0.0000000000000000E+00  0.0000000000000000E+00  3.098864E+09  6.219715E+08  2.719854E+26  1.411792E+18  9.464133E+07  7.681480E+08  1.851975E+01  2.489731E-12
    200  4.5707318264724772E-01  0.0000000000000000E+00  0.0000000000000000E+00  3.117450E+09  6.218675E+08  2.720989E+26  1.414714E+18  9.484239E+07  7.683766E+08  1.853385E+01  4.652754E-12
    201  4.5708224415180493E-01  0.0000000000000000E+00  0.0000000000000000E+00  3.154622E+09  6.216593E+08  2.723221E+26  1.421104E+18  9.521954E+07  7.688275E+08  1.857049E+01  1.681715E-11
    202  4.5710036716091934E-01  0.0000000000000000E+00  0.0000000000000000E+00  3.228965E+09  6.212431E+08  2.727431E+26  1.435867E+18  9.583171E+07  7.696883E+08  1.869259E+01  1.905960E-10
    203  4.5710320471156030E-01  0.0000000000000000E+00  0.0000000000000000E+00  3.240605E+09  6.211779E+08  2.728045E+26  1.438413E+18  9.590463E+07  7.698158E+08  1.871973E+01  2.702413E-10
    204  4.5710813904399122E-01  0.0000000000000000E+00  0.0000000000000000E+00  3.260847E+09  6.210645E+08  2.729073E+26  1.443008E+18  9.601298E+07  7.700315E+08  1.877346E+01  4.826339E-10
    205  4.5711800770885314E-01  0.0000000000000000E+00  0.0000000000000000E+00  3.301330E+09  6.208379E+08  2.730955E+26  1.452950E+18  9.614923E+07  7.704352E+08  1.890995E+01  1.404717E-09
    206  4.5713774503857696E-01  0.0000000000000000E+00  0.0000000000000000E+00  3.382295E+09  6.203845E+08  2.733805E+26  1.477236E+18  9.602309E+07  7.710998E+08  1.933274E+01  8.684842E-09
    207  4.5714099254602081E-01  0.0000000000000000E+00  0.0000000000000000E+00  3.395617E+09  6.203099E+08  2.734133E+26  1.481998E+18  9.594329E+07  7.711872E+08  1.942559E+01  1.136703E-08
    208  4.5714615040608386E-01  0.0000000000000000E+00  0.0000000000000000E+00  3.416776E+09  6.201914E+08  2.734563E+26  1.490102E+18  9.577935E+07  7.713117E+08  1.958855E+01  1.718402E-08
    209  4.5715646612620991E-01  0.0000000000000000E+00  0.0000000000000000E+00  3.459092E+09  6.199545E+08  2.735070E+26  1.508431E+18  9.531156E+07  7.715062E+08  1.997556E+01  3.804247E-08
    210  4.5717709756646202E-01  0.0000000000000000E+00  0.0000000000000000E+00  3.543726E+09  6.194806E+08  2.734684E+26  1.553175E+18  9.384396E+07  7.716785E+08  2.101271E+01  1.811777E-07
    211  4.5718027681641371E-01  0.0000000000000000E+00  0.0000000000000000E+00  3.556768E+09  6.194076E+08  2.734475E+26  1.560811E+18  9.356441E+07  7.716821E+08  2.120365E+01  2.319686E-07
    212  4.5718527043587542E-01  0.0000000000000000E+00  0.0000000000000000E+00  3.577252E+09  6.192929E+08  2.734083E+26  1.573036E+18  9.310407E+07  7.716779E+08  2.151899E+01  3.445571E-07
    213  4.5719525767479885E-01  0.0000000000000000E+00  0.0000000000000000E+00  3.618222E+09  6.190635E+08  2.733119E+26  1.597845E+18  9.212875E+07  7.716421E+08  2.219967E+01  7.724429E-07
    214  4.5721523215264570E-01  0.0000000000000000E+00  0.0000000000000000E+00  3.700160E+09  6.186047E+08  2.730967E+26  1.645404E+18  9.015586E+07  7.715372E+08  2.368813E+01  3.501586E-06
    215  4.5721855402977490E-01  0.0000000000000000E+00  0.0000000000000000E+00  3.713787E+09  6.185284E+08  2.730643E+26  1.652719E+18  8.984828E+07  7.715252E+08  2.394121E+01  4.336821E-06
    216  4.5722316313504707E-01  0.0000000000000000E+00  0.0000000000000000E+00  3.732694E+09  6.184225E+08  2.730232E+26  1.662503E+18  8.943913E+07  7.715146E+08  2.429037E+01  5.685839E-06
    217  4.5723238134559135E-01  0.0000000000000000E+00  0.0000000000000000E+00  3.770509E+09  6.182107E+08  2.729587E+26  1.680689E+18  8.869487E+07  7.715207E+08  2.497243E+01  8.968067E-06
    218  4.5725081776667997E-01  0.0000000000000000E+00  0.0000000000000000E+00  3.846138E+09  6.177873E+08  2.729214E+26  1.711105E+18  8.756069E+07  7.716734E+08  2.621386E+01  1.673010E-05
    219  4.5727999240893924E-01  0.0000000000000000E+00  0.0000000000000000E+00  3.965817E+09  6.171171E+08  2.731427E+26  1.743827E+18  8.675693E+07  7.723430E+08  2.770186E+01  2.935528E-05
    220  4.5730792592888819E-01  0.0000000000000000E+00  0.0000000000000000E+00  4.080405E+09  6.164755E+08  2.736329E+26  1.761865E+18  8.688298E+07  7.734058E+08  2.859235E+01  4.790924E-05
    221  4.5731052631406716E-01  0.0000000000000000E+00  0.0000000000000000E+00  4.091072E+09  6.164158E+08  2.736894E+26  1.763068E+18  8.692722E+07  7.735211E+08  2.865355E+01  5.063405E-05
    222  4.5731450851230487E-01  0.0000000000000000E+00  0.0000000000000000E+00  4.107408E+09  6.163243E+08  2.737791E+26  1.764783E+18  8.700360E+07  7.737024E+08  2.874127E+01  5.537477E-05
    223  4.5732247290878031E-01  0.0000000000000000E+00  0.0000000000000000E+00  4.140079E+09  6.161414E+08  2.739687E+26  1.767786E+18  8.718513E+07  7.740805E+08  2.889636E+01  6.746887E-05
    224  4.5733840170173118E-01  0.0000000000000000E+00  0.0000000000000000E+00  4.205422E+09  6.157755E+08  2.743846E+26  1.772325E+18  8.764606E+07  7.748913E+08  2.913577E+01  1.080172E-04
    225  4.5736500162691496E-01  0.0000000000000000E+00  0.0000000000000000E+00  4.314539E+09  6.151645E+08  2.751689E+26  1.776573E+18  8.863863E+07  7.763788E+08  2.936959E+01  2.818358E-04
    226  4.5739042065930630E-01  0.0000000000000000E+00  0.0000000000000000E+00  4.418812E+09  6.145807E+08  2.759992E+26  1.778079E+18  8.976453E+07  7.779193E+08  2.945762E+01  7.564583E-04
    227  4.5741377892484741E-01  0.0000000000000000E+00  0.0000000000000000E+00  4.514631E+09  6.140441E+08  2.768099E+26  1.778394E+18  9.088129E+07  7.794042E+08  2.947507E+01  1.801568E-03
    228  4.5741597938901607E-01  0.0000000000000000E+00  0.0000000000000000E+00  4.523658E+09  6.139936E+08  2.768880E+26  1.778399E+18  9.098865E+07  7.795465E+08  2.947505E+01  1.947424E-03
    229  4.5741907547545463E-01  0.0000000000000000E+00  0.0000000000000000E+00  4.536359E+09  6.139225E+08  2.769983E+26  1.778403E+18  9.113993E+07  7.797474E+08  2.947485E+01  2.169572E-03
    230  4.5742385616909287E-01  0.0000000000000000E+00  0.0000000000000000E+00  4.555970E+09  6.138127E+08  2.771695E+26  1.778404E+18  9.137409E+07  7.800588E+08  2.947410E+01  2.554840E-03
    231  4.5743341755636929E-01  0.0000000000000000E+00  0.0000000000000000E+00  4.595192E+09  6.135930E+08  2.775149E+26  1.778396E+18  9.184348E+07  7.806857E+08  2.947175E+01  3.497575E-03
    232  4.5743532983382457E-01  0.0000000000000000E+00  0.0000000000000000E+00  4.603037E+09  6.135491E+08  2.775844E+26  1.778395E+18  9.193745E+07  7.808116E+08  2.947121E+01  3.716196E-03
    233  4.5743782003843431E-01  0.0000000000000000E+00  0.0000000000000000E+00  4.613252E+09  6.134919E+08  2.776751E+26  1.778393E+18  9.205976E+07  7.809759E+08  2.947056E+01  4.017023E-03
    234  4.5744280044765379E-01  0.0000000000000000E+00  0.0000000000000000E+00  4.633682E+09  6.133775E+08  2.778571E+26  1.778393E+18  9.230421E+07  7.813053E+08  2.946938E+01  4.675154E-03
    235  4.5745276126609274E-01  0.0000000000000000E+00  0.0000000000000000E+00  4.674543E+09  6.131487E+08  2.782236E+26  1.778411E+18  9.279182E+07  7.819673E+08  2.946800E+01  6.227216E-03
    236  4.5746911100942572E-01  0.0000000000000000E+00  0.0000000000000000E+00  4.741613E+09  6.127732E+08  2.788304E+26  1.778521E+18  9.358449E+07  7.830608E+08  2.947163E+01  9.453275E-03
    237  4.5747127095907963E-01  0.0000000000000000E+00  0.0000000000000000E+00  4.750473E+09  6.127236E+08  2.789110E+26  1.778548E+18  9.368808E+07  7.832057E+08  2.947298E+01  9.936785E-03
    238  4.5747442894147039E-01  0.0000000000000000E+00  0.0000000000000000E+00  4.763428E+09  6.126510E+08  2.790288E+26  1.778593E+18  9.383879E+07  7.834175E+08  2.947551E+01  1.066525E-02
    239  4.5748074490625185E-01  0.0000000000000000E+00  0.0000000000000000E+00  4.789337E+09  6.125059E+08  2.792645E+26  1.778709E+18  9.413733E+07  7.838413E+08  2.948278E+01  1.219122E-02
    240  4.5749337683581481E-01  0.0000000000000000E+00  0.0000000000000000E+00  4.841155E+09  6.122158E+08  2.797351E+26  1.779075E+18  9.471922E+07  7.846868E+08  2.950892E+01  1.549428E-02
    241  4.5751221169226608E-01  0.0000000000000000E+00  0.0000000000000000E+00  4.918419E+09  6.117832E+08  2.804277E+26  1.780134E+18  9.552933E+07  7.859321E+08  2.959195E+01  2.140118E-02
    242  4.5753057106212519E-01  0.0000000000000000E+00  0.0000000000000000E+00  4.993732E+09  6.113615E+08  2.810795E+26  1.782086E+18  9.621783E+07  7.871088E+08  2.975105E+01  3.035570E-02
    243  4.5754563865522208E-01  0.0000000000000000E+00  0.0000000000000000E+00  5.055542E+09  6.110154E+08  2.815828E+26  1.784755E+18  9.666899E+07  7.880253E+08  2.997125E+01  4.298494E-02
    244  4.5754754965317906E-01  0.0000000000000000E+00  0.0000000000000000E+00  5.063381E+09  6.109715E+08  2.816435E+26  1.785187E+18  9.671613E+07  7.881368E+08  3.000724E+01  4.510387E-02
    245  4.5755039349753318E-01  0.0000000000000000E+00  0.0000000000000000E+00  5.075047E+09  6.109061E+08  2.817328E+26  1.785870E+18  9.678234E+07  7.883010E+08  3.006402E+01  4.851634E-02
    246  4.5755608118624141E-01  0.0000000000000000E+00  0.0000000000000000E+00  5.098379E+09  6.107755E+08  2.819054E+26  1.787409E+18  9.689666E+07  7.886204E+08  3.019240E+01  5.638141E-02
    247  4.5756745656365783E-01  0.0000000000000000E+00  0.0000000000000000E+00  5.145042E+09  6.105142E+08  2.822232E+26  1.791280E+18  9.704153E+07  7.892174E+08  3.051919E+01  7.715384E-02
    248  4.5756905392229708E-01  0.0000000000000000E+00  0.0000000000000000E+00  5.151595E+09  6.104775E+08  2.822645E+26  1.791922E+18  9.705189E+07  7.892962E+08  3.057361E+01  8.071909E-02
    249  4.5757111622405822E-01  0.0000000000000000E+00  0.0000000000000000E+00  5.160055E+09  6.104302E+08  2.823163E+26  1.792788E+18  9.706097E+07  7.893956E+08  3.064760E+01  8.557345E-02
    250  4.5757524082758055E-01  0.0000000000000000E+00  0.0000000000000000E+00  5.176975E+09  6.103354E+08  2.824148E+26  1.794657E+18  9.706467E+07  7.895868E+08  3.080832E+01  9.621958E-02
    251  4.5758349003462517E-01  0.0000000000000000E+00  0.0000000000000000E+00  5.210814E+09  6.101459E+08  2.825898E+26  1.798995E+18  9.700913E+07  7.899358E+08  3.118666E+01  1.216840E-01
    252  4.5758477191847524E-01  0.0000000000000000E+00  0.0000000000000000E+00  5.216073E+09  6.101165E+08  2.826142E+26  1.799743E+18  9.699276E+07  7.899858E+08  3.125267E+01  1.261870E-01
    253  4.5758684087058787E-01  0.0000000000000000E+00  0.0000000000000000E+00  5.224560E+09  6.100690E+08  2.826517E+26  1.801000E+18  9.696109E+07  7.900637E+08  3.136414E+01  1.337869E-01
    254  4.5759097877481308E-01  0.0000000000000000E+00  0.0000000000000000E+00  5.241534E+09  6.099739E+08  2.827199E+26  1.803688E+18  9.687941E+07  7.902093E+08  3.160487E+01  1.502611E-01
    255  4.5759925458326356E-01  0.0000000000000000E+00  0.0000000000000000E+00  5.275483E+09  6.097838E+08  2.828278E+26  1.809795E+18  9.663936E+07  7.904576E+08  3.216371E+01  1.886287E-01
    256  4.5760053912400078E-01  0.0000000000000000E+00  0.0000000000000000E+00  5.280752E+09  6.097543E+08  2.828411E+26  1.810828E+18  9.659316E+07  7.904910E+08  3.225995E+01  1.952645E-01
    257  4.5760251576177713E-01  0.0000000000000000E+00  0.0000000000000000E+00  5.288861E+09  6.097089E+08  2.828595E+26  1.812471E+18  9.651654E+07  7.905393E+08  3.241397E+01  2.058382E-01
    258  4.5760646903732982E-01  0.0000000000000000E+00  0.0000000000000000E+00  5.305078E+09  6.096181E+08  2.828892E+26  1.815927E+18  9.634535E+07  7.906252E+08  3.274229E+01  2.283177E-01
    259  4.5761437558843526E-01  0.0000000000000000E+00  0.0000000000000000E+00  5.337512E+09  6.094365E+08  2.829208E+26  1.823503E+18  9.593346E+07  7.907555E+08  3.348270E+01  2.785810E-01
    260  4.5761595689865636E-01  0.0000000000000000E+00  0.0000000000000000E+00  5.343998E+09  6.094002E+08  2.829230E+26  1.825113E+18  9.584104E+07  7.907754E+08  3.364396E+01  2.894552E-01
    261  4.5761815842183601E-01  0.0000000000000000E+00  0.0000000000000000E+00  5.353029E+09  6.093496E+08  2.829236E+26  1.827412E+18  9.570666E+07  7.907995E+08  3.387631E+01  3.050313E-01
    262  4.5762256146819530E-01  0.0000000000000000E+00  0.0000000000000000E+00  5.371092E+09  6.092485E+08  2.829174E+26  1.832172E+18  9.542103E+07  7.908367E+08  3.436644E+01  3.376139E-01
    263  4.5763136756091388E-01  0.0000000000000000E+00  0.0000000000000000E+00  5.407216E+09  6.090462E+08  2.828810E+26  1.842205E+18  9.479818E+07  7.908754E+08  3.543971E+01  4.076787E-01
    264  4.5763312877945761E-01  0.0000000000000000E+00  0.0000000000000000E+00  5.414440E+09  6.090058E+08  2.828711E+26  1.844258E+18  9.466899E+07  7.908794E+08  3.566648E+01  4.222696E-01
    265  4.5763564210616270E-01  0.0000000000000000E+00  0.0000000000000000E+00  5.424750E+09  6.089480E+08  2.828558E+26  1.847212E+18  9.448275E+07  7.908833E+08  3.599665E+01  4.433763E-01
    266  4.5764066875957293E-01  0.0000000000000000E+00  0.0000000000000000E+00  5.445371E+09  6.088326E+08  2.828239E+26  1.853129E+18  9.411105E+07  7.908893E+08  3.667278E+01  4.861573E-01
    267  4.5765072206639340E-01  0.0000000000000000E+00  0.0000000000000000E+00  5.474544E+09  6.085531E+08  2.825641E+26  1.864720E+18  9.324263E+07  7.906605E+08  3.808015E+01  5.696604E-01
    268  4.5766626779178121E-01  0.0000000000000000E+00  0.0000000000000000E+00  5.511095E+09  6.080866E+08  2.821613E+26  1.879216E+18  9.217306E+07  7.903420E+08  3.996808E+01  6.771331E-01
    269  4.5766883462105340E-01  0.0000000000000000E+00  0.0000000000000000E+00  5.517131E+09  6.080096E+08  2.821140E+26  1.881179E+18  9.204551E+07  7.903182E+08  4.023117E+01  6.922898E-01
    270  4.5767354432862561E-01  0.0000000000000000E+00  0.0000000000000000E+00  5.528204E+09  6.078683E+08  2.820401E+26  1.884497E+18  9.184324E+07  7.902936E+08  4.067920E+01  7.181724E-01
    271  4.5768296374377004E-01  0.0000000000000000E+00  0.0000000000000000E+00  5.550352E+09  6.075856E+08  2.819430E+26  1.890059E+18  9.156101E+07  7.903199E+08  4.143152E+01  7.630474E-01
    272  4.5770180257405896E-01  0.0000000000000000E+00  0.0000000000000000E+00  5.594647E+09  6.070203E+08  2.819267E+26  1.897552E+18  9.141121E+07  7.906371E+08  4.240288E+01  8.291045E-01
    273  4.5773129728135548E-01  0.0000000000000000E+00  0.0000000000000000E+00  5.663996E+09  6.061352E+08  2.822452E+26  1.902598E+18  9.194582E+07  7.916448E+08  4.284206E+01  8.885974E-01
    274  4.5773544401362248E-01  0.0000000000000000E+00  0.0000000000000000E+00  5.673746E+09  6.060108E+08  2.823114E+26  1.902912E+18  9.206734E+07  7.918183E+08  4.283590E+01  8.943259E-01
    275  4.5774150065135749E-01  0.0000000000000000E+00  0.0000000000000000E+00  5.687987E+09  6.058290E+08  2.824168E+26  1.903206E+18  9.226332E+07  7.920847E+08  4.279969E+01  9.016530E-01
    276  4.5775361392682751E-01  0.0000000000000000E+00  0.0000000000000000E+00  5.716468E+09  6.054656E+08  2.826499E+26  1.903398E+18  9.270239E+07  7.926506E+08  4.265863E+01  9.138235E-01
    277  4.5777784047776754E-01  0.0000000000000000E+00  0.0000000000000000E+00  5.773431E+09  6.047386E+08  2.831834E+26  1.902642E+18  9.371969E+07  7.938826E+08  4.218023E+01  9.312241E-01
    278  4.5778268578795556E-01  0.0000000000000000E+00  0.0000000000000000E+00  5.784824E+09  6.045932E+08  2.833010E+26  1.902320E+18  9.394568E+07  7.941451E+08  4.205389E+01  9.338947E-01
    279  4.5779228340516931E-01  0.0000000000000000E+00  0.0000000000000000E+00  5.807390E+09  6.043052E+08  2.835369E+26  1.901631E+18  9.439880E+07  7.946699E+08  4.179829E+01  9.386720E-01
    280  4.5781147863959681E-01  0.0000000000000000E+00  0.0000000000000000E+00  5.852523E+09  6.037292E+08  2.840327E+26  1.899900E+18  9.535307E+07  7.957553E+08  4.123091E+01  9.464856E-01
    281  4.5784986910845177E-01  0.0000000000000000E+00  0.0000000000000000E+00  5.942789E+09  6.025771E+08  2.851145E+26  1.895201E+18  9.744383E+07  7.980615E+08  3.990659E+01  9.574919E-01
    282  4.5790389513213975E-01  0.0000000000000000E+00  0.0000000000000000E+00  6.069818E+09  6.009559E+08  2.868039E+26  1.886373E+18  1.007255E+08  8.015587E+08  3.778364E+01  9.668920E-01
    283  4.5790876201885550E-01  0.0000000000000000E+00  0.0000000000000000E+00  6.081261E+09  6.008099E+08  2.869513E+26  1.885770E+18  1.010073E+08  8.018667E+08  3.761943E+01  9.680264E-01
    284  4.5791472134268302E-01  0.0000000000000000E+00  0.0000000000000000E+00  6.095273E+09  6.006310E+08  2.871488E+26  1.884677E+18  1.013919E+08  8.022694E+08  3.737501E+01  9.688427E-01
    285  4.5792663999033806E-01  0.0000000000000000E+00  0.0000000000000000E+00  6.123297E+09  6.002734E+08  2.875506E+26  1.882403E+18  1.021754E+08  8.030851E+08  3.687938E+01  9.703590E-01
    286  4.5795047728564814E-01  0.0000000000000000E+00  0.0000000000000000E+00  6.179344E+09  5.995581E+08  2.883781E+26  1.877572E+18  1.037924E+08  8.047525E+08  3.587304E+01  9.730053E-01
    287  4.5795524474471017E-01  0.0000000000000000E+00  0.0000000000000000E+00  6.190554E+09  5.994150E+08  2.885503E+26  1.876518E+18  1.041308E+08  8.050962E+08  3.566242E+01  9.734747E-01
    288  4.5796477966283422E-01  0.0000000000000000E+00  0.0000000000000000E+00  6.212973E+09  5.991289E+08  2.888942E+26  1.874426E+18  1.048055E+08  8.057827E+08  3.525063E+01  9.743732E-01
    289  4.5798384949908227E-01  0.0000000000000000E+00  0.0000000000000000E+00  6.257811E+09  5.985566E+08  2.895973E+26  1.870058E+18  1.061874E+08  8.071790E+08  3.442222E+01  9.759946E-01
    290  4.5802198917157844E-01  0.0000000000000000E+00  0.0000000000000000E+00  6.347487E+09  5.974122E+08  2.910755E+26  1.860404E+18  1.091107E+08  8.100811E+08  3.273094E+01  9.786167E-01
    291  4.5802787747529344E-01  0.0000000000000000E+00  0.0000000000000000E+00  6.361332E+09  5.972355E+08  2.913072E+26  1.858887E+18  1.095687E+08  8.105346E+08  3.247821E+01  9.789794E-01
    292  4.5803965408272346E-01  0.0000000000000000E+00  0.0000000000000000E+00  6.389022E+09  5.968821E+08  2.917836E+26  1.855663E+18  1.105150E+08  8.114611E+08  3.195791E+01  9.796341E-01
    293  4.5806320729758354E-01  0.0000000000000000E+00  0.0000000000000000E+00  6.444401E+09  5.961753E+08  2.927600E+26  1.848918E+18  1.124597E+08  8.133502E+08  3.092203E+01  9.807979E-01
    294  4.5806791794055557E-01  0.0000000000000000E+00  0.0000000000000000E+00  6.455477E+09  5.960339E+08  2.929623E+26  1.847472E+18  1.128652E+08  8.137386E+08  3.070940E+01  9.809991E-01
    295  4.5807733922649957E-01  0.0000000000000000E+00  0.0000000000000000E+00  6.477629E+09  5.957512E+08  2.933660E+26  1.844604E+18  1.136726E+08  8.145142E+08  3.029522E+01  9.813964E-01
    296  4.5809618179838762E-01  0.0000000000000000E+00  0.0000000000000000E+00  6.521933E+09  5.951858E+08  2.941886E+26  1.838674E+18  1.153214E+08  8.160885E+08  2.947319E+01  9.821163E-01
    297  4.5813386694216374E-01  0.0000000000000000E+00  0.0000000000000000E+00  6.610540E+09  5.940549E+08  2.959065E+26  1.825838E+18  1.187838E+08  8.193478E+08  2.784134E+01  9.832492E-01
    298  4.5813966577898385E-01  0.0000000000000000E+00  0.0000000000000000E+00  6.624175E+09  5.938809E+08  2.961748E+26  1.823832E+18  1.193239E+08  8.198553E+08  2.760066E+01  9.834048E-01
    299  4.5815126345262408E-01  0.0000000000000000E+00  0.0000000000000000E+00  6.651444E+09  5.935329E+08  2.967237E+26  1.819623E+18  1.204339E+08  8.208890E+08  2.711218E+01  9.836755E-01
    300  4.5817445879990459E-01  0.0000000000000000E+00  0.0000000000000000E+00  6.705982E+09  5.928368E+08  2.978451E+26  1.810900E+18  1.227052E+08  8.229922E+08  2.615271E+01  9.841382E-01
    301  4.5817909786936067E-01  0.0000000000000000E+00  0.0000000000000000E+00  6.716890E+09  5.926976E+08  2.980763E+26  1.809055E+18  1.231759E+08  8.234233E+08  2.595894E+01  9.842038E-01
    302  4.5818837600827289E-01  0.0000000000000000E+00  0.0000000000000000E+00  6.738705E+09  5.924192E+08  2.985379E+26  1.805390E+18  1.241134E+08  8.242844E+08  2.558164E+01  9.843459E-01
    303  4.5820693228609727E-01  0.0000000000000000E+00  0.0000000000000000E+00  6.782335E+09  5.918624E+08  2.994764E+26  1.797860E+18  1.260214E+08  8.260297E+08  2.483969E+01  9.845890E-01
    304  4.5824404484174608E-01  0.0000000000000000E+00  0.0000000000000000E+00  6.869597E+09  5.907487E+08  3.014188E+26  1.781922E+18  1.299771E+08  8.296187E+08  2.340458E+01  9.849449E-01
    305  4.5824983056687607E-01  0.0000000000000000E+00  0.0000000000000000E+00  6.883200E+09  5.905751E+08  3.017342E+26  1.779269E+18  1.306229E+08  8.301972E+08  2.318112E+01  9.849289E-01
    306  4.5826060557276521E-01  0.0000000000000000E+00  0.0000000000000000E+00  6.908535E+09  5.902518E+08  3.023201E+26  1.774351E+18  1.318185E+08  8.312723E+08  2.277874E+01  9.849799E-01
    307  4.5828215558454355E-01  0.0000000000000000E+00  0.0000000000000000E+00  6.959205E+09  5.896051E+08  3.035143E+26  1.764223E+18  1.342557E+08  8.334561E+08  2.199253E+01  9.850576E-01
    308  4.5828646558689923E-01  0.0000000000000000E+00  0.0000000000000000E+00  6.969338E+09  5.894757E+08  3.037590E+26  1.762113E+18  1.347563E+08  8.339015E+08  2.183582E+01  9.850597E-01
    309  4.5829437248341526E-01  0.0000000000000000E+00  0.0000000000000000E+00  6.987930E+09  5.892385E+08  3.042083E+26  1.758246E+18  1.356742E+08  8.347195E+08  2.155392E+01  9.850750E-01
    310  4.5831018627644737E-01  0.0000000000000000E+00  0.0000000000000000E+00  7.025112E+09  5.887639E+08  3.051203E+26  1.750336E+18  1.375373E+08  8.363754E+08  2.099949E+01  9.850975E-01
    311  4.5834181386251155E-01  0.0000000000000000E+00  0.0000000000000000E+00  7.099476E+09  5.878149E+08  3.069996E+26  1.733783E+18  1.413444E+08  8.397695E+08  1.992714E+01  9.851594E-01
    312  4.5834699469812851E-01  0.0000000000000000E+00  0.0000000000000000E+00  7.111658E+09  5.876594E+08  3.073189E+26  1.730910E+18  1.419985E+08  8.403426E+08  1.975223E+01  9.851222E-01
    313  4.5835735636936237E-01  0.0000000000000000E+00  0.0000000000000000E+00  7.136021E+09  5.873485E+08  3.079576E+26  1.725183E+18  1.433027E+08  8.414887E+08  1.941238E+01  9.851253E-01
    314  4.5837807971183009E-01  0.0000000000000000E+00  0.0000000000000000E+00  7.184747E+09  5.867266E+08  3.092618E+26  1.713376E+18  1.459642E+08  8.438206E+08  1.874767E+01  9.851416E-01
    315  4.5838222438032361E-01  0.0000000000000000E+00  0.0000000000000000E+00  7.194492E+09  5.866022E+08  3.095281E+26  1.710939E+18  1.465079E+08  8.442951E+08  1.861622E+01  9.851373E-01
    316  4.5839051371731071E-01  0.0000000000000000E+00  0.0000000000000000E+00  7.213982E+09  5.863535E+08  3.100636E+26  1.706032E+18  1.476002E+08  8.452483E+08  1.835698E+01  9.851404E-01
    317  4.5840709239128491E-01  0.0000000000000000E+00  0.0000000000000000E+00  7.252963E+09  5.858560E+08  3.111531E+26  1.695973E+18  1.498212E+08  8.471820E+08  1.784763E+01  9.851527E-01
    318  4.5844024973923331E-01  0.0000000000000000E+00  0.0000000000000000E+00  7.330924E+09  5.848610E+08  3.134089E+26  1.674816E+18  1.544144E+08  8.511624E+08  1.686468E+01  9.852074E-01
    319  4.5844532370964447E-01  0.0000000000000000E+00  0.0000000000000000E+00  7.342854E+09  5.847087E+08  3.137644E+26  1.671442E+18  1.551382E+08  8.517867E+08  1.671771E+01  9.851856E-01
    320  4.5845353970432029E-01  0.0000000000000000E+00  0.0000000000000000E+00  7.362172E+09  5.844622E+08  3.143439E+26  1.665923E+18  1.563165E+08  8.528032E+08  1.648313E+01  9.851920E-01
    321  4.5846997169367187E-01  0.0000000000000000E+00  0.0000000000000000E+00  7.400808E+09  5.839691E+08  3.155243E+26  1.654595E+18  1.587151E+08  8.548675E+08  1.602190E+01  9.852219E-01
    322  4.5847325809154221E-01  0.0000000000000000E+00  0.0000000000000000E+00  7.408535E+09  5.838705E+08  3.157630E+26  1.652294E+18  1.591993E+08  8.552841E+08  1.593146E+01  9.852161E-01
    323  4.5847650489763614E-01  0.0000000000000000E+00  0.0000000000000000E+00  7.416169E+09  5.837730E+08  3.160005E+26  1.649999E+18  1.596812E+08  8.556981E+08  1.584220E+01  9.852198E-01
    324  4.5848299850982394E-01  0.0000000000000000E+00  0.0000000000000000E+00  7.431437E+09  5.835782E+08  3.164788E+26  1.645361E+18  1.606516E+08  8.565311E+08  1.566495E+01  9.852272E-01
    325  4.5849598573419958E-01  0.0000000000000000E+00  0.0000000000000000E+00  7.461077E+09  5.831906E+08  3.174193E+26  1.636106E+18  1.625738E+08  8.581734E+08  1.532280E+01  9.852828E-01
    326  4.5852196018295083E-01  0.0000000000000000E+00  0.0000000000000000E+00  7.460173E+09  5.825611E+08  3.170064E+26  1.635957E+18  1.626273E+08  8.580821E+08  1.531681E+01  9.853772E-01
    327  4.5857390908045337E-01  0.0000000000000000E+00  0.0000000000000000E+00  7.458363E+09  5.813020E+08  3.161557E+26  1.636049E+18  1.626679E+08  8.578612E+08  1.531957E+01  9.853793E-01
    328  4.5867780687545845E-01  0.0000000000000000E+00  0.0000000000000000E+00  7.454745E+09  5.787838E+08  3.144560E+26  1.636233E+18  1.627496E+08  8.574187E+08  1.532509E+01  9.853830E-01
    329  4.5888560246546856E-01  0.0000000000000000E+00  0.0000000000000000E+00  7.447508E+09  5.737475E+08  3.110644E+26  1.636591E+18  1.629170E+08  8.565319E+08  1.533580E+01  9.853900E-01
    330  4.5930119364548877E-01  0.0000000000000000E+00  0.0000000000000000E+00  7.433035E+09  5.636748E+08  3.043124E+26  1.637261E+18  1.632683E+08  8.547515E+08  1.535564E+01  9.854028E-01
    331  4.6013237600552925E-01  0.0000000000000000E+00  0.0000000000000000E+00  7.404189E+09  5.493553E+08  2.944633E+26  1.640764E+18  1.632676E+08  8.517151E+08  1.547590E+01  9.854281E-01
    332  4.6179474072561016E-01  0.0000000000000000E+00  0.0000000000000000E+00  7.360662E+09  5.290921E+08  2.805800E+26  1.646582E+18  1.631389E+08  8.471907E+08  1.567911E+01  9.854755E-01
    333  4.6511947016577199E-01  0.0000000000000000E+00  0.0000000000000000E+00  7.340117E+09  5.201794E+08  2.743868E+26  1.650718E+18  1.628742E+08  8.449376E+08  1.581540E+01  9.855642E-01
    334  4.7176892904609563E-01  0.0000000000000000E+00  0.0000000000000000E+00  7.335733E+09  5.095590E+08  2.676599E+26  1.650833E+18  1.636998E+08  8.432185E+08  1.577825E+01  9.857301E-01
    335  4.7276892902374390E-01  0.0000000000000000E+00  0.0000000000000000E+00  7.344470E+09  5.134133E+08  2.702116E+26  1.650266E+18  1.636554E+08  8.440340E+08  1.575161E+01  9.857521E-01
    336  4.7383109935778811E-01  0.0000000000000000E+00  0.0000000000000000E+00  7.368859E+09  5.238548E+08  2.772470E+26  1.647744E+18  1.636833E+08  8.463729E+08  1.565187E+01  9.857774E-01
    337  4.7595544002587653E-01  0.0000000000000000E+00  0.0000000000000000E+00  7.426809E+09  5.489769E+08  2.943840E+26  1.641496E+18  1.638181E+08  8.519171E+08  1.541196E+01  9.858200E-01
    338  4.8020412136205337E-01  0.0000000000000000E+00  0.0000000000000000E+00  7.520618E+09  5.961348E+08  3.267511E+26  1.633754E+18  1.634250E+08  8.612105E+08  1.511588E+01  9.859681E-01
    339  4.8699909045829531E-01  0.0000000000000000E+00  0.0000000000000000E+00  7.518368E+09  5.910748E+08  3.231168E+26  1.636520E+18  1.634390E+08  8.600738E+08  1.516517E+01  9.861535E-01
    340  4.8798867315532390E-01  0.0000000000000000E+00  0.0000000000000000E+00  7.481849E+09  5.709496E+08  3.092201E+26  1.640486E+18  1.635962E+08  8.561115E+08  1.529677E+01  9.861953E-01
    341  4.8965026128685335E-01  0.0000000000000000E+00  0.0000000000000000E+00  7.402188E+09  5.320709E+08  2.825923E+26  1.649934E+18  1.636049E+08  8.478525E+08  1.562680E+01  9.862484E-01
    342  4.8998257891315922E-01  0.0000000000000000E+00  0.0000000000000000E+00  7.387048E+09  5.245318E+08  2.775191E+26  1.651696E+18  1.636432E+08  8.462368E+08  1.568977E+01  9.862585E-01
    343  4.9064721416577101E-01  0.0000000000000000E+00  0.0000000000000000E+00  7.357024E+09  5.097560E+08  2.676595E+26  1.654882E+18  1.637787E+08  8.430555E+08  1.580460E+01  9.862717E-01
    344  4.9197648467099458E-01  0.0000000000000000E+00  0.0000000000000000E+00  7.299061E+09  4.831031E+08  2.500184E+26  1.661454E+18  1.639142E+08  8.370240E+08  1.604825E+01  9.862977E-01
    345  4.9463502568144174E-01  0.0000000000000000E+00  0.0000000000000000E+00  7.204327E+09  4.423941E+08  2.235939E+26  1.672309E+18  1.641241E+08  8.272574E+08  1.646707E+01  9.863520E-01
    346  4.9995210770233606E-01  0.0000000000000000E+00  0.0000000000000000E+00  7.105963E+09  4.029204E+08  1.986146E+26  1.684244E+18  1.643312E+08  8.170624E+08  1.694594E+01  9.864393E-01
    347  5.0995210747881869E-01  0.0000000000000000E+00  0.0000000000000000E+00  7.034886E+09  3.759265E+08  1.818629E+26  1.694489E+18  1.643451E+08  8.094878E+08  1.736066E+01  9.865819E-01
    348  5.1995210725530128E-01  0.0000000000000000E+00  0.0000000000000000E+00  6.920480E+09  3.357677E+08  1.577104E+26  1.708460E+18  1.647453E+08  7.977346E+08  1.798207E+01  9.865252E-01
    349  5.2095210723294949E-01  0.0000000000000000E+00  0.0000000000000000E+00  6.905241E+09  3.309246E+08  1.548291E+26  1.710707E+18  1.647071E+08  7.961860E+08  1.808890E+01  9.867299E-01
    350  5.2179724317406639E-01  0.0000000000000000E+00  0.0000000000000000E+00  6.889705E+09  3.267775E+08  1.523298E+26  1.712993E+18  1.645755E+08  7.947345E+08  1.820039E+01  9.867342E-01
    351  5.2348751505630009E-01  0.0000000000000000E+00  0.0000000000000000E+00  6.865216E+09  3.186308E+08  1.475907E+26  1.715717E+18  1.647416E+08  7.922378E+08  1.833163E+01  9.867501E-01
    352  5.2686805882076748E-01  0.0000000000000000E+00  0.0000000000000000E+00  6.812289E+09  3.033108E+08  1.386618E+26  1.722431E+18  1.647342E+08  7.870945E+08  1.866862E+01  9.867893E-01
    353  5.3362914634970227E-01  0.0000000000000000E+00  0.0000000000000000E+00  6.725853E+09  2.777650E+08  1.241892E+26  1.732618E+18  1.651708E+08  7.784733E+08  1.919977E+01  9.868764E-01
    354  5.3462914632735048E-01  0.0000000000000000E+00  0.0000000000000000E+00  6.709397E+09  2.742124E+08  1.221352E+26  1.735050E+18  1.650010E+08  7.769988E+08  1.933410E+01  9.869053E-01
    355  5.3581882840893480E-01  0.0000000000000000E+00  0.0000000000000000E+00  6.695164E+09  2.700096E+08  1.198150E+26  1.736554E+18  1.651437E+08  7.755659E+08  1.941572E+01  9.869172E-01
    356  5.3819819257210344E-01  0.0000000000000000E+00  0.0000000000000000E+00  6.661873E+09  2.615666E+08  1.151114E+26  1.740711E+18  1.651758E+08  7.723879E+08  1.964930E+01  9.869805E-01
    357  5.4295692089844061E-01  0.0000000000000000E+00  0.0000000000000000E+00  6.599158E+09  2.464871E+08  1.067998E+26  1.748797E+18  1.651639E+08  7.664476E+08  2.012205E+01  9.870090E-01
    358  5.4378952511440926E-01  0.0000000000000000E+00  0.0000000000000000E+00  6.592400E+09  2.441222E+08  1.055690E+26  1.749084E+18  1.654105E+08  7.657159E+08  2.013629E+01  9.870388E-01
    359  5.4518873030823856E-01  0.0000000000000000E+00  0.0000000000000000E+00  6.579473E+09  2.401072E+08  1.034597E+26  1.750120E+18  1.657125E+08  7.643615E+08  2.019548E+01  9.870477E-01
    360  5.4546857134700444E-01  0.0000000000000000E+00  0.0000000000000000E+00  6.575377E+09  2.392953E+08  1.030111E+26  1.750683E+18  1.656841E+08  7.639974E+08  2.022971E+01  9.870686E-01
    361  5.4581765026148987E-01  0.0000000000000000E+00  0.0000000000000000E+00  6.570005E+09  2.382812E+08  1.024467E+26  1.751479E+18  1.656274E+08  7.635233E+08  2.027862E+01  9.870812E-01
    362  5.4651580809046063E-01  0.0000000000000000E+00  0.0000000000000000E+00  6.557707E+09  2.362472E+08  1.012938E+26  1.753443E+18  1.654209E+08  7.624779E+08  2.040090E+01  9.871265E-01
    363  5.4791212374840215E-01  0.0000000000000000E+00  0.0000000000000000E+00  6.542303E+09  2.320417E+08  9.908222E+25  1.754954E+18  1.656507E+08  7.609322E+08  2.049264E+01  9.871057E-01
    364  5.5033510721318168E-01  0.0000000000000000E+00  0.0000000000000000E+00  6.507070E+09  2.244838E+08  9.503196E+25  1.759328E+18  1.656578E+08  7.576867E+08  2.076930E+01  9.871870E-01
    365  5.5238749630231743E-01  0.0000000000000000E+00  0.0000000000000000E+00  6.482657E+09  2.182137E+08  9.178339E+25  1.761702E+18  1.660212E+08  7.552783E+08  2.091988E+01  9.871761E-01
    366  5.5630310314851072E-01  0.0000000000000000E+00  0.0000000000000000E+00  6.429123E+09  2.067326E+08  8.579837E+25  1.767987E+18  1.662622E+08  7.502905E+08  2.133632E+01  9.872771E-01
    367  5.6172369922232224E-01  0.0000000000000000E+00  0.0000000000000000E+00  6.349069E+09  1.917349E+08  7.804274E+25  1.777898E+18  1.662699E+08  7.431009E+08  2.203329E+01  9.875181E-01
    368  5.6883145487847597E-01  0.0000000000000000E+00  0.0000000000000000E+00  6.245646E+09  1.732338E+08  6.875093E+25  1.789987E+18  1.665891E+08  7.338576E+08  2.294816E+01  9.879117E-01
    369  5.6978010546921809E-01  0.0000000000000000E+00  0.0000000000000000E+00  6.235568E+09  1.709518E+08  6.765921E+25  1.790950E+18  1.668158E+08  7.328656E+08  2.302449E+01  9.877383E-01
    370  5.7091772583604061E-01  0.0000000000000000E+00  0.0000000000000000E+00  6.221818E+09  1.681614E+08  6.631919E+25  1.792186E+18  1.670690E+08  7.315862E+08  2.312132E+01  9.878029E-01
    371  5.7319296656968566E-01  0.0000000000000000E+00  0.0000000000000000E+00  6.186130E+09  1.627304E+08  6.363365E+25  1.796567E+18  1.670318E+08  7.285087E+08  2.348047E+01  9.878464E-01
    372  5.7634890873798428E-01  0.0000000000000000E+00  0.0000000000000000E+00  6.139727E+09  1.555602E+08  6.014829E+25  1.802246E+18  1.670999E+08  7.244572E+08  2.396095E+01  9.881042E-01
    373  5.8076549929210308E-01  0.0000000000000000E+00  0.0000000000000000E+00  6.082426E+09  1.464909E+08  5.584924E+25  1.808494E+18  1.675685E+08  7.194357E+08  2.451056E+01  9.883343E-01
    374  5.8654596999999997E-01  0.0000000000000000E+00  0.0000000000000000E+00  6.005209E+09  1.358978E+08  5.086060E+25  1.817310E+18  1.677939E+08  7.128825E+08  2.533639E+01  9.885610E-01
