    1   1  1.3941E-02  1.9754E-02 h1   
    1   2  1.6599E-09  3.4575E-05 h2   
    2   3  8.0270E-10  2.7404E-05 he3  
    2   4  3.2726E-02  1.1891E-01 he4  
    3   6  4.4304E-13  6.8206E-04 li6  
    3   7  2.9310E-13  3.1351E-05 li7  
    4   9  2.0368E-12  1.2256E-02 be9  
    5  10  2.1631E-14  2.0266E-05 b10  
    5  11  1.5962E-12  3.3746E-04 b11  
    6  12  5.2853E-07  1.7429E-04 c12  
    6  13  4.0718E-10  1.1155E-05 c13  
    7  14  1.1500E-10  1.0408E-07 n14  
    7  15  9.1472E-10  2.0963E-04 n15  
    8  16  1.3735E-06  1.4320E-04 o16  
    8  17  2.3491E-10  6.0430E-05 o17  
    8  18  1.6475E-12  7.6015E-08 o18  
    9  19  4.3651E-12  1.0774E-05 f19  
   10  20  2.9435E-08  1.8182E-05 ne20 
   10  21  1.1344E-10  2.7486E-05 ne21 
   10  22  1.0369E-10  7.9626E-07 ne22 
   11  23  1.4590E-09  4.3690E-05 na23 
   12  24  3.5060E-06  6.8104E-03 mg24 
   12  25  2.2806E-08  3.3705E-04 mg25 
   12  26  2.6494E-08  3.4139E-04 mg26 
   13  27  4.1294E-07  7.1133E-03 al27 
   14  28  1.7774E-03  2.7218E+00 si28 
   14  29  1.7213E-05  5.0247E-01 si29 
   14  30  9.2609E-06  3.9368E-01 si30 
   15  31  2.8175E-05  3.4549E+00 p31  
   16  32  2.3582E-03  5.9578E+00 s32  
   16  33  4.7036E-05  1.4598E+01 s33  
   16  34  2.3501E-05  1.2592E+00 s34  
   16  36  4.6846E-11  4.9946E-04 s36  
   17  35  7.1254E-05  2.8141E+01 cl35 
   17  37  4.8213E-05  5.6423E+01 cl37 
   18  36  2.0594E-03  2.6607E+01 ar36 
   18  38  3.6553E-05  2.3768E+00 ar38 
   18  40  7.5545E-11  2.8717E-03 ar40 
   19  39  1.5773E-04  4.5423E+01 k39  
   19  40  5.5570E-07  1.2482E+03 k40  
   19  41  6.8489E-05  2.6000E+02 k41  
   20  40  3.5480E-03  5.9233E+01 ca40 
   20  42  1.3163E-05  3.1367E+01 ca42 
   20  43  1.9199E-05  2.1395E+01 ca43 
   20  44  3.1947E-04  2.2601E+02 ca44 
   20  46  1.9790E-13  7.0866E-05 ca46 
   20  48  1.7908E-18  1.2938E-11 ca48 
   21  45  9.0869E-05  2.3342E+03 sc45 
   22  46  2.0696E-04  9.2641E+02 ti46 
   22  47  4.8458E-04  2.3291E+03 ti47 
   22  48  3.2169E-03  1.4969E+03 ti48 
   22  49  2.7683E-03  1.6920E+04 ti49 
   22  50  3.9550E-10  2.4054E-03 ti50 
   23  50  1.8334E-06  1.9804E+03 v50  
   23  51  1.3641E-02  3.6213E+04 v51  
   24  50  8.7528E-03  1.1790E+04 cr50 
   24  52  3.7180E-02  2.5015E+03 cr52 
   24  53  3.9982E-02  2.3299E+04 cr53 
   24  54  7.7924E-09  1.7883E-02 cr54 
   25  55  1.7755E-01  1.3364E+04 mn55 
   26  54  1.6401E-01  2.3002E+03 fe54 
   26  56  2.6176E-01  2.2400E+02 fe56 
   26  57  1.1699E-01  4.0980E+03 fe57 
   26  58  5.8735E-08  1.5887E-02 fe58 
   27  59  9.9069E-03  2.9503E+03 co59 
   28  58  1.0301E-01  2.0834E+03 ni58 
   28  60  1.9536E-03  9.9784E+01 ni60 
   28  61  5.8502E-04  6.8070E+02 ni61 
   28  62  3.3017E-04  1.1894E+02 ni62 
   28  64  2.2867E-13  3.1460E-07 ni64 
   29  63  3.1879E-05  5.5415E+01 cu63 
   29  65  1.1422E-06  4.3151E+00 cu65 
   30  64  6.9034E-06  6.9565E+00 zn64 
   30  66  2.9920E-07  5.0914E-01 zn66 
   30  67  3.9505E-08  4.5087E-01 zn67 
   30  68  1.3309E-08  3.2786E-02 zn68 
   30  70  2.9447E-20  2.1321E-12 zn70 
   31  69  1.7117E-09  4.3204E-02 ga69 
   31  71  1.0693E-10  3.9430E-03 ga71 
   32  70  2.7695E-10  6.4102E-03 ge70 
   32  72  4.2892E-11  7.2244E-04 ge72 
   32  73  5.1555E-12  3.0086E-04 ge73 
   32  74  3.3675E-20  4.1452E-13 ge74 
   32  76  6.8411E-27  3.8347E-19 ge76 
   33  75  4.0760E-13  3.2752E-05 as75 
   34  74  1.0825E-12  1.0515E-03 se74 
   34  76  2.2528E-13  2.0925E-05 se76 
   34  77  3.8046E-14  4.1561E-06 se77 
   34  78  1.3602E-20  4.6900E-13 se78 
   34  80  5.5928E-26  8.9443E-19 se80 
   34  82  1.9333E-29  1.6352E-21 se82 
   35  79  3.8373E-15  3.2111E-07 br79 
   35  81  3.0225E-16  2.5175E-08 br81 
   36  78  9.6758E-15  3.2053E-05 kr78 
   36  80  1.0600E-15  5.2432E-07 kr80 
   36  82  8.3627E-17  7.8288E-09 kr82 
   36  83  2.4109E-17  2.2255E-09 kr83 
   36  84  1.9991E-25  3.6609E-18 kr84 
   36  86  1.8514E-29  1.0855E-21 kr86 
   37  85  2.0666E-18  1.8774E-10 rb85 
   37  87  1.1489E-29  2.6500E-21 rb87 
   38  84  3.8667E-18  1.3787E-08 sr84 
   38  86  8.1652E-19  1.6179E-10 sr86 
   38  87  4.3890E-19  1.2161E-10 sr87 
   38  88  1.7079E-19  3.9550E-12 sr88 
   39  89  1.0129E-19  9.6962E-12 y89  
   40  90  4.4742E-20  3.3482E-12 zr90 
   40  91  1.3409E-21  4.5510E-13 zr91 
   40  92  0.0000E+00  0.0000E+00 zr92 
   40  94  0.0000E+00  0.0000E+00 zr94 
   40  96  0.0000E+00  0.0000E+00 zr96 
   41  93  0.0000E+00  0.0000E+00 nb93 
   42  92  0.0000E+00  0.0000E+00 mo92 
   42  94  0.0000E+00  0.0000E+00 mo94 
   42  95  0.0000E+00  0.0000E+00 mo95 
   42  96  0.0000E+00  0.0000E+00 mo96 
   42  97  0.0000E+00  0.0000E+00 mo97 
   42  98  0.0000E+00  0.0000E+00 mo98 
   42 100  0.0000E+00  0.0000E+00 mo100
   44  96  0.0000E+00  0.0000E+00 ru96 
   44  98  0.0000E+00  0.0000E+00 ru98 
   44  99  0.0000E+00  0.0000E+00 ru99 
   44 100  0.0000E+00  0.0000E+00 ru100
   44 101  0.0000E+00  0.0000E+00 ru101
   44 102  0.0000E+00  0.0000E+00 ru102
   44 104  0.0000E+00  0.0000E+00 ru104
   45 103  0.0000E+00  0.0000E+00 rh103
   46 102  0.0000E+00  0.0000E+00 pd102
   46 104  0.0000E+00  0.0000E+00 pd104
   46 105  0.0000E+00  0.0000E+00 pd105
   46 106  0.0000E+00  0.0000E+00 pd106
   46 108  0.0000E+00  0.0000E+00 pd108
   46 110  0.0000E+00  0.0000E+00 pd110
   47 107  0.0000E+00  0.0000E+00 ag107
   47 109  0.0000E+00  0.0000E+00 ag109
   48 106  0.0000E+00  0.0000E+00 cd106
   48 108  0.0000E+00  0.0000E+00 cd108
   48 110  0.0000E+00  0.0000E+00 cd110
   48 111  0.0000E+00  0.0000E+00 cd111
   48 112  0.0000E+00  0.0000E+00 cd112
   48 113  0.0000E+00  0.0000E+00 cd113
   48 114  0.0000E+00  0.0000E+00 cd114
   48 116  0.0000E+00  0.0000E+00 cd116
   49 113  0.0000E+00  0.0000E+00 in113
   49 115  0.0000E+00  0.0000E+00 in115
   50 112  0.0000E+00  0.0000E+00 sn112
   50 114  0.0000E+00  0.0000E+00 sn114
   50 115  0.0000E+00  0.0000E+00 sn115
   50 116  0.0000E+00  0.0000E+00 sn116
   50 117  0.0000E+00  0.0000E+00 sn117
   50 118  0.0000E+00  0.0000E+00 sn118
   50 119  0.0000E+00  0.0000E+00 sn119
   50 120  0.0000E+00  0.0000E+00 sn120
   50 122  0.0000E+00  0.0000E+00 sn122
   50 124  0.0000E+00  0.0000E+00 sn124
   51 121  0.0000E+00  0.0000E+00 sb121
   51 123  0.0000E+00  0.0000E+00 sb123
   52 120  0.0000E+00  0.0000E+00 te120
   52 122  0.0000E+00  0.0000E+00 te122
   52 123  0.0000E+00  0.0000E+00 te123
   52 124  0.0000E+00  0.0000E+00 te124
   52 125  0.0000E+00  0.0000E+00 te125
   52 126  0.0000E+00  0.0000E+00 te126
   52 128  0.0000E+00  0.0000E+00 te128
   52 130  0.0000E+00  0.0000E+00 te130
   53 127  0.0000E+00  0.0000E+00 i127 
   54 124  0.0000E+00  0.0000E+00 xe124
   54 126  0.0000E+00  0.0000E+00 xe126
   54 128  0.0000E+00  0.0000E+00 xe128
   54 129  0.0000E+00  0.0000E+00 xe129
   54 130  0.0000E+00  0.0000E+00 xe130
   54 131  0.0000E+00  0.0000E+00 xe131
   54 132  0.0000E+00  0.0000E+00 xe132
   54 134  0.0000E+00  0.0000E+00 xe134
   54 136  0.0000E+00  0.0000E+00 xe136
   55 133  0.0000E+00  0.0000E+00 cs133
   56 130  0.0000E+00  0.0000E+00 ba130
   56 132  0.0000E+00  0.0000E+00 ba132
   56 134  0.0000E+00  0.0000E+00 ba134
   56 135  0.0000E+00  0.0000E+00 ba135
   56 136  0.0000E+00  0.0000E+00 ba136
   56 137  0.0000E+00  0.0000E+00 ba137
   56 138  0.0000E+00  0.0000E+00 ba138
   57 138  0.0000E+00  0.0000E+00 la138
   57 139  0.0000E+00  0.0000E+00 la139
   58 136  0.0000E+00  0.0000E+00 ce136
   58 138  0.0000E+00  0.0000E+00 ce138
   58 140  0.0000E+00  0.0000E+00 ce140
   58 142  0.0000E+00  0.0000E+00 ce142
   59 141  0.0000E+00  0.0000E+00 pr141
   60 142  0.0000E+00  0.0000E+00 nd142
   60 143  0.0000E+00  0.0000E+00 nd143
   60 144  0.0000E+00  0.0000E+00 nd144
   60 145  0.0000E+00  0.0000E+00 nd145
   60 146  0.0000E+00  0.0000E+00 nd146
   60 148  0.0000E+00  0.0000E+00 nd148
   60 150  0.0000E+00  0.0000E+00 nd150
   62 144  0.0000E+00  0.0000E+00 sm144
   62 147  0.0000E+00  0.0000E+00 sm147
   62 148  0.0000E+00  0.0000E+00 sm148
   62 149  0.0000E+00  0.0000E+00 sm149
   62 150  0.0000E+00  0.0000E+00 sm150
   62 152  0.0000E+00  0.0000E+00 sm152
   62 154  0.0000E+00  0.0000E+00 sm154
   63 151  0.0000E+00  0.0000E+00 eu151
   63 153  0.0000E+00  0.0000E+00 eu153
   64 152  0.0000E+00  0.0000E+00 gd152
   64 154  0.0000E+00  0.0000E+00 gd154
   64 155  0.0000E+00  0.0000E+00 gd155
   64 156  0.0000E+00  0.0000E+00 gd156
   64 157  0.0000E+00  0.0000E+00 gd157
   64 158  0.0000E+00  0.0000E+00 gd158
   64 160  0.0000E+00  0.0000E+00 gd160
   65 159  0.0000E+00  0.0000E+00 tb159
   66 156  0.0000E+00  0.0000E+00 dy156
   66 158  0.0000E+00  0.0000E+00 dy158
   66 160  0.0000E+00  0.0000E+00 dy160
   66 161  0.0000E+00  0.0000E+00 dy161
   66 162  0.0000E+00  0.0000E+00 dy162
   66 163  0.0000E+00  0.0000E+00 dy163
   66 164  0.0000E+00  0.0000E+00 dy164
   67 165  0.0000E+00  0.0000E+00 ho165
   68 162  0.0000E+00  0.0000E+00 er162
   68 164  0.0000E+00  0.0000E+00 er164
   68 166  0.0000E+00  0.0000E+00 er166
   68 167  0.0000E+00  0.0000E+00 er167
   68 168  0.0000E+00  0.0000E+00 er168
   68 170  0.0000E+00  0.0000E+00 er170
   69 169  0.0000E+00  0.0000E+00 tm169
   70 168  0.0000E+00  0.0000E+00 yb168
   70 170  0.0000E+00  0.0000E+00 yb170
   70 171  0.0000E+00  0.0000E+00 yb171
   70 172  0.0000E+00  0.0000E+00 yb172
   70 173  0.0000E+00  0.0000E+00 yb173
   70 174  0.0000E+00  0.0000E+00 yb174
   70 176  0.0000E+00  0.0000E+00 yb176
   71 175  0.0000E+00  0.0000E+00 lu175
   71 176  0.0000E+00  0.0000E+00 lu176
   72 174  0.0000E+00  0.0000E+00 hf174
   72 176  0.0000E+00  0.0000E+00 hf176
   72 177  0.0000E+00  0.0000E+00 hf177
   72 178  0.0000E+00  0.0000E+00 hf178
   72 179  0.0000E+00  0.0000E+00 hf179
   72 180  0.0000E+00  0.0000E+00 hf180
   73 180  0.0000E+00  0.0000E+00 ta180
   73 181  0.0000E+00  0.0000E+00 ta181
   74 180  0.0000E+00  0.0000E+00 w180 
   74 182  0.0000E+00  0.0000E+00 w182 
   74 183  0.0000E+00  0.0000E+00 w183 
   74 184  0.0000E+00  0.0000E+00 w184 
   74 186  0.0000E+00  0.0000E+00 w186 
   75 185  0.0000E+00  0.0000E+00 re185
   75 187  0.0000E+00  0.0000E+00 re187
   76 184  0.0000E+00  0.0000E+00 os184
   76 186  0.0000E+00  0.0000E+00 os186
   76 187  0.0000E+00  0.0000E+00 os187
   76 188  0.0000E+00  0.0000E+00 os188
   76 189  0.0000E+00  0.0000E+00 os189
   76 190  0.0000E+00  0.0000E+00 os190
   76 192  0.0000E+00  0.0000E+00 os192
   77 191  0.0000E+00  0.0000E+00 ir191
   77 193  0.0000E+00  0.0000E+00 ir193
   78 190  0.0000E+00  0.0000E+00 pt190
   78 192  0.0000E+00  0.0000E+00 pt192
   78 194  0.0000E+00  0.0000E+00 pt194
   78 195  0.0000E+00  0.0000E+00 pt195
   78 196  0.0000E+00  0.0000E+00 pt196
   78 198  0.0000E+00  0.0000E+00 pt198
   79 197  0.0000E+00  0.0000E+00 au197
   80 196  0.0000E+00  0.0000E+00 hg196
   80 198  0.0000E+00  0.0000E+00 hg198
   80 199  0.0000E+00  0.0000E+00 hg199
   80 200  0.0000E+00  0.0000E+00 hg200
   80 201  0.0000E+00  0.0000E+00 hg201
   80 202  0.0000E+00  0.0000E+00 hg202
   80 204  0.0000E+00  0.0000E+00 hg204
   81 203  0.0000E+00  0.0000E+00 tl203
   81 205  0.0000E+00  0.0000E+00 tl205
   82 204  0.0000E+00  0.0000E+00 pb204
   82 206  0.0000E+00  0.0000E+00 pb206
   82 207  0.0000E+00  0.0000E+00 pb207
   82 208  0.0000E+00  0.0000E+00 pb208
   83 209  0.0000E+00  0.0000E+00 bi209
   90 232  0.0000E+00  0.0000E+00 th232
   92 235  0.0000E+00  0.0000E+00 u235 
   92 238  0.0000E+00  0.0000E+00 u238 
