                           time                    temp                     den                    ener                    sdot                   sneut                   s-snu                      ye                   1-sum
      1  1.0175522000000001E-04  4.3036291000000000E+08  8.4957581000000000E+08  1.163760E+18  1.964723E+06  0.000000E+00  1.964723E+06  5.000000E-01  0.000000E+00 -1.568724E-05 -7.984453E-12
      2  1.0175522001017553E-04  4.3036290999999964E+08  8.4957580999999714E+08  1.163760E+18  1.964729E+06  0.000000E+00  1.964729E+06  5.000000E-01  0.000000E+00 -1.693821E-01 -8.621146E-08
      3  1.0175522003052657E-04  4.3036290999999893E+08  8.4957580999999142E+08  1.163760E+18  1.964740E+06  0.000000E+00  1.964740E+06  5.000000E-01  0.000000E+00 -5.081096E-01 -2.586141E-07
      4  1.0175522007122866E-04  4.3036290999999744E+08  8.4957580999997985E+08  1.163760E+18  1.964764E+06  0.000000E+00  1.964764E+06  5.000000E-01  0.000000E+00 -1.185543E+00 -6.034022E-07
      5  1.0175522015263284E-04  4.3036290999999452E+08  8.4957580999995697E+08  1.163760E+18  1.964811E+06  0.000000E+00  1.964811E+06  5.000000E-01  0.000000E+00 -2.540323E+00 -1.292910E-06
      6  1.0175522031544119E-04  4.3036290999998862E+08  8.4957580999991095E+08  1.163760E+18  1.964905E+06  0.000000E+00  1.964905E+06  5.000000E-01  0.000000E+00 -5.249538E+00 -2.671650E-06
      7  1.0175522064105789E-04  4.3036290999997687E+08  8.4957580999981904E+08  1.163760E+18  1.965093E+06  0.000000E+00  1.965093E+06  5.000000E-01  0.000000E+00 -1.066659E+01 -5.428031E-06
      8  1.0175522129229130E-04  4.3036290999995339E+08  8.4957580999963522E+08  1.163760E+18  1.965469E+06  0.000000E+00  1.965469E+06  5.000000E-01  0.000000E+00 -2.149516E+01 -1.093640E-05
      9  1.0175522259475811E-04  4.3036290999990642E+08  8.4957580999926770E+08  1.163760E+18  1.966221E+06  0.000000E+00  1.966221E+06  5.000000E-01  0.000000E+00 -4.313021E+01 -2.193559E-05
     10  1.0175522519969174E-04  4.3036290999981248E+08  8.4957580999853241E+08  1.163760E+18  1.967720E+06  0.000000E+00  1.967720E+06  5.000000E-01  0.000000E+00 -8.631212E+01 -4.386401E-05
     11  1.0175523040955900E-04  4.3036290999962461E+08  8.4957580999706209E+08  1.163760E+18  1.970708E+06  0.000000E+00  1.970708E+06  5.000000E-01  0.000000E+00 -1.723242E+02 -8.744282E-05
     12  1.0175524082929354E-04  4.3036290999924886E+08  8.4957580999412119E+08  1.163760E+18  1.976634E+06  0.000000E+00  1.976634E+06  5.000000E-01  0.000000E+00 -3.429506E+02 -1.735023E-04
     13  1.0175526166876259E-04  4.3036290999849737E+08  8.4957580998823953E+08  1.163760E+18  1.988294E+06  0.000000E+00  1.988294E+06  5.000000E-01  0.000000E+00 -6.786822E+02 -3.413390E-04
     14  1.0175530334770070E-04  4.3036290999699438E+08  8.4957580997647631E+08  1.163760E+18  2.010866E+06  0.000000E+00  2.010866E+06  5.000000E-01  0.000000E+00 -1.328614E+03 -6.607171E-04
     15  1.0175538670557692E-04  4.3036290999398839E+08  8.4957580995294964E+08  1.163760E+18  2.053167E+06  0.000000E+00  2.053167E+06  5.000000E-01  0.000000E+00 -2.546595E+03 -1.240325E-03
     16  1.0175555342132937E-04  4.3036290998797643E+08  8.4957580990589643E+08  1.163760E+18  2.127483E+06  0.000000E+00  2.127483E+06  5.000000E-01  0.000000E+00 -4.686385E+03 -2.202784E-03
     17  1.0175588685283427E-04  4.3036290997595245E+08  8.4957580981178999E+08  1.163760E+18  2.242401E+06  0.000000E+00  2.242401E+06  5.000000E-01  0.000000E+00 -7.995219E+03 -3.565473E-03
     18  1.0175655371584406E-04  4.3036290995190454E+08  8.4957580962357712E+08  1.163760E+18  2.380909E+06  0.000000E+00  2.380909E+06  5.000000E-01  0.000000E+00 -1.198330E+04 -5.033078E-03
     19  1.0175788744186364E-04  4.3036290990380871E+08  8.4957580924715137E+08  1.163760E+18  2.484617E+06  0.000000E+00  2.484617E+06  5.000000E-01  0.000000E+00 -1.496937E+04 -6.024821E-03
     20  1.0176055489390281E-04  4.3036290980761701E+08  8.4957580849429977E+08  1.163760E+18  2.516518E+06  0.000000E+00  2.516518E+06  5.000000E-01  0.000000E+00 -1.588789E+04 -6.313444E-03
     21  1.0176588979798114E-04  4.3036290961523366E+08  8.4957580698859668E+08  1.163760E+18  2.518152E+06  0.000000E+00  2.518152E+06  5.000000E-01  0.000000E+00 -1.593496E+04 -6.328036E-03
     22  1.0177655960613782E-04  4.3036290923046690E+08  8.4957580397719049E+08  1.163760E+18  2.518139E+06  0.000000E+00  2.518139E+06  5.000000E-01  0.000000E+00 -1.593458E+04 -6.327917E-03
     23  1.0179789922245117E-04  4.3036290846093351E+08  8.4957579795437813E+08  1.163760E+18  2.518139E+06  0.000000E+00  2.518139E+06  5.000000E-01  0.000000E+00 -1.593458E+04 -6.327917E-03
     24  1.0184057845507785E-04  4.3036290692186660E+08  8.4957578590875340E+08  1.163760E+18  2.518140E+06  0.000000E+00  2.518140E+06  5.000000E-01  0.000000E+00 -1.593458E+04 -6.327919E-03
     25  1.0192593692033123E-04  4.3036290384373289E+08  8.4957576181750381E+08  1.163760E+18  2.518141E+06  0.000000E+00  2.518141E+06  5.000000E-01  0.000000E+00 -1.593460E+04 -6.327923E-03
     26  1.0209665385083798E-04  4.3036289768746537E+08  8.4957571363500488E+08  1.163760E+18  2.518143E+06  0.000000E+00  2.518143E+06  5.000000E-01  0.000000E+00 -1.593463E+04 -6.327931E-03
     27  1.0243808771185149E-04  4.3036288537493038E+08  8.4957561727000690E+08  1.163760E+18  2.518147E+06  0.000000E+00  2.518147E+06  5.000000E-01  0.000000E+00 -1.593470E+04 -6.327946E-03
     28  1.0312095543387850E-04  4.3036286074986035E+08  8.4957542454001081E+08  1.163760E+18  2.518156E+06  0.000000E+00  2.518156E+06  5.000000E-01  0.000000E+00 -1.593483E+04 -6.327977E-03
     29  1.0448669087793252E-04  4.3036281149972039E+08  8.4957503908001876E+08  1.163760E+18  2.518174E+06  0.000000E+00  2.518174E+06  5.000000E-01  0.000000E+00 -1.593510E+04 -6.328038E-03
     30  1.0721816176604055E-04  4.3036271299944037E+08  8.4957426816003454E+08  1.163760E+18  2.518209E+06  0.000000E+00  2.518209E+06  5.000000E-01  0.000000E+00 -1.593563E+04 -6.328161E-03
     31  1.1268110354225661E-04  4.3036251599888039E+08  8.4957272632006633E+08  1.163760E+18  2.518279E+06  0.000000E+00  2.518279E+06  5.000000E-01  0.000000E+00 -1.593669E+04 -6.328406E-03
     32  1.2360698709468874E-04  4.3036212199776047E+08  8.4956964264012980E+08  1.163760E+18  2.518420E+06  0.000000E+00  2.518420E+06  5.000000E-01 -4.440892E-16 -1.593882E+04 -6.328896E-03
     33  1.4545875419955299E-04  4.3036133399552053E+08  8.4956347528025663E+08  1.163760E+18  2.518700E+06  0.000000E+00  2.518700E+06  5.000000E-01  0.000000E+00 -1.594306E+04 -6.329876E-03
     34  1.8916228840928150E-04  4.3035975799104077E+08  8.4955114056051040E+08  1.163760E+18  2.519261E+06  0.000000E+00  2.519261E+06  5.000000E-01  0.000000E+00 -1.595154E+04 -6.331833E-03
     35  2.7656935682873854E-04  4.3035748115873897E+08  8.4952704274142289E+08  1.163760E+18  2.520527E+06  0.000000E+00  2.520527E+06  5.000000E-01  0.000000E+00 -1.596943E+04 -6.335752E-03
     36  4.5138349366765263E-04  4.3035565440462619E+08  8.4948066661160994E+08  1.163760E+18  2.523509E+06  0.000000E+00  2.523509E+06  5.000000E-01 -2.220446E-16 -1.600811E+04 -6.343593E-03
     37  8.0101176734548069E-04  4.3036207202037370E+08  8.4939501344183242E+08  1.163760E+18  2.531141E+06  0.000000E+00  2.531141E+06  5.000000E-01 -4.440892E-16 -1.609624E+04 -6.359283E-03
     38  1.5002683147011370E-03  4.3041278050399339E+08  8.4925358180218899E+08  1.163760E+18  2.552785E+06  0.000000E+00  2.552785E+06  5.000000E-01 -4.440892E-16 -1.631403E+04 -6.390678E-03
     39  2.8987814094124497E-03  4.1999764526167470E+08  8.4897987451044202E+08  1.163760E+18  1.346209E+06  0.000000E+00  1.346209E+06  5.000000E-01 -6.661338E-16 -9.169559E+03 -6.811392E-03
     40  5.6958075988350742E-03  4.2031630052326220E+08  8.4990072199240601E+08  1.163760E+18  1.367290E+06  0.000000E+00  1.367290E+06  5.000000E-01 -6.661338E-16 -8.715688E+03 -6.374424E-03
     41  1.1289859977680325E-02  4.2030763159831601E+08  8.5001416261890817E+08  1.163760E+18  1.404487E+06  0.000000E+00  1.404487E+06  5.000000E-01 -8.881784E-16 -9.129358E+03 -6.500137E-03
     42  2.1289859754162907E-02  4.2031043739606053E+08  8.5007136706878245E+08  1.163760E+18  1.466984E+06  0.000000E+00  1.466984E+06  5.000000E-01 -8.881784E-16 -9.827903E+03 -6.699392E-03
     43  3.1289859530645489E-02  4.2021599110911131E+08  8.5024957182009804E+08  1.163760E+18  1.514936E+06  0.000000E+00  1.514936E+06  5.000000E-01 -8.881784E-16 -1.039919E+04 -6.864443E-03
     44  4.1289859307128071E-02  4.2002297553375560E+08  8.5061746050036311E+08  1.163760E+18  1.548393E+06  0.000000E+00  1.548393E+06  5.000000E-01 -1.110223E-15 -1.084128E+04 -7.001636E-03
     45  5.1289859083610653E-02  4.1918239682229137E+08  8.5026369144483185E+08  1.163760E+18  1.509069E+06  0.000000E+00  1.509069E+06  5.000000E-01 -8.881784E-16 -1.073768E+04 -7.115431E-03
     46  6.1289858860093235E-02  4.1796230490347159E+08  8.4931513071128678E+08  1.163760E+18  1.425690E+06  0.000000E+00  1.425690E+06  5.000000E-01 -8.881784E-16 -1.027276E+04 -7.205461E-03
     47  7.1289858636575817E-02  4.1785602162217015E+08  8.4906561712580097E+08  1.163760E+18  1.442561E+06  0.000000E+00  1.442561E+06  5.000000E-01 -1.110223E-15 -1.050294E+04 -7.280756E-03
     48  8.1289858413058400E-02  4.1748992232329232E+08  8.4853641324341130E+08  1.163760E+18  1.431749E+06  0.000000E+00  1.431749E+06  5.000000E-01 -1.110223E-15 -1.051857E+04 -7.346657E-03
     49  9.1289858189540982E-02  4.1708039418728209E+08  8.4834707935109985E+08  1.163760E+18  1.416270E+06  0.000000E+00  1.416270E+06  5.000000E-01 -1.110223E-15 -1.048423E+04 -7.402708E-03
     50  1.0128985796602356E-01  4.1658568089480352E+08  8.4806235323315346E+08  1.163760E+18  1.390461E+06  0.000000E+00  1.390461E+06  5.000000E-01 -1.110223E-15 -1.035995E+04 -7.450731E-03
     51  1.1128985774250615E-01  4.1596266027777123E+08  8.4767074398658454E+08  1.163760E+18  1.351679E+06  0.000000E+00  1.351679E+06  5.000000E-01 -1.110223E-15 -1.012678E+04 -7.492000E-03
     52  1.2128985751898873E-01  4.1513214649918199E+08  8.4682445514693844E+08  1.163760E+18  1.293098E+06  0.000000E+00  1.293098E+06  5.000000E-01 -1.110223E-15 -9.734284E+03 -7.527878E-03
     53  1.3128985729547132E-01  4.1436207652479428E+08  8.4536225538297284E+08  1.163760E+18  1.236316E+06  0.000000E+00  1.236316E+06  5.000000E-01 -1.110223E-15 -9.344555E+03 -7.558385E-03
     54  1.4128985707195391E-01  4.1436010670365191E+08  8.4803622168313253E+08  1.163760E+18  1.258612E+06  0.000000E+00  1.258612E+06  5.000000E-01 -1.110223E-15 -9.537111E+03 -7.577485E-03
     55  1.5128985684843649E-01  4.1299523795011485E+08  8.4605195518650150E+08  1.163760E+18  1.156485E+06  0.000000E+00  1.156485E+06  5.000000E-01 -1.110223E-15 -8.793289E+03 -7.603461E-03
     56  1.6128985662491907E-01  4.1206454036102480E+08  8.4549403970217276E+08  1.163760E+18  1.095744E+06  0.000000E+00  1.095744E+06  5.000000E-01 -1.110223E-15 -8.350240E+03 -7.620614E-03
     57  1.7128985640140165E-01  4.1083944035188967E+08  8.4480721255062699E+08  1.163760E+18  1.018380E+06  0.000000E+00  1.018380E+06  5.000000E-01 -1.110223E-15 -7.775697E+03 -7.635361E-03
     58  1.8128985617788423E-01  4.0937633161988407E+08  8.4340168005472422E+08  1.163760E+18  9.291618E+05  0.000000E+00  9.291618E+05  5.000000E-01 -1.110223E-15 -7.106292E+03 -7.648067E-03
     59  1.9128985595436682E-01  4.0820858797553688E+08  8.4350322403240192E+08  1.163760E+18  8.675555E+05  0.000000E+00  8.675555E+05  5.000000E-01 -8.881784E-16 -6.640832E+03 -7.654648E-03
     60  2.0128985573084940E-01  4.0624934307279611E+08  8.4244675320842648E+08  1.163760E+18  7.678002E+05  0.000000E+00  7.678002E+05  5.000000E-01 -1.110223E-15 -5.883042E+03 -7.662203E-03
     61  2.1128985550733198E-01  4.0407365906883717E+08  8.4126364387740862E+08  1.163760E+18  6.695071E+05  0.000000E+00  6.695071E+05  5.000000E-01 -1.110223E-15 -5.132620E+03 -7.666266E-03
     62  2.2128985528381456E-01  4.0166472781591183E+08  8.3997501750732851E+08  1.163760E+18  5.746876E+05  0.000000E+00  5.746876E+05  5.000000E-01 -1.110223E-15 -4.406703E+03 -7.667998E-03
     63  2.3128985506029714E-01  3.9888885102075297E+08  8.3861811519165480E+08  1.163760E+18  4.817162E+05  0.000000E+00  4.817162E+05  5.000000E-01 -4.897638E-12 -3.693258E+03 -7.666876E-03
     64  2.4128985483677973E-01  3.9581129639782399E+08  8.3703822257096958E+08  1.163760E+18  3.243379E+05  0.000000E+00  3.243379E+05  5.000000E-01 -4.897638E-12 -3.031793E+03 -9.347639E-03
     65  2.5128985461326231E-01  3.9231053437636727E+08  8.3499049694567299E+08  1.163760E+18  2.810937E+05  0.000000E+00  2.810937E+05  5.000000E-01 -4.897194E-12 -2.416379E+03 -8.596349E-03
     66  2.6128985438974489E-01  3.8847693905852026E+08  8.3279937125366879E+08  1.163760E+18  2.343181E+05  0.000000E+00  2.343181E+05  5.000000E-01 -4.897194E-12 -1.882695E+03 -8.034784E-03
     67  2.7128985416622747E-01  3.8447941863143867E+08  8.3092059994749093E+08  1.163760E+18  1.869796E+05  0.000000E+00  1.869796E+05  5.000000E-01 -4.897194E-12 -1.451189E+03 -7.761216E-03
     68  2.8128985394271006E-01  3.8760998875828493E+08  8.2725863089277196E+08  1.163760E+18  2.170126E+05  0.000000E+00  2.170126E+05  5.000000E-01 -4.897416E-12 -1.735342E+03 -7.996501E-03
     69  2.9128985371919264E-01  3.9356679281184614E+08  8.2352962499171484E+08  1.163760E+18  2.458930E+05  0.000000E+00  2.458930E+05  5.000000E-01 -4.897416E-12 -2.462757E+03 -1.001557E-02
     70  3.0128985349567522E-01  4.0052077471933806E+08  8.2261507687064886E+08  1.163760E+18  4.899425E+05  0.000000E+00  4.899425E+05  5.000000E-01 -4.897416E-12 -3.748423E+03 -7.650740E-03
     71  3.1128985327215780E-01  4.0662823966793454E+08  8.1694333279913378E+08  1.163760E+18  6.942444E+05  0.000000E+00  6.942444E+05  5.000000E-01 -4.897416E-12 -5.317998E+03 -7.660124E-03
     72  3.2128985304864038E-01  4.1377635382204801E+08  8.0993355267604625E+08  1.163760E+18  1.040445E+06  0.000000E+00  1.040445E+06  5.000000E-01 -4.897416E-12 -7.977123E+03 -7.667033E-03
     73  3.3128985282512297E-01  4.2260979632841861E+08  8.0699149958815575E+08  1.163760E+18  1.753645E+06  0.000000E+00  1.753645E+06  5.000000E-01 -4.897194E-12 -1.344970E+04 -7.669568E-03
     74  3.4128985260160555E-01  4.3089303685691297E+08  8.0179230461215949E+08  1.163760E+18  2.836356E+06  0.000000E+00  2.836356E+06  5.000000E-01 -4.897194E-12 -2.185785E+04 -7.706314E-03
     75  3.5128985237808813E-01  4.3836111355645084E+08  7.9123919532156777E+08  1.163760E+18  4.281697E+06  0.000000E+00  4.281697E+06  5.000000E-01 -4.896972E-12 -3.337865E+04 -7.795658E-03
     76  3.6128985215457071E-01  4.2437073497389585E+08  7.8412004524840510E+08  1.163760E+18  1.887589E+06  0.000000E+00  1.887589E+06  5.000000E-01 -4.896750E-12 -1.514556E+04 -8.023760E-03
     77  3.7128985193105329E-01  4.1021606406616688E+08  7.7702208435906005E+08  1.163760E+18  7.963537E+05  0.000000E+00  7.963537E+05  5.000000E-01 -4.896972E-12 -6.411392E+03 -8.050934E-03
     78  3.8128985170753588E-01  3.9584982742742443E+08  7.6615096949922955E+08  1.163760E+18  2.914002E+05  0.000000E+00  2.914002E+05  5.000000E-01 -4.896750E-12 -2.603737E+03 -8.935261E-03
     79  3.9128985148401846E-01  3.9575073518033493E+08  7.5541474373465109E+08  1.163760E+18  2.914722E+05  0.000000E+00  2.914722E+05  5.000000E-01 -4.896750E-12 -2.439088E+03 -8.368169E-03
     80  4.0128985126050104E-01  4.1041825271065634E+08  7.3837257345373666E+08  1.163760E+18  6.713148E+05  0.000000E+00  6.713148E+05  5.000000E-01 -4.896750E-12 -5.385955E+03 -8.022995E-03
     81  4.1128985103698362E-01  4.3366709128663635E+08  7.2188442625094688E+08  1.163760E+18  2.430589E+06  0.000000E+00  2.430589E+06  5.000000E-01 -4.896972E-12 -1.947574E+04 -8.012766E-03
     82  4.2128985081346620E-01  3.5526530017711711E+08  7.0857386127733445E+08  1.163760E+18  2.179295E+04  0.000000E+00  2.179295E+04  5.000000E-01 -4.897416E-12 -1.362785E+02 -6.253328E-03
     83  4.3128985058994879E-01  1.7291850337523058E+08  6.9258843896647191E+08  1.163760E+18  1.747929E+03  0.000000E+00  1.747929E+03  5.000000E-01 -4.896972E-12 -1.078931E-02 -6.172624E-06
     84  4.4128985036643137E-01  2.6426943813231148E+07  6.7096165759610355E+08  1.163760E+18  1.610879E+03  0.000000E+00  1.610879E+03  5.000000E-01 -4.896972E-12 -1.585749E-10 -9.844000E-14
     85  4.5128985014291395E-01  2.4589776938973728E+08  6.4380216722185445E+08  1.163760E+18  1.573485E+03  0.000000E+00  1.573485E+03  5.000000E-01 -4.897194E-12 -4.523610E-01 -2.874898E-04
     86  4.5128985114291392E-01  2.4589778020310262E+08  6.4380216403756177E+08  1.163760E+18  1.573474E+03  0.000000E+00  1.573474E+03  5.000000E-01 -4.897194E-12 -4.521769E-01 -2.873748E-04
     87  4.5128985314291387E-01  2.4589780182983330E+08  6.4380215766897643E+08  1.163760E+18  1.573453E+03  0.000000E+00  1.573453E+03  5.000000E-01 -4.897194E-12 -4.518164E-01 -2.871496E-04
     88  4.5128985714291375E-01  2.4589784508329466E+08  6.4380214493180561E+08  1.163760E+18  1.573411E+03  0.000000E+00  1.573411E+03  5.000000E-01 -4.897194E-12 -4.511258E-01 -2.867183E-04
     89  4.5128986514291358E-01  2.4589793159021798E+08  6.4380211945746386E+08  1.163760E+18  1.573335E+03  0.000000E+00  1.573335E+03  5.000000E-01 -4.897194E-12 -4.498583E-01 -2.859266E-04
     90  4.5128988114291324E-01  2.4589810460406464E+08  6.4380206850878024E+08  1.163760E+18  1.573206E+03  0.000000E+00  1.573206E+03  5.000000E-01 -4.897194E-12 -4.477216E-01 -2.845918E-04
     91  4.5128991314291250E-01  2.4589845063175735E+08  6.4380196661141336E+08  1.163760E+18  1.573023E+03  0.000000E+00  1.573023E+03  5.000000E-01 -4.897194E-12 -4.446748E-01 -2.826881E-04
     92  4.5128997714291108E-01  2.4589914268714339E+08  6.4380176281667936E+08  1.163760E+18  1.572833E+03  0.000000E+00  1.572833E+03  5.000000E-01 -4.897194E-12 -4.415344E-01 -2.807256E-04
     93  4.5129010514290824E-01  2.4590052679791546E+08  6.4380135522721148E+08  1.163760E+18  1.572727E+03  0.000000E+00  1.572727E+03  5.000000E-01 -4.897194E-12 -4.397872E-01 -2.796335E-04
     94  4.5129036114290250E-01  2.4590329501945898E+08  6.4380054004827571E+08  1.163760E+18  1.572712E+03  0.000000E+00  1.572712E+03  5.000000E-01 -4.897194E-12 -4.395112E-01 -2.794607E-04
     95  4.5129087314289107E-01  2.4590883146254665E+08  6.4379890969040406E+08  1.163760E+18  1.572724E+03  0.000000E+00  1.572724E+03  5.000000E-01 -4.897194E-12 -4.396081E-01 -2.795201E-04
     96  4.5129189714286816E-01  2.4591990434872136E+08  6.4379564897466087E+08  1.163760E+18  1.572753E+03  0.000000E+00  1.572753E+03  5.000000E-01 -4.897194E-12 -4.398236E-01 -2.796520E-04
     97  4.5129394514282239E-01  2.4594205012107137E+08  6.4378912754317451E+08  1.163760E+18  1.572812E+03  0.000000E+00  1.572812E+03  5.000000E-01 -4.897194E-12 -4.402573E-01 -2.799173E-04
     98  4.5129804114273087E-01  2.4598634166577139E+08  6.4377608468020153E+08  1.163760E+18  1.572930E+03  0.000000E+00  1.572930E+03  5.000000E-01 -4.897194E-12 -4.411259E-01 -2.804485E-04
     99  4.5130623314254775E-01  2.4607492475517085E+08  6.4374999895425582E+08  1.163760E+18  1.573167E+03  0.000000E+00  1.573167E+03  5.000000E-01 -4.897194E-12 -4.428680E-01 -2.815136E-04
    100  4.5132261714218153E-01  2.4625209093396977E+08  6.4369782750236452E+08  1.163760E+18  1.573645E+03  0.000000E+00  1.573645E+03  5.000000E-01 -4.897194E-12 -4.463718E-01 -2.836546E-04
    101  4.5135538514144913E-01  2.4660642329156822E+08  6.4359348459858167E+08  1.163760E+18  1.574615E+03  0.000000E+00  1.574615E+03  5.000000E-01 -4.897194E-12 -4.534567E-01 -2.879793E-04
    102  4.5142092113998428E-01  2.4731508800676450E+08  6.4338479879101622E+08  1.163760E+18  1.576612E+03  0.000000E+00  1.576612E+03  5.000000E-01 -4.897194E-12 -4.679394E-01 -2.968005E-04
    103  4.5155199313705457E-01  2.4873241743715706E+08  6.4296742717588532E+08  1.163760E+18  1.580842E+03  0.000000E+00  1.580842E+03  5.000000E-01 -4.897194E-12 -4.981973E-01 -3.151469E-04
    104  4.5181413713119523E-01  2.4406896071643716E+08  6.4213132273453152E+08  1.163760E+18  1.557260E+03  0.000000E+00  1.557260E+03  5.000000E-01 -4.897194E-12 -4.011018E-01 -2.575689E-04
    105  4.5233842511947647E-01  2.2162979444057867E+08  6.4045673344786751E+08  1.163760E+18  1.492520E+03  0.000000E+00  1.492520E+03  5.000000E-01 -4.897194E-12 -1.348038E-01 -9.031964E-05
    106  4.5338700109603897E-01  1.2361386637334727E+08  6.3757913713447702E+08  1.163760E+18  1.445365E+03  0.000000E+00  1.445365E+03  5.000000E-01 -4.897194E-12 -1.927892E-04 -1.333844E-07
    107  4.5548415304916395E-01  6.2431002830961764E+07  6.3121204695753002E+08  1.163760E+18  1.420901E+03  0.000000E+00  1.420901E+03  5.000000E-01 -4.897194E-12 -1.972930E-07 -1.388506E-10
    108  4.5548415346859433E-01  6.2431064189335786E+07  6.3121204553514802E+08  1.163760E+18  1.420901E+03  0.000000E+00  1.420901E+03  5.000000E-01 -4.897194E-12 -1.972946E-07 -1.388518E-10
    109  4.5548415430745509E-01  6.2431186906083837E+07  6.3121204269038391E+08  1.163760E+18  1.420901E+03  0.000000E+00  1.420901E+03  5.000000E-01 -4.897194E-12 -1.972980E-07 -1.388541E-10
    110  4.5548415598517666E-01  6.2431432339588046E+07  6.3121203700085557E+08  1.163760E+18  1.420901E+03  0.000000E+00  1.420901E+03  5.000000E-01 -4.897194E-12 -1.973047E-07 -1.388589E-10
    111  4.5548415934061981E-01  6.2431923206596464E+07  6.3121202562179899E+08  1.163760E+18  1.420901E+03  0.000000E+00  1.420901E+03  5.000000E-01 -4.897194E-12 -1.973181E-07 -1.388683E-10
    112  4.5548416605150605E-01  6.2432904940605186E+07  6.3121200286368597E+08  1.163760E+18  1.420901E+03  0.000000E+00  1.420901E+03  5.000000E-01 -4.897194E-12 -1.973450E-07 -1.388872E-10
    113  4.5548417947327857E-01  6.2434868408630751E+07  6.3121195734745979E+08  1.163760E+18  1.420901E+03  0.000000E+00  1.420901E+03  5.000000E-01 -4.897194E-12 -1.973987E-07 -1.389250E-10
    114  4.5548420631682357E-01  6.2438795344673760E+07  6.3121186631500745E+08  1.163760E+18  1.420900E+03  0.000000E+00  1.420900E+03  5.000000E-01 -4.897194E-12 -1.975061E-07 -1.390007E-10
    115  4.5548426000391357E-01  6.2446649216759786E+07  6.3121168425010300E+08  1.163760E+18  1.420899E+03  0.000000E+00  1.420899E+03  5.000000E-01 -4.897194E-12 -1.977212E-07 -1.391522E-10
    116  4.5548436737809356E-01  6.2462356960931823E+07  6.3121132012029386E+08  1.163760E+18  1.420898E+03  0.000000E+00  1.420898E+03  5.000000E-01 -4.897194E-12 -1.981520E-07 -1.394555E-10
    117  4.5548458212645354E-01  6.2493772449275896E+07  6.3121059186067581E+08  1.163760E+18  1.420895E+03  0.000000E+00  1.420895E+03  5.000000E-01 -4.897194E-12 -1.990163E-07 -1.400641E-10
    118  4.5548501162317356E-01  6.2556603425972171E+07  6.3120913534143925E+08  1.163760E+18  1.420889E+03  0.000000E+00  1.420889E+03  5.000000E-01 -4.897194E-12 -2.007558E-07 -1.412889E-10
    119  4.5548587061661355E-01  6.2682265379356600E+07  6.3120622230296659E+08  1.163760E+18  1.420876E+03  0.000000E+00  1.420876E+03  5.000000E-01 -4.897194E-12 -2.042781E-07 -1.437691E-10
    120  4.5548758860349353E-01  6.2933589286125459E+07  6.3120039622602105E+08  1.163760E+18  1.420851E+03  0.000000E+00  1.420851E+03  5.000000E-01 -4.897194E-12 -2.115002E-07 -1.488545E-10
    121  4.5549102457725354E-01  6.3436237099671304E+07  6.3118874407212996E+08  1.163760E+18  1.420802E+03  0.000000E+00  1.420802E+03  5.000000E-01 -4.897194E-12 -2.266796E-07 -1.595434E-10
    122  4.5549789652477357E-01  6.4441532726762980E+07  6.3116543976434779E+08  1.163760E+18  1.420703E+03  0.000000E+00  1.420703E+03  5.000000E-01 -4.897194E-12 -2.602020E-07 -1.831501E-10
    123  4.5551164041981357E-01  6.6452123980938219E+07  6.3111883114878345E+08  1.163760E+18  1.420505E+03  0.000000E+00  1.420505E+03  5.000000E-01 -4.897194E-12 -3.418806E-07 -2.406754E-10
    124  4.5553912820989356E-01  7.0473306489288688E+07  6.3102561391765499E+08  1.163760E+18  1.420110E+03  0.000000E+00  1.420110E+03  5.000000E-01 -4.897194E-12 -5.834740E-07 -4.108655E-10
    125  4.5559410379005355E-01  7.8515671505989626E+07  6.3083917945539796E+08  1.163760E+18  1.419319E+03  0.000000E+00  1.419319E+03  5.000000E-01 -4.897194E-12 -1.622874E-06 -1.143417E-09
    126  4.5570405495037353E-01  9.4600401539391518E+07  6.3046631053088379E+08  1.163760E+18  1.417743E+03  0.000000E+00  1.417743E+03  5.000000E-01 -4.897194E-12 -1.051932E-05 -7.419763E-09
    127  4.5592395727101354E-01  1.2676986160620341E+08  6.2972057268185532E+08  1.163760E+18  1.414686E+03  0.000000E+00  1.414686E+03  5.000000E-01 -4.897194E-12 -2.413628E-04 -1.706123E-07
    128  4.5596793773514155E-01  1.8800760294427910E+08  6.2962099665691006E+08  1.163760E+18  1.419989E+03  0.000000E+00  1.419989E+03  5.000000E-01 -4.897194E-12 -2.002316E-02 -1.410093E-05
    129  4.5605589866339757E-01  3.7759817695300972E+08  6.2948255199895978E+08  1.163760E+18  5.501648E+04  0.000000E+00  5.501648E+04  5.000000E-01 -4.897194E-12 -3.717232E+02 -6.756579E-03
    130  4.5623182051990957E-01  7.5677932497035134E+08  6.2920566268305922E+08  1.163760E+18  4.925853E+13  0.000000E+00  4.925853E+13  5.000000E-01 -6.004308E-12 -2.347786E+12 -4.766253E-02
    131  4.5623203623892816E-01  7.5724428473567486E+08  6.2920532315565395E+08  1.163760E+18  3.810335E+12  0.000000E+00  3.810335E+12  5.000000E-01 -6.011636E-12 -5.212084E+10 -1.367881E-02
    132  4.5623246767696540E-01  7.5817420426644146E+08  6.2920464410084319E+08  1.163760E+18  3.851413E+12  0.000000E+00  3.851413E+12  5.000000E-01 -6.011192E-12 -5.019091E+10 -1.303182E-02
    133  4.5623333055303988E-01  7.6003404332797456E+08  6.2920328599122155E+08  1.163760E+18  4.080562E+12  0.000000E+00  4.080562E+12  5.000000E-01 -6.011414E-12 -5.334206E+10 -1.307223E-02
    134  4.5623505630518885E-01  7.6375372145104086E+08  6.2920056977197850E+08  1.163760E+18  4.586658E+12  0.000000E+00  4.586658E+12  5.000000E-01 -6.011414E-12 -6.033967E+10 -1.315548E-02
    135  4.5623850780948672E-01  7.7119307769705391E+08  6.2919513733349240E+08  1.163760E+18  5.811735E+12  0.000000E+00  5.811735E+12  5.000000E-01 -6.011414E-12 -7.736710E+10 -1.331222E-02
    136  4.5624541081808251E-01  7.8607179018919945E+08  6.2918427245652008E+08  1.163760E+18  9.369923E+12  0.000000E+00  9.369923E+12  5.000000E-01 -6.011414E-12 -1.276177E+11 -1.361993E-02
    137  4.5625921683527404E-01  8.1582921517337108E+08  6.2916254270257556E+08  1.163760E+18  2.412607E+13  0.000000E+00  2.412607E+13  5.000000E-01 -6.011414E-12 -3.459864E+11 -1.434077E-02
    138  4.5628682886965710E-01  8.7534406514171410E+08  6.2911908319468641E+08  1.163760E+18  1.432528E+14  0.000000E+00  1.432528E+14  5.000000E-01 -6.013856E-12 -2.269974E+12 -1.584593E-02
    139  4.5634205293842323E-01  9.9437376507840037E+08  6.2903216417890823E+08  1.163760E+18  3.134607E+15  0.000000E+00  3.134607E+15  5.000000E-01 -1.040767E-11 -5.814500E+13 -1.854937E-02
    140  4.5635309775217647E-01  1.0181797050657855E+09  6.2901478037575257E+08  1.163760E+18  5.435707E+15  0.000000E+00  5.435707E+15  5.000000E-01 -1.852785E-11 -1.047276E+14 -1.926660E-02
    141  4.5637518737968291E-01  1.0657915850404361E+09  6.2898001276944137E+08  1.163760E+18  1.564415E+16  0.000000E+00  1.564415E+16  5.000000E-01 -1.852829E-11 -3.158099E+14 -2.018709E-02
    142  4.5641936663469584E-01  1.1610153449898570E+09  6.2891047755681872E+08  1.163762E+18  1.104641E+17  0.000000E+00  1.104641E+17  5.000000E-01 -1.867329E-11 -2.400676E+15 -2.173263E-02
    143  4.5642820248569843E-01  1.1800600969797411E+09  6.2889657051429415E+08  1.163763E+18  1.562149E+17  0.000000E+00  1.562149E+17  5.000000E-01 -1.874456E-11 -3.493236E+15 -2.236174E-02
    144  4.5644587418770360E-01  1.2181496009595094E+09  6.2886875642924511E+08  1.163767E+18  3.179253E+17  0.000000E+00  3.179253E+17  5.000000E-01 -1.874434E-11 -7.278442E+15 -2.289356E-02
    145  4.5648121759171395E-01  1.2943286089190459E+09  6.2881312825914705E+08  1.163791E+18  1.325759E+18  0.000000E+00  1.325759E+18  5.000000E-01 -1.960654E-11 -2.909287E+16 -2.194430E-02
    146  4.5648828627251603E-01  1.3095644105109773E+09  6.2880200262512743E+08  1.163802E+18  1.638957E+18  0.000000E+00  1.638957E+18  5.000000E-01 -1.978950E-11 -3.771189E+16 -2.300969E-02
    147  4.5650242363412014E-01  1.3400360136947203E+09  6.2877975135708833E+08  1.163832E+18  2.854452E+18  0.000000E+00  2.854452E+18  5.000000E-01 -1.978928E-11 -6.304503E+16 -2.208656E-02
    148  4.5653069835732840E-01  1.4009792200623255E+09  6.2873524882100987E+08  1.163985E+18  8.678507E+18  0.000000E+00  8.678507E+18  5.000000E-01 -3.362910E-11 -1.612484E+17 -1.858020E-02
    149  4.5653554972976962E-01  1.4114358455674963E+09  6.2872761308305740E+08  1.164034E+18  1.115230E+19  0.000000E+00  1.115230E+19  5.000000E-01 -3.365463E-11 -1.985770E+17 -1.780593E-02
    150  4.5654525247465205E-01  1.4323490965778377E+09  6.2871234160715258E+08  1.164165E+18  1.603233E+19  0.000000E+00  1.603233E+19  5.000000E-01 -3.365463E-11 -2.733436E+17 -1.704952E-02
    151  4.5656465796441692E-01  1.4741755985985208E+09  6.2868179865534294E+08  1.164601E+18  2.988579E+19  0.000000E+00  2.988579E+19  5.000000E-01 -3.365441E-11 -5.071567E+17 -1.696983E-02
    152  4.5656853906236988E-01  1.4825408990026333E+09  6.2867569006498110E+08  1.164724E+18  3.359517E+19  0.000000E+00  3.359517E+19  5.000000E-01 -3.365441E-11 -5.751245E+17 -1.711926E-02
    153  4.5657630125827581E-01  1.4992714998108587E+09  6.2866347288425720E+08  1.165017E+18  4.214783E+19  0.000000E+00  4.214783E+19  5.000000E-01 -3.365441E-11 -7.300991E+17 -1.732234E-02
    154  4.5659182565008771E-01  1.5327327014274292E+09  6.2863903852280951E+08  1.165841E+18  6.550061E+19  0.000000E+00  6.550061E+19  5.000000E-01 -3.365463E-11 -1.160480E+18 -1.771708E-02
    155  4.5659493052845007E-01  1.5394249417506952E+09  6.2863415165051997E+08  1.166053E+18  7.143522E+19  0.000000E+00  7.143522E+19  5.000000E-01 -3.365530E-11 -1.272702E+18 -1.781618E-02
    156  4.5660114028517484E-01  1.5528094223973475E+09  6.2862437790594089E+08  1.166537E+18  8.469619E+19  0.000000E+00  8.469619E+19  5.000000E-01 -3.365574E-11 -1.522026E+18 -1.797042E-02
    157  4.5661355979862434E-01  1.5795783836905317E+09  6.2860483041678274E+08  1.167786E+18  1.180332E+20  0.000000E+00  1.180332E+20  5.000000E-01 -3.365486E-11 -2.159129E+18 -1.829256E-02
    158  4.5663839882552337E-01  1.6331163062770205E+09  6.2856573543846643E+08  1.171872E+18  2.200379E+20  0.000000E+00  2.200379E+20  5.000000E-01 -1.808096E-07 -4.149011E+18 -1.885589E-02
    159  4.5664241218162882E-01  1.6417666752853894E+09  6.2855941868255818E+08  1.172798E+18  2.417629E+20  0.000000E+00  2.417629E+20  5.000000E-01 -1.808096E-07 -4.577729E+18 -1.893479E-02
    160  4.5665007319624573E-01  1.6582791904157641E+09  6.2854736075446200E+08  1.174824E+18  2.881710E+20  0.000000E+00  2.881710E+20  5.000000E-01 -1.808096E-07 -5.508656E+18 -1.911593E-02
    161  4.5666539522547955E-01  1.6913042206765132E+09  6.2852324489826953E+08  1.180067E+18  4.014065E+20  0.000000E+00  4.014065E+20  5.000000E-01 -1.808096E-07 -7.822041E+18 -1.948658E-02
    162  4.5669603928394720E-01  1.7573542811980119E+09  6.2847501318588448E+08  1.196658E+18  6.450956E+20  0.000000E+00  6.450956E+20  5.000000E-01 -1.721244E-07 -8.277598E+18 -1.283158E-02
    163  4.5670036921708340E-01  1.7666869988601427E+09  6.2846819815875971E+08  1.199767E+18  7.417830E+20  0.000000E+00  7.417830E+20  5.000000E-01 -1.721244E-07 -1.479195E+19 -1.994107E-02
    164  4.5670735572437571E-01  1.7817456840528347E+09  6.2845720186038578E+08  1.205206E+18  8.160718E+20  0.000000E+00  8.160718E+20  5.000000E-01 -1.721244E-07 -1.626390E+19 -1.992949E-02
    165  4.5672132873896032E-01  1.8118630544382186E+09  6.2843520926363790E+08  1.217625E+18  9.596036E+20  0.000000E+00  9.596036E+20  5.000000E-01 -1.721244E-07 -1.913971E+19 -1.994543E-02
    166  4.5674807362138731E-01  1.8695088491298099E+09  6.2839311459532392E+08  1.246232E+18  1.112506E+21  0.000000E+00  1.112506E+21  5.000000E-01 -1.720935E-07 -1.755595E+19 -1.578054E-02
    167  4.5675159642411800E-01  1.8771018816849875E+09  6.2838756993784082E+08  1.250330E+18  1.171648E+21  0.000000E+00  1.171648E+21  5.000000E-01 -1.720935E-07 -2.356679E+19 -2.011423E-02
    168  4.5675658469095720E-01  1.8878535687363124E+09  6.2837971873719966E+08  1.256209E+18  1.185831E+21  0.000000E+00  1.185831E+21  5.000000E-01 -1.720935E-07 -2.381381E+19 -2.008195E-02
    169  4.5676656122463560E-01  1.9093569428389621E+09  6.2836401633591747E+08  1.268106E+18  1.199391E+21  0.000000E+00  1.199391E+21  5.000000E-01 -1.720935E-07 -2.455491E+19 -2.047282E-02
    170  4.5678651429199235E-01  1.9523636910441418E+09  6.2833261153335297E+08  1.291535E+18  1.118525E+21  0.000000E+00  1.118525E+21  5.000000E-01 -1.720935E-07 -2.092649E+19 -1.870901E-02
    171  4.5678947352403376E-01  1.9587420059673662E+09  6.2832795389869761E+08  1.294875E+18  1.120897E+21  0.000000E+00  1.120897E+21  5.000000E-01 -1.720935E-07 -2.259071E+19 -2.015414E-02
    172  4.5679486802592301E-01  1.9757579938755059E+09  6.2826023964083135E+08  1.300907E+18  1.143443E+21  0.000000E+00  1.143443E+21  5.000000E-01 -1.720935E-07 -2.344339E+19 -2.050245E-02
    173  4.5680521167856675E-01  2.0181893443472154E+09  6.2802265040991628E+08  1.313220E+18  1.247993E+21  0.000000E+00  1.247993E+21  5.000000E-01 -1.720935E-07 -2.806861E+19 -2.249100E-02
    174  4.5681925697829823E-01  2.0758054550107222E+09  6.2770003594517076E+08  1.330316E+18  1.178011E+21  0.000000E+00  1.178011E+21  5.000000E-01 -1.720935E-07 -2.403781E+19 -2.040542E-02
    175  4.5683177844766809E-01  2.1271705649532900E+09  6.2741242320526373E+08  1.344169E+18  1.007896E+21  0.000000E+00  1.007896E+21  4.999999E-01 -1.720935E-07 -2.020819E+19 -2.004987E-02
    176  4.5683385087051037E-01  2.1356719815200582E+09  6.2736482054823458E+08  1.346243E+18  9.840438E+20  0.000000E+00  9.840438E+20  4.999999E-01 -1.720935E-07 -2.070074E+19 -2.103640E-02
    177  4.5683767514623674E-01  2.1513597843915448E+09  6.2727697858757234E+08  1.349887E+18  9.208781E+20  0.000000E+00  9.208781E+20  4.999999E-01 -1.720935E-07 -1.956656E+19 -2.124772E-02
    178  4.5684532369768954E-01  2.1827353901347456E+09  6.2710129466624641E+08  1.356424E+18  7.921930E+20  0.000000E+00  7.921930E+20  4.999999E-01 -1.720935E-07 -1.733799E+19 -2.188607E-02
    179  4.5686062080059514E-01  2.2454866016211467E+09  6.2674992682359469E+08  1.366557E+18  5.351986E+20  0.000000E+00  5.351986E+20  4.999999E-01 -1.720935E-07 -1.090992E+19 -2.038480E-02
    180  4.5688574290653339E-01  2.3485415782688999E+09  6.2617288290744507E+08  1.376404E+18  3.287272E+20  0.000000E+00  3.287272E+20  4.999999E-01 -1.663335E-07 -1.267415E+19 -3.855523E-02
    181  4.5688890980139713E-01  2.3615326976054163E+09  6.2610014070109117E+08  1.377217E+18  2.459857E+20  0.000000E+00  2.459857E+20  4.999999E-01 -1.663335E-07 -5.533526E+18 -2.249531E-02
    182  4.5689385300486673E-01  2.3818105246067801E+09  6.2598659745374405E+08  1.378348E+18  2.131168E+20  0.000000E+00  2.131168E+20  4.999999E-01 -1.663335E-07 -4.788253E+18 -2.246774E-02
    183  4.5690373941180590E-01  2.4223661786092801E+09  6.2575951095905101E+08  1.380187E+18  1.623683E+20  0.000000E+00  1.623683E+20  4.999999E-01 -1.663335E-07 -3.692788E+18 -2.274328E-02
    184  4.5692351222568423E-01  2.5034774866142797E+09  6.2530533796966493E+08  1.382695E+18  9.836797E+19  0.000000E+00  9.836797E+19  4.999999E-01 -1.662970E-07 -2.234269E+18 -2.271338E-02
    185  4.5692677241363044E-01  2.5168513093937387E+09  6.2523045286152577E+08  1.383008E+18  9.263248E+19  0.000000E+00  9.263248E+19  4.999999E-01 -1.662970E-07 -1.995178E+18 -2.153865E-02
    186  4.5693329278952283E-01  2.5435989549524279E+09  6.2508068264524865E+08  1.383576E+18  8.226054E+19  0.000000E+00  8.226054E+19  4.999999E-01 -1.662970E-07 -1.715582E+18 -2.085547E-02
    187  4.5694633354130759E-01  2.5970942460698061E+09  6.2478114221269441E+08  1.384555E+18  7.070958E+19  0.000000E+00  7.070958E+19  4.999999E-01 -1.663386E-07 -1.351621E+18 -1.911510E-02
    188  4.5697241504487718E-01  2.7040848283047910E+09  6.2418206134758461E+08  1.386349E+18  7.001151E+19  0.000000E+00  7.001151E+19  4.999999E-01 -1.663392E-07 -7.982917E+17 -1.140229E-02
    189  4.5697687399404968E-01  2.7223761651845655E+09  6.2407964121215737E+08  1.386690E+18  7.861295E+19  0.000000E+00  7.861295E+19  4.999999E-01 -1.663392E-07 -7.484239E+17 -9.520364E-03
    190  4.5698579189239469E-01  2.7589588389441142E+09  6.2387480094130290E+08  1.387448E+18  9.285804E+19  0.000000E+00  9.285804E+19  4.999999E-01 -1.663392E-07 -6.983461E+17 -7.520578E-03
    191  4.5700362768908470E-01  2.8321241864632115E+09  6.2346512039959383E+08  1.389460E+18  1.430339E+20  0.000000E+00  1.430339E+20  4.999999E-01 -1.663392E-07 -8.329718E+17 -5.823597E-03
    192  4.5700659138650357E-01  2.8442817567339187E+09  6.2339704555073082E+08  1.389885E+18  1.492441E+20  0.000000E+00  1.492441E+20  4.999999E-01 -1.663392E-07 -5.415098E+17 -3.628349E-03
    193  4.5701161252033407E-01  2.8648792667881708E+09  6.2328171227667403E+08  1.390684E+18  1.700877E+20  0.000000E+00  1.700877E+20  4.999999E-01 -1.663392E-07 -5.576632E+17 -3.278681E-03
    194  4.5702165478799506E-01  2.9060742868966756E+09  6.2305104572856033E+08  1.392636E+18  2.249517E+20  0.000000E+00  2.249517E+20  4.999999E-01 -1.663392E-07 -8.818877E+17 -3.920342E-03
    195  4.5704173932331699E-01  2.9884643271134572E+09  6.2258971263233423E+08  1.398466E+18  3.533163E+20  0.000000E+00  3.533163E+20  4.999998E-01 -1.663705E-07 -1.159483E+17 -3.281713E-04
    196  4.5704519631381679E-01  3.0026454660715027E+09  6.2251030705459309E+08  1.399794E+18  4.000029E+20  0.000000E+00  4.000029E+20  4.999998E-01 -1.663713E-07 -1.278092E+18 -3.195207E-03
    197  4.5705211029481635E-01  3.0310077439873662E+09  6.2235149589911222E+08  1.402781E+18  4.666688E+20  0.000000E+00  4.666688E+20  4.999998E-01 -1.663713E-07 -1.802750E+18 -3.863018E-03
    198  4.5706593825681546E-01  3.0877322998190937E+09  6.2203387358815026E+08  1.410133E+18  5.995655E+20  0.000000E+00  5.995655E+20  4.999998E-01 -1.662615E-07 -2.795524E+18 -4.662584E-03
    199  4.5706865189496909E-01  3.0988640861924200E+09  6.2197154249253941E+08  1.411792E+18  6.239747E+20  0.000000E+00  6.239747E+20  4.999998E-01 -1.662615E-07 -3.203029E+18 -5.133268E-03
    200  4.5707318264724772E-01  3.1174499711265416E+09  6.2186747307079625E+08  1.414714E+18  6.643285E+20  0.000000E+00  6.643285E+20  4.999998E-01 -1.662615E-07 -3.769297E+18 -5.673846E-03
    201  4.5708224415180493E-01  3.1546217409945564E+09  6.2165933422731113E+08  1.421104E+18  7.259724E+20  0.000000E+00  7.259724E+20  4.999998E-01 -1.662615E-07 -4.616092E+18 -6.358495E-03
    202  4.5710036716091934E-01  3.2289652807305861E+09  6.2124305654034078E+08  1.435867E+18  7.316122E+20  0.000000E+00  7.316122E+20  4.999998E-01 -1.662615E-07 -3.738662E+18 -5.110170E-03
    203  4.5710320471156030E-01  3.2406053763403749E+09  6.2117787922844851E+08  1.438413E+18  9.094142E+20  0.000000E+00  9.094142E+20  4.999998E-01 -1.662615E-07 -1.151800E+19 -1.266530E-02
    204  4.5710813904399122E-01  3.2608468128939638E+09  6.2106453974502599E+08  1.443008E+18  9.478497E+20  0.000000E+00  9.478497E+20  4.999998E-01 -1.662615E-07 -1.331603E+19 -1.404868E-02
    205  4.5711800770885314E-01  3.3013296860013685E+09  6.2083786077817965E+08  1.452950E+18  1.028454E+21  0.000000E+00  1.028454E+21  4.999998E-01 -1.662615E-07 -1.668292E+19 -1.622135E-02
    206  4.5713774503857696E-01  3.3822954322161775E+09  6.2038450284448707E+08  1.477236E+18  1.391472E+21  0.000000E+00  1.391472E+21  4.999998E-01 -1.662533E-07 -3.663760E+19 -2.633010E-02
    207  4.5714099254602081E-01  3.3956172375063829E+09  6.2030990900200701E+08  1.481998E+18  1.504706E+21  0.000000E+00  1.504706E+21  4.999998E-01 -1.662533E-07 -3.331759E+19 -2.214225E-02
    208  4.5714615040608386E-01  3.4167756208703027E+09  6.2019143518547857E+08  1.490102E+18  1.640100E+21  0.000000E+00  1.640100E+21  4.999998E-01 -1.662533E-07 -3.748168E+19 -2.285329E-02
    209  4.5715646612620991E-01  3.4590923875979147E+09  6.1995448755242288E+08  1.508431E+18  1.945328E+21  0.000000E+00  1.945328E+21  4.999998E-01 -1.662533E-07 -4.787593E+19 -2.461073E-02
    210  4.5717709756646202E-01  3.5437259210531378E+09  6.1948059228631163E+08  1.553175E+18  2.524236E+21  0.000000E+00  2.524236E+21  4.999998E-01 -1.662533E-07 -5.721162E+19 -2.266492E-02
    211  4.5718027681641371E-01  3.5567677229758825E+09  6.1940756628892708E+08  1.560811E+18  2.415203E+21  0.000000E+00  2.415203E+21  4.999998E-01 -1.662533E-07 -5.927861E+19 -2.454395E-02
    212  4.5718527043587542E-01  3.5772523646010542E+09  6.1929286500803006E+08  1.573036E+18  2.473837E+21  0.000000E+00  2.473837E+21  4.999998E-01 -1.662533E-07 -6.223648E+19 -2.515788E-02
    213  4.5719525767479885E-01  3.6182216478513975E+09  6.1906346244623601E+08  1.597845E+18  2.522401E+21  0.000000E+00  2.522401E+21  4.999998E-01 -1.662533E-07 -6.274775E+19 -2.487620E-02
    214  4.5721523215264570E-01  3.7001602143520842E+09  6.1860465732264793E+08  1.645404E+18  1.958605E+21  0.000000E+00  1.958605E+21  4.999998E-01 -1.662511E-07 -1.112976E+20 -5.682495E-02
    215  4.5721855402977490E-01  3.7137870962233038E+09  6.1852835524063635E+08  1.652719E+18  2.160139E+21  0.000000E+00  2.160139E+21  4.999998E-01 -1.662511E-07 -6.211213E+19 -2.875376E-02
    216  4.5722316313504707E-01  3.7326943979183908E+09  6.1842248608449411E+08  1.662503E+18  2.075166E+21  0.000000E+00  2.075166E+21  4.999998E-01 -1.662511E-07 -5.929219E+19 -2.857226E-02
    217  4.5723238134559135E-01  3.7705090013083377E+09  6.1821074777221096E+08  1.680689E+18  1.874717E+21  0.000000E+00  1.874717E+21  4.999998E-01 -1.662511E-07 -5.289570E+19 -2.821530E-02
    218  4.5725081776667997E-01  3.8461382080884590E+09  6.1778727114764333E+08  1.711105E+18  1.415033E+21  0.000000E+00  1.415033E+21  4.999998E-01 -1.662511E-07 -9.454950E+19 -6.681789E-02
    219  4.5727999240893924E-01  3.9658173498023682E+09  6.1711714222362185E+08  1.743827E+18  1.886451E+21  0.000000E+00  1.886451E+21  4.999997E-01 -1.674411E-07 -1.635309E+20 -8.668704E-02
    220  4.5730792592888819E-01  4.0804052053390436E+09  6.1647552134268093E+08  1.761865E+18  3.959611E+21  0.000000E+00  3.959611E+21  4.999997E-01 -1.686649E-07 -6.219325E+20 -1.570691E-01
    221  4.5731052631406716E-01  4.0910724095356979E+09  6.1641579161895263E+08  1.763068E+18  4.797687E+20  0.000000E+00  4.797687E+20  4.999997E-01 -1.686727E-07 -1.635349E+19 -3.408619E-02
    222  4.5731450851230487E-01  4.1074080363101206E+09  6.1632432224645555E+08  1.764783E+18  4.054927E+20  0.000000E+00  4.054927E+20  4.999997E-01 -1.686727E-07 -1.193028E+19 -2.942169E-02
    223  4.5732247290878031E-01  4.1400792898589649E+09  6.1614138350146139E+08  1.767786E+18  3.280298E+20  0.000000E+00  3.280298E+20  4.999997E-01 -1.686727E-07 -1.123290E+19 -3.424352E-02
    224  4.5733840170173118E-01  4.2054217969566555E+09  6.1577550601147306E+08  1.772325E+18 -5.788953E+20  0.000000E+00 -5.788953E+20  4.999997E-01 -1.686727E-07  2.629686E+20 -4.542593E-01
    225  4.5736500162691496E-01  4.3145390292215252E+09  6.1516451722593641E+08  1.776573E+18 -7.851589E+21  0.000000E+00 -7.851589E+21  4.999997E-01 -1.686727E-07  1.425970E+21 -1.816155E-01
    226  4.5739042065930630E-01  4.4188120466165257E+09  6.1458065303748477E+08  1.778079E+18 -1.824665E+22  0.000000E+00 -1.824665E+22  4.999997E-01 -1.686834E-07  2.965491E+21 -1.625225E-01
    227  4.5741377892484741E-01  4.5146314622255955E+09  6.1404412377296197E+08  1.778394E+18 -5.218116E+21  0.000000E+00 -5.218116E+21  4.999997E-01 -1.699653E-07 -4.912381E+21  9.414089E-01
    228  4.5741597938901607E-01  4.5236581252001266E+09  6.1399358006200290E+08  1.778399E+18 -9.953670E+19  0.000000E+00 -9.953670E+19  4.999997E-01 -1.699649E-07 -6.527148E+19  6.557529E-01
    229  4.5741907547545463E-01  4.5363587768258066E+09  6.1392246429457331E+08  1.778403E+18 -1.043472E+19  0.000000E+00 -1.043472E+19  4.999997E-01 -1.699649E-07 -5.324564E+18  5.102738E-01
    230  4.5742385616909287E-01  4.5559699619891825E+09  6.1381265382781935E+08  1.778404E+18 -3.504798E+19  0.000000E+00 -3.504798E+19  4.999997E-01 -1.699649E-07 -4.580502E+19  1.306923E+00
    231  4.5743341755636929E-01  4.5951923323157043E+09  6.1359303289431274E+08  1.778396E+18 -2.843350E+20  0.000000E+00 -2.843350E+20  4.999997E-01 -1.699649E-07 -4.499960E+20  1.582626E+00
    232  4.5743532983382457E-01  4.6030368063809633E+09  6.1354910870761168E+08  1.778395E+18 -1.672502E+19  0.000000E+00 -1.672502E+19  4.999997E-01 -1.699649E-07 -1.867095E+19  1.116349E+00
    233  4.5743782003843431E-01  4.6132520319092560E+09  6.1349190978394055E+08  1.778393E+18 -2.372245E+19  0.000000E+00 -2.372245E+19  4.999997E-01 -1.699649E-07 -7.107758E+18  2.996215E-01
    234  4.5744280044765379E-01  4.6336824829658422E+09  6.1337751193659854E+08  1.778393E+18 -1.216133E+20  0.000000E+00 -1.216133E+20  4.999997E-01 -1.699649E-07 -7.052855E+19  5.799412E-01
    235  4.5745276126609274E-01  4.6745433850790129E+09  6.1314871624191427E+08  1.778411E+18 -2.497583E+21  0.000000E+00 -2.497583E+21  4.999997E-01 -1.699649E-07 -2.034474E+20  8.145768E-02
    236  4.5746911100942572E-01  4.7416126993124008E+09  6.1277316970357502E+08  1.778521E+18  8.411548E+21  0.000000E+00  8.411548E+21  4.999997E-01 -1.699649E-07  1.773381E+20  2.108269E-02
    237  4.5747127095907963E-01  4.7504731651384525E+09  6.1272355659350991E+08  1.778548E+18  1.847449E+20  0.000000E+00  1.847449E+20  4.999997E-01 -1.699649E-07  6.551779E+17  3.546393E-03
    238  4.5747442894147039E-01  4.7634277240569344E+09  6.1265101910280859E+08  1.778593E+18 -9.823126E+19  0.000000E+00 -9.823126E+19  4.999997E-01 -1.699649E-07 -2.584951E+19  2.631495E-01
    239  4.5748074490625185E-01  4.7893368418936691E+09  6.1250594412140727E+08  1.778709E+18 -8.266890E+20  0.000000E+00 -8.266890E+20  4.999997E-01 -1.699649E-07 -2.679943E+20  3.241779E-01
    240  4.5749337683581481E-01  4.8411550775673666E+09  6.1221579415860331E+08  1.779075E+18 -2.929232E+21  0.000000E+00 -2.929232E+21  4.999996E-01 -1.699649E-07  2.033719E+21 -6.942838E-01
    241  4.5751221169226608E-01  4.9184187312005587E+09  6.1178316564595103E+08  1.780134E+18 -3.537707E+22  0.000000E+00 -3.537707E+22  4.999996E-01 -1.699649E-07 -4.468998E+21  1.263247E-01
    242  4.5753057106212519E-01  4.9937318612681170E+09  6.1136145885482526E+08  1.782086E+18  7.719292E+22  0.000000E+00  7.719292E+22  4.999996E-01 -1.699649E-07  5.735893E+21  7.430595E-02
    243  4.5754563865522208E-01  5.0555415860799723E+09  6.1101536275329030E+08  1.784755E+18  4.075917E+23  0.000000E+00  4.075917E+23  4.999996E-01 -1.699649E-07 -6.107545E+22 -1.498447E-01
    244  4.5754754965317906E-01  5.0633808114345446E+09  6.1097146795611191E+08  1.785187E+18  7.264457E+21  0.000000E+00  7.264457E+21  4.999996E-01 -1.699649E-07 -7.704065E+20 -1.060515E-01
    245  4.5755039349753318E-01  5.0750467248823967E+09  6.1090614608034825E+08  1.785870E+18 -5.568888E+20  0.000000E+00 -5.568888E+20  4.999996E-01 -1.699649E-07 -1.318296E+20  2.367252E-01
    246  4.5755608118624141E-01  5.0983785517781000E+09  6.1077550232882094E+08  1.787409E+18 -8.534446E+21  0.000000E+00 -8.534446E+21  4.999995E-01 -1.699649E-07 -9.615896E+20  1.126716E-01
    247  4.5756745656365783E-01  5.1450422055692797E+09  6.1051421482576764E+08  1.791280E+18  9.089862E+22  0.000000E+00  9.089862E+22  4.999995E-01 -1.699649E-07  9.103708E+20  1.001523E-02
    248  4.5756905392229708E-01  5.1515948312795038E+09  6.1047752418816924E+08  1.791922E+18  2.436512E+21  0.000000E+00  2.436512E+21  4.999995E-01 -1.699649E-07  9.193788E+19  3.773340E-02
    249  4.5757111622405822E-01  5.1600547295204163E+09  6.1043015400799978E+08  1.792788E+18 -2.050788E+20  0.000000E+00 -2.050788E+20  4.999995E-01 -1.699649E-07 -8.957647E+19  4.367906E-01
    250  4.5757524082758055E-01  5.1769745260024700E+09  6.1033541364765966E+08  1.794657E+18 -7.003271E+21  0.000000E+00 -7.003271E+21  4.999995E-01 -1.699649E-07 -5.677333E+20  8.106688E-02
    251  4.5758349003462517E-01  5.2108141189663496E+09  6.1014593292698050E+08  1.798995E+18 -1.650256E+22  0.000000E+00 -1.650256E+22  4.999995E-01 -1.699649E-07 -5.228718E+21  3.168428E-01
    252  4.5758477191847524E-01  5.2160726156289568E+09  6.1011648860894799E+08  1.799743E+18 -4.600193E+20  0.000000E+00 -4.600193E+20  4.999994E-01 -1.699649E-07 -1.556139E+20  3.382769E-01
    253  4.5758684087058787E-01  5.2245597946965389E+09  6.1006896567307889E+08  1.801000E+18 -4.778656E+20  0.000000E+00 -4.778656E+20  4.999994E-01 -1.699649E-07 -1.363979E+20  2.854315E-01
    254  4.5759097877481308E-01  5.2415341528314772E+09  6.0997391980134201E+08  1.803688E+18 -8.085363E+21  0.000000E+00 -8.085363E+21  4.999994E-01 -1.699649E-07 -8.689868E+20  1.074765E-01
    255  4.5759925458326356E-01  5.2754828691015797E+09  6.0978382805786693E+08  1.809795E+18 -1.718583E+22  0.000000E+00 -1.718583E+22  4.999994E-01 -1.699649E-07 -8.067786E+21  4.694440E-01
    256  4.5760053912400078E-01  5.2807522647487049E+09  6.0975432271228480E+08  1.810828E+18 -2.868058E+20  0.000000E+00 -2.868058E+20  4.999994E-01 -1.699649E-07 -2.423022E+20  8.448302E-01
    257  4.5760251576177713E-01  5.2888607553498974E+09  6.0970892019682384E+08  1.812471E+18 -4.023119E+20  0.000000E+00 -4.023119E+20  4.999993E-01 -1.699649E-07 -2.006995E+20  4.988655E-01
    258  4.5760646903732982E-01  5.3050777365522833E+09  6.0961811516590202E+08  1.815927E+18 -8.287216E+21  0.000000E+00 -8.287216E+21  4.999993E-01 -1.699649E-07 -1.099727E+21  1.327017E-01
    259  4.5761437558843526E-01  5.3375116989572821E+09  6.0943650510405707E+08  1.823503E+18 -7.276091E+22  0.000000E+00 -7.276091E+22  4.999992E-01 -1.699649E-07 -9.711308E+21  1.334688E-01
    260  4.5761595689865636E-01  5.3439984914383278E+09  6.0940018309168780E+08  1.825113E+18 -2.448631E+21  0.000000E+00 -2.448631E+21  4.999992E-01 -1.699649E-07 -3.972594E+20  1.622373E-01
    261  4.5761815842183601E-01  5.3530294986486931E+09  6.0934961505570388E+08  1.827412E+18 -9.586953E+20  0.000000E+00 -9.586953E+20  4.999992E-01 -1.699649E-07 -3.529273E+20  3.681330E-01
    262  4.5762256146819530E-01  5.3710915130694246E+09  6.0924847898373604E+08  1.832172E+18 -1.211318E+22  0.000000E+00 -1.211318E+22  4.999992E-01 -1.699649E-07 -2.048378E+21  1.691032E-01
    263  4.5763136756091388E-01  5.4072155419108877E+09  6.0904620683980048E+08  1.842205E+18 -1.013467E+23  0.000000E+00 -1.013467E+23  4.999991E-01 -1.699649E-07 -1.794208E+22  1.770367E-01
    264  4.5763312877945761E-01  5.4144403476792259E+09  6.0900575241101301E+08  1.844258E+18 -2.780269E+21  0.000000E+00 -2.780269E+21  4.999990E-01 -1.699649E-07 -7.365934E+20  2.649360E-01
    265  4.5763564210616270E-01  5.4247504238144760E+09  6.0894802238280475E+08  1.847212E+18 -5.575604E+20  0.000000E+00 -5.575604E+20  4.999990E-01 -1.699649E-07 -5.734539E+20  1.028506E+00
    266  4.5764066875957293E-01  5.4453705760852041E+09  6.0883256232638669E+08  1.853129E+18 -1.400229E+22  0.000000E+00 -1.400229E+22  4.999989E-01 -1.699649E-07 -3.896236E+21  2.782571E-01
    267  4.5765072206639340E-01  5.4745435040798740E+09  6.0855313290597343E+08  1.864720E+18 -8.816350E+22  0.000000E+00 -8.816350E+22  4.999988E-01 -1.699649E-07 -3.905682E+22  4.430044E-01
    268  4.5766626779178121E-01  5.5110954652702551E+09  6.0808663685591972E+08  1.879216E+18  1.660527E+23  0.000000E+00  1.660527E+23  4.999985E-01 -1.699649E-07 -3.088676E+22 -1.860058E-01
    269  4.5766883462105340E-01  5.5171307348764534E+09  6.0800961145589709E+08  1.881179E+18  3.625271E+21  0.000000E+00  3.625271E+21  4.999984E-01 -1.699649E-07 -9.633550E+20 -2.657332E-01
    270  4.5767354432862561E-01  5.5282044573373308E+09  6.0786828257451415E+08  1.884497E+18  2.773627E+21  0.000000E+00  2.773627E+21  4.999983E-01 -1.699649E-07 -8.910155E+20 -3.212456E-01
    271  4.5768296374377004E-01  5.5503519022590857E+09  6.0758562481174815E+08  1.890059E+18  1.192448E+22  0.000000E+00  1.192448E+22  4.999981E-01 -1.699648E-07 -5.842507E+21 -4.899590E-01
    272  4.5770180257405896E-01  5.5946467921027269E+09  6.0702030928621459E+08  1.897552E+18  1.312314E+23  0.000000E+00  1.312314E+23  4.999976E-01 -1.699648E-07 -2.629481E+22 -2.003699E-01
    273  4.5773129728135548E-01  5.6639963637392673E+09  6.0613523225647974E+08  1.902598E+18  1.226380E+23  0.000000E+00  1.226380E+23  4.999968E-01 -1.699648E-07  1.039648E+23  8.477373E-01
    274  4.5773544401362248E-01  5.6737463878204470E+09  6.0601079713525307E+08  1.902912E+18  2.243123E+21  0.000000E+00  2.243123E+21  4.999967E-01 -1.699648E-07  2.161917E+21  9.637978E-01
    275  4.5774150065135749E-01  5.6879870862704401E+09  6.0582904958024979E+08  1.903206E+18  2.621593E+21  0.000000E+00  2.621593E+21  4.999965E-01 -1.699648E-07 -7.333464E+20 -2.797331E-01
    276  4.5775361392682751E-01  5.7164684831704254E+09  6.0546555447024310E+08  1.903398E+18  5.618688E+21  0.000000E+00  5.618688E+21  4.999962E-01 -1.699648E-07 -4.080372E+21 -7.262142E-01
    277  4.5777784047776754E-01  5.7734312769703960E+09  6.0473856425022984E+08  1.902642E+18 -4.785799E+22  0.000000E+00 -4.785799E+22  4.999954E-01 -1.699648E-07 -1.043082E+22  2.179536E-01
    278  4.5778268578795556E-01  5.7848238357304163E+09  6.0459316620622683E+08  1.902320E+18  4.870033E+21  0.000000E+00  4.870033E+21  4.999953E-01 -1.699648E-07 -2.057049E+21 -4.223891E-01
    279  4.5779228340516931E-01  5.8073902791202040E+09  6.0430516095665169E+08  1.901631E+18  1.655625E+21  0.000000E+00  1.655625E+21  4.999950E-01 -1.699648E-07 -1.623684E+21 -9.807072E-01
    280  4.5781147863959681E-01  5.8525231658997784E+09  6.0372915045750141E+08  1.899900E+18 -2.122122E+22  0.000000E+00 -2.122122E+22  4.999944E-01 -1.699648E-07 -7.232403E+20  3.408099E-02
    281  4.5784986910845177E-01  5.9427889394587975E+09  6.0257712945920253E+08  1.895201E+18 -6.263602E+23  0.000000E+00 -6.263602E+23  4.999932E-01 -1.699640E-07  2.510303E+23 -4.007763E-01
    282  4.5790389513213975E-01  6.0698178861210146E+09  6.0095591680930495E+08  1.886373E+18  2.476282E+24  0.000000E+00  2.476282E+24  4.999914E-01 -1.699794E-07  8.397282E+23  3.391085E-01
    283  4.5790876201885550E-01  6.0812611767950869E+09  6.0080987129696524E+08  1.885770E+18 -4.144976E+22  0.000000E+00 -4.144976E+22  4.999912E-01 -1.699965E-07  2.757065E+22 -6.651583E-01
    284  4.5791472134268302E-01  6.0952730654545393E+09  6.0063104393721342E+08  1.884677E+18  2.828208E+21  0.000000E+00  2.828208E+21  4.999910E-01 -1.699965E-07  1.346338E+20  4.760391E-02
    285  4.5792663999033806E-01  6.1232968427734451E+09  6.0027338921770978E+08  1.882403E+18  4.722483E+22  0.000000E+00  4.722483E+22  4.999906E-01 -1.699965E-07 -3.051701E+21 -6.462068E-02
    286  4.5795047728564814E-01  6.1793443974112558E+09  5.9955807977870238E+08  1.877572E+18  4.835948E+23  0.000000E+00  4.835948E+23  4.999898E-01 -1.699967E-07  2.822237E+22  5.835955E-02
    287  4.5795524474471017E-01  6.1905539083388433E+09  5.9941501789090061E+08  1.876518E+18  2.461476E+22  0.000000E+00  2.461476E+22  4.999896E-01 -1.699967E-07 -4.850492E+21 -1.970562E-01
    288  4.5796477966283422E-01  6.2129729301940203E+09  5.9912889411529696E+08  1.874426E+18  3.904874E+22  0.000000E+00  3.904874E+22  4.999893E-01 -1.699967E-07 -4.987049E+21 -1.277134E-01
    289  4.5798384949908227E-01  6.2578109739042425E+09  5.9855664656409144E+08  1.870058E+18  4.445457E+23  0.000000E+00  4.445457E+23  4.999886E-01 -1.699963E-07 -9.883862E+20 -2.223362E-03
    290  4.5802198917157844E-01  6.3474870613248177E+09  5.9741215146167874E+08  1.860404E+18  4.100519E+23  0.000000E+00  4.100519E+23  4.999872E-01 -1.699949E-07  9.192254E+23  2.241729E+00
    291  4.5802787747529344E-01  6.3613319636049566E+09  5.9723545527310967E+08  1.858887E+18 -4.761016E+22  0.000000E+00 -4.761016E+22  4.999870E-01 -1.699950E-07  2.716920E+22 -5.706597E-01
    292  4.5803965408272346E-01  6.3890217681652346E+09  5.9688206289597154E+08  1.855663E+18  1.526491E+23  0.000000E+00  1.526491E+23  4.999866E-01 -1.699947E-07 -1.409544E+22 -9.233882E-02
    293  4.5806320729758354E-01  6.4444013772859211E+09  5.9617527814169371E+08  1.848918E+18  2.151551E+24  0.000000E+00  2.151551E+24  4.999857E-01 -1.699962E-07 -1.696473E+22 -7.884882E-03
    294  4.5806791794055557E-01  6.4554772991100836E+09  5.9603392119083774E+08  1.847472E+18  4.022318E+22  0.000000E+00  4.022318E+22  4.999855E-01 -1.699962E-07 -1.327369E+22 -3.300011E-01
    295  4.5807733922649957E-01  6.4776291427582798E+09  5.9575120728912759E+08  1.844604E+18  6.257334E+22  0.000000E+00  6.257334E+22  4.999851E-01 -1.699963E-07 -1.693881E+22 -2.707034E-01
    296  4.5809618179838762E-01  6.5219328300548029E+09  5.9518577948570561E+08  1.838674E+18  1.339035E+24  0.000000E+00  1.339035E+24  4.999844E-01 -1.699963E-07 -5.893191E+22 -4.401074E-02
    297  4.5813386694216374E-01  6.6105402046478481E+09  5.9405492387886155E+08  1.825838E+18  7.144207E+24  0.000000E+00  7.144207E+24  4.999830E-01 -1.700033E-07  1.851608E+24  2.591761E-01
    298  4.5813966577898385E-01  6.6241747474633522E+09  5.9388091241242909E+08  1.823832E+18  5.719892E+21  0.000000E+00  5.719892E+21  4.999827E-01 -1.700031E-07  5.178369E+22  9.053263E+00
    299  4.5815126345262408E-01  6.6514438330943613E+09  5.9353288947956419E+08  1.819623E+18  1.474161E+23  0.000000E+00  1.474161E+23  4.999823E-01 -1.700031E-07 -4.452319E+22 -3.020239E-01
    300  4.5817445879990459E-01  6.7059820043565092E+09  5.9283684361383259E+08  1.810900E+18  4.591540E+24  0.000000E+00  4.591540E+24  4.999814E-01 -1.700043E-07 -1.895141E+23 -4.127462E-02
    301  4.5817909786936067E-01  6.7168896386088867E+09  5.9269763444068694E+08  1.809055E+18 -4.289598E+22  0.000000E+00 -4.289598E+22  4.999812E-01 -1.700044E-07 -2.763424E+22  6.442151E-01
    302  4.5818837600827289E-01  6.7387049071137714E+09  5.9241921609439397E+08  1.805390E+18 -1.398582E+23  0.000000E+00 -1.398582E+23  4.999808E-01 -1.700043E-07 -3.791373E+22  2.710870E-01
    303  4.5820693228609727E-01  6.7823354441234112E+09  5.9186237940180969E+08  1.797860E+18  1.834497E+24  0.000000E+00  1.834497E+24  4.999801E-01 -1.700039E-07 -1.951983E+23 -1.064042E-01
    304  4.5824404484174608E-01  6.8695965181428223E+09  5.9074870601663959E+08  1.781922E+18  4.108855E+25  0.000000E+00  4.108855E+25  4.999785E-01 -1.699922E-07  1.416931E+24  3.448482E-02
    305  4.5824983056687607E-01  6.8832002320341978E+09  5.9057508800573897E+08  1.779269E+18  6.349515E+23  0.000000E+00  6.349515E+23  4.999783E-01 -1.699936E-07 -2.773997E+22 -4.368833E-02
    306  4.5826060557276521E-01  6.9085350161797371E+09  5.9025175168265355E+08  1.774351E+18 -6.091356E+23  0.000000E+00 -6.091356E+23  4.999778E-01 -1.699941E-07 -7.966148E+22  1.307779E-01
    307  4.5828215558454355E-01  6.9592045844709454E+09  5.8960507903648114E+08  1.764223E+18  3.091073E+24  0.000000E+00  3.091073E+24  4.999769E-01 -1.699914E-07 -4.348424E+23 -1.406768E-01
    308  4.5828646558689923E-01  6.9693384981292124E+09  5.8947574450724638E+08  1.762113E+18 -3.484132E+23  0.000000E+00 -3.484132E+23  4.999768E-01 -1.699912E-07 -2.702665E+22  7.757068E-02
    309  4.5829437248341526E-01  6.9879296263899050E+09  5.8923847439595234E+08  1.758246E+18 -8.260406E+23  0.000000E+00 -8.260406E+23  4.999764E-01 -1.699919E-07 -3.192432E+22  3.864740E-02
    310  4.5831018627644737E-01  7.0251118829114199E+09  5.8876393417336273E+08  1.750336E+18 -1.383648E+24  0.000000E+00 -1.383648E+24  4.999757E-01 -1.699944E-07 -2.643052E+23  1.910206E-01
    311  4.5834181386251155E-01  7.0994763959543190E+09  5.8781485372818506E+08  1.733783E+18  3.582338E+25  0.000000E+00  3.582338E+25  4.999744E-01 -1.699855E-07  5.408057E+22  1.509645E-03
    312  4.5834699469812851E-01  7.1116578604843235E+09  5.8765938723878062E+08  1.730910E+18 -2.067368E+23  0.000000E+00 -2.067368E+23  4.999742E-01 -1.699858E-07 -6.542952E+22  3.164870E-01
    313  4.5835735636936237E-01  7.1360207895441999E+09  5.8734845425997341E+08  1.725183E+18 -2.546892E+24  0.000000E+00 -2.546892E+24  4.999737E-01 -1.699868E-07 -9.419164E+22  3.698298E-02
    314  4.5837807971183009E-01  7.1847466476639538E+09  5.8672658830235898E+08  1.713376E+18 -2.056576E+24  0.000000E+00 -2.056576E+24  4.999728E-01 -1.699734E-07 -5.124048E+23  2.491544E-01
    315  4.5838222438032361E-01  7.1944918192878523E+09  5.8660221511083674E+08  1.710939E+18 -6.220648E+23  0.000000E+00 -6.220648E+23  4.999726E-01 -1.699739E-07 -3.975410E+21  6.390668E-03
    316  4.5839051371731071E-01  7.2139821625357800E+09  5.8635346872779059E+08  1.706032E+18 -2.435958E+24  0.000000E+00 -2.435958E+24  4.999722E-01 -1.699744E-07 -3.217501E+22  1.320836E-02
    317  4.5840709239128491E-01  7.2529628490316343E+09  5.8585597596169841E+08  1.695973E+18 -7.299408E+24  0.000000E+00 -7.299408E+24  4.999715E-01 -1.699724E-07 -3.707493E+23  5.079169E-02
    318  4.5844024973923331E-01  7.3309242220233450E+09  5.8486099042951381E+08  1.674816E+18  6.142170E+25  0.000000E+00  6.142170E+25  4.999700E-01 -1.699429E-07  2.086984E+24  3.397795E-02
    319  4.5844532370964447E-01  7.3428544192269678E+09  5.8470873075067294E+08  1.671442E+18  8.982550E+23  0.000000E+00  8.982550E+23  4.999698E-01 -1.699433E-07  7.357550E+22  8.190936E-02
    320  4.5845353970432029E-01  7.3621723160146217E+09  5.8446218522333860E+08  1.665923E+18 -3.938738E+24  0.000000E+00 -3.938738E+24  4.999694E-01 -1.699433E-07 -8.732545E+21  2.217092E-03
    321  4.5846997169367187E-01  7.4008081095897999E+09  5.8396909416867173E+08  1.654595E+18 -1.956373E+25  0.000000E+00 -1.956373E+25  4.999686E-01 -1.699483E-07 -3.652022E+23  1.866731E-02
    322  4.5847325809154221E-01  7.4085352683048878E+09  5.8387047595773757E+08  1.652294E+18 -4.392849E+23  0.000000E+00 -4.392849E+23  4.999685E-01 -1.699480E-07  3.501959E+22 -7.971954E-02
    323  4.5847650489763614E-01  7.4161693366662731E+09  5.8377304581663311E+08  1.649999E+18 -1.878083E+23  0.000000E+00 -1.878083E+23  4.999683E-01 -1.699477E-07  5.462612E+22 -2.908610E-01
    324  4.5848299850982394E-01  7.4314374733889151E+09  5.8357818553442562E+08  1.645361E+18 -2.900300E+24  0.000000E+00 -2.900300E+24  4.999680E-01 -1.699479E-07  4.028327E+22 -1.388935E-02
    325  4.5849598573419958E-01  7.4610772145882540E+09  5.8319063330455816E+08  1.636106E+18  1.687131E+25  0.000000E+00  1.687131E+25  4.999674E-01 -1.699473E-07 -2.854792E+23 -1.692099E-02
    326  4.5852196018295083E-01  7.4601726220407753E+09  5.8256108881723475E+08  1.635957E+18  5.113438E+23  0.000000E+00  5.113438E+23  4.999662E-01 -1.699478E-07  3.649792E+22  7.137649E-02
    327  4.5857390908045337E-01  7.4583634369458160E+09  5.8130199984258652E+08  1.636049E+18 -7.270664E+22  0.000000E+00 -7.270664E+22  4.999638E-01 -1.699477E-07 -4.758393E+21  6.544647E-02
    328  4.5867780687545845E-01  7.4547450667558975E+09  5.7878382189329028E+08  1.636233E+18 -1.540735E+23  0.000000E+00 -1.540735E+23  4.999590E-01 -1.699524E-07 -9.893888E+21  6.421538E-02
    329  4.5888560246546856E-01  7.4475083263760614E+09  5.7374746599469900E+08  1.636591E+18 -3.507025E+23  0.000000E+00 -3.507025E+23  4.999495E-01 -1.699478E-07 -2.367461E+22  6.750624E-02
    330  4.5930119364548877E-01  7.4330348456163893E+09  5.6367475419751656E+08  1.637261E+18 -6.064403E+23  0.000000E+00 -6.064403E+23  4.999309E-01 -1.699426E-07 -6.139902E+22  1.012450E-01
    331  4.6013237600552925E-01  7.4041891518757534E+09  5.4935532391069078E+08  1.640764E+18 -2.296133E+25  0.000000E+00 -2.296133E+25  4.998950E-01 -1.700610E-07 -9.717113E+23  4.231947E-02
    332  4.6179474072561016E-01  7.3606624508473434E+09  5.2909205120213056E+08  1.646582E+18 -4.178611E+25  0.000000E+00 -4.178611E+25  4.998274E-01 -1.691896E-07 -9.108758E+23  2.179853E-02
    333  4.6511947016577199E-01  7.3401173020484943E+09  5.2017943205604392E+08  1.650718E+18 -2.693012E+25  0.000000E+00 -2.693012E+25  4.997003E-01 -1.687956E-07 -1.585376E+24  5.886997E-02
    334  4.7176892904609563E-01  7.3357325029676590E+09  5.0955898699848831E+08  1.650833E+18 -3.152729E+25  0.000000E+00 -3.152729E+25  4.994486E-01 -1.690277E-07  1.059502E+24 -3.360588E-02
    335  4.7276892902374390E-01  7.3444703726858673E+09  5.1341328947699416E+08  1.650266E+18 -1.533623E+23  0.000000E+00 -1.533623E+23  4.994121E-01 -1.689365E-07 -2.539706E+22  1.656017E-01
    336  4.7383109935778811E-01  7.3688592407122383E+09  5.2385477089732718E+08  1.647744E+18 -2.189799E+24  0.000000E+00 -2.189799E+24  4.993723E-01 -1.688481E-07  1.969716E+22 -8.994963E-03
    337  4.7595544002587653E-01  7.4268093993151417E+09  5.4897690140680218E+08  1.641496E+18  3.571437E+25  0.000000E+00  3.571437E+25  4.992880E-01 -1.698542E-07  6.204597E+23  1.737283E-02
    338  4.8020412136205337E-01  7.5206179888052368E+09  5.9613482412593424E+08  1.633754E+18  2.950977E+26  0.000000E+00  2.950977E+26  4.991029E-01 -1.705817E-07  9.134509E+24  3.095419E-02
    339  4.8699909045829531E-01  7.5183684418523483E+09  5.9107475799430442E+08  1.636520E+18  1.302947E+26  0.000000E+00  1.302947E+26  4.987698E-01 -1.819001E-07 -6.210835E+24 -4.766758E-02
    340  4.8798867315532390E-01  7.4818494528574142E+09  5.7094958546454167E+08  1.640486E+18 -3.163288E+25  0.000000E+00 -3.163288E+25  4.987261E-01 -1.820769E-07 -1.094248E+24  3.459211E-02
    341  4.8965026128685335E-01  7.4021883608730583E+09  5.3207094825465488E+08  1.649934E+18 -1.373739E+26  0.000000E+00 -1.373739E+26  4.986591E-01 -1.817837E-07 -3.554458E+24  2.587434E-02
    342  4.8998257891315922E-01  7.3870482076737385E+09  5.2453176460571826E+08  1.651696E+18  3.324612E+24  0.000000E+00  3.324612E+24  4.986467E-01 -1.816961E-07  1.032926E+23  3.106908E-02
    343  4.9064721416577101E-01  7.3570237979845018E+09  5.0975603145386058E+08  1.654882E+18 -1.996981E+25  0.000000E+00 -1.996981E+25  4.986228E-01 -1.817555E-07 -8.126589E+23  4.069436E-02
    344  4.9197648467099458E-01  7.2990612939865189E+09  4.8310313344328922E+08  1.661454E+18 -4.991017E+25  0.000000E+00 -4.991017E+25  4.985782E-01 -1.814200E-07 -1.487484E+24  2.980323E-02
    345  4.9463502568144174E-01  7.2043271076132975E+09  4.4239408629753560E+08  1.672309E+18 -1.211533E+26  0.000000E+00 -1.211533E+26  4.984997E-01 -1.810504E-07 -7.077376E+24  5.841668E-02
    346  4.9995210770233606E-01  7.1059630491340837E+09  4.0292040855149305E+08  1.684244E+18 -1.314070E+26  0.000000E+00 -1.314070E+26  4.983669E-01 -1.798082E-07 -6.481957E+24  4.932735E-02
    347  5.0995210747881869E-01  7.0348861383344860E+09  3.7592648492470175E+08  1.694489E+18 -3.551688E+25  0.000000E+00 -3.551688E+25  4.981468E-01 -1.781384E-07 -3.427231E+24  9.649582E-02
    348  5.1995210725530128E-01  6.9204796681268730E+09  3.3576770445692134E+08  1.708460E+18 -1.315568E+26  0.000000E+00 -1.315568E+26  4.979603E-01 -1.820009E-07 -3.736862E+24  2.840494E-02
    349  5.2095210723294949E-01  6.9052408077822104E+09  3.3092462604239440E+08  1.710707E+18  3.113553E+24  0.000000E+00  3.113553E+24  4.979437E-01 -1.820419E-07  1.052643E+23  3.380841E-02
    350  5.2179724317406639E-01  6.8897052740373306E+09  3.2677749039882177E+08  1.712993E+18 -1.079935E+24  0.000000E+00 -1.079935E+24  4.979300E-01 -1.820293E-07 -6.343060E+22  5.873556E-02
    351  5.2348751505630009E-01  6.8652157215197945E+09  3.1863082425688785E+08  1.715717E+18 -4.502189E+24  0.000000E+00 -4.502189E+24  4.979035E-01 -1.820414E-07 -3.313745E+23  7.360297E-02
    352  5.2686805882076748E-01  6.8122887833763475E+09  3.0331079541196162E+08  1.722431E+18 -2.002436E+25  0.000000E+00 -2.002436E+25  4.978537E-01 -1.821723E-07 -1.387216E+24  6.927639E-02
    353  5.3362914634970227E-01  6.7258526727089157E+09  2.7776495052318490E+08  1.732618E+18  6.561555E+25  0.000000E+00  6.561555E+25  4.977651E-01 -1.841277E-07 -1.287463E+24 -1.962132E-02
    354  5.3462914632735048E-01  6.7093968004860611E+09  2.7421242152435142E+08  1.735050E+18 -1.153977E+24  0.000000E+00 -1.153977E+24  4.977531E-01 -1.841328E-07 -3.480365E+22  3.015975E-02
    355  5.3581882840893480E-01  6.6951640552304316E+09  2.7000963493460804E+08  1.736554E+18 -1.281551E+24  0.000000E+00 -1.281551E+24  4.977392E-01 -1.841387E-07 -1.627172E+23  1.269690E-01
    356  5.3819819257210344E-01  6.6618727972980671E+09  2.6156658692482314E+08  1.740711E+18 -5.091923E+23  0.000000E+00 -5.091923E+23  4.977123E-01 -1.841394E-07  8.738994E+22 -1.716246E-01
    357  5.4295692089844061E-01  6.5991580361775246E+09  2.4648714536322004E+08  1.748797E+18 -3.210699E+22  0.000000E+00 -3.210699E+22  4.976627E-01 -1.843398E-07  8.829741E+23 -2.750099E+01
    358  5.4378952511440926E-01  6.5924002834375525E+09  2.4412217869745275E+08  1.749084E+18 -1.239163E+23  0.000000E+00 -1.239163E+23  4.976545E-01 -1.843503E-07 -2.363910E+22  1.907667E-01
    359  5.4518873030823856E-01  6.5794725747866373E+09  2.4010716933371028E+08  1.750120E+18  1.842196E+23  0.000000E+00  1.842196E+23  4.976411E-01 -1.843429E-07  6.569277E+22  3.566003E-01
    360  5.4546857134700444E-01  6.5753770925893135E+09  2.3929525637747344E+08  1.750683E+18 -6.853108E+21  0.000000E+00 -6.853108E+21  4.976384E-01 -1.843416E-07 -9.033309E+20  1.318133E-01
    361  5.4581765026148987E-01  6.5700046207813034E+09  2.3828115777914950E+08  1.751479E+18 -3.345591E+22  0.000000E+00 -3.345591E+22  4.976351E-01 -1.843425E-07 -5.088193E+21  1.520865E-01
    362  5.4651580809046063E-01  6.5577065606176643E+09  2.3624718301903328E+08  1.753443E+18  4.308904E+20  0.000000E+00  4.308904E+20  4.976286E-01 -1.843422E-07  7.116141E+21  1.651497E+01
    363  5.4791212374840215E-01  6.5423025630244141E+09  2.3204172882293582E+08  1.754954E+18  2.900080E+23  0.000000E+00  2.900080E+23  4.976159E-01 -1.843552E-07 -3.959843E+22 -1.365426E-01
    364  5.5033510721318168E-01  6.5070695751615438E+09  2.2448381164417541E+08  1.759328E+18 -1.229975E+24  0.000000E+00 -1.229975E+24  4.975948E-01 -1.843447E-07 -3.505899E+23  2.850383E-01
    365  5.5238749630231743E-01  6.4826566277919617E+09  2.1821371579510590E+08  1.761702E+18 -1.278800E+24  0.000000E+00 -1.278800E+24  4.975778E-01 -1.842395E-07 -4.138227E+23  3.236023E-01
    366  5.5630310314851072E-01  6.4291229839772902E+09  2.0673264617194486E+08  1.767987E+18 -3.030688E+24  0.000000E+00 -3.030688E+24  4.975474E-01 -1.841479E-07  2.413980E+23 -7.965123E-02
    367  5.6172369922232224E-01  6.3490688449892435E+09  1.9173494413943398E+08  1.777898E+18  1.393610E+24  0.000000E+00  1.393610E+24  4.975120E-01 -1.843242E-07  2.941068E+23  2.110396E-01
    368  5.6883145487847597E-01  6.2456462414332771E+09  1.7323381073929131E+08  1.789987E+18  2.231911E+25  0.000000E+00  2.231911E+25  4.974725E-01 -1.841908E-07 -7.258578E+23 -3.252181E-02
    369  5.6978010546921809E-01  6.2355680125883598E+09  1.7095180271466312E+08  1.790950E+18 -2.013414E+23  0.000000E+00 -2.013414E+23  4.974676E-01 -1.841606E-07 -6.637479E+20  3.296630E-03
    370  5.7091772583604061E-01  6.2218182657076750E+09  1.6816136304382420E+08  1.792186E+18 -5.709324E+21  0.000000E+00 -5.709324E+21  4.974618E-01 -1.841603E-07 -4.915846E+21  8.610207E-01
    371  5.7319296656968566E-01  6.1861298879319334E+09  1.6273038174898946E+08  1.796567E+18 -1.545728E+24  0.000000E+00 -1.545728E+24  4.974507E-01 -1.842087E-07 -3.611701E+23  2.336570E-01
    372  5.7634890873798428E-01  6.1397265610086584E+09  1.5556017682879463E+08  1.802246E+18 -4.359236E+23  0.000000E+00 -4.359236E+23  4.974361E-01 -1.842188E-07  5.272588E+23 -1.209521E+00
    373  5.8076549929210308E-01  6.0824257001660604E+09  1.4649093002375814E+08  1.808494E+18  3.322266E+24  0.000000E+00  3.322266E+24  4.974169E-01 -1.842218E-07  3.666033E+23  1.103474E-01
    374  5.8654596999999997E-01  6.0052092000000000E+09  1.3589779000000000E+08  1.817310E+18 -9.599136E+23  0.000000E+00 -9.599136E+23  4.973938E-01 -1.843048E-07  8.283743E+22 -8.629675E-02
