                           time                     pos                     vel                    temp                     den                    pres                    ener                    entr                      cs
      1  1.0175522000000001E-04  0.0000000000000000E+00  0.0000000000000000E+00  4.303629E+08  8.495758E+08  3.872172E+26  1.163760E+18  6.064131E+07  7.824073E+08  1.371429E+01  2.022900E-26
      2  1.0175522001017553E-04  0.0000000000000000E+00  0.0000000000000000E+00  4.303629E+08  8.495758E+08  3.872172E+26  1.163760E+18  6.064131E+07  7.824073E+08  1.371429E+01  2.022900E-26
      3  1.0175522003052657E-04  0.0000000000000000E+00  0.0000000000000000E+00  4.303629E+08  8.495758E+08  3.872172E+26  1.163760E+18  6.064131E+07  7.824073E+08  1.371429E+01  2.022900E-26
      4  1.0175522007122866E-04  0.0000000000000000E+00  0.0000000000000000E+00  4.303629E+08  8.495758E+08  3.872172E+26  1.163760E+18  6.064131E+07  7.824073E+08  1.371429E+01  2.022900E-26
      5  1.0175522015263284E-04  0.0000000000000000E+00  0.0000000000000000E+00  4.303629E+08  8.495758E+08  3.872172E+26  1.163760E+18  6.064131E+07  7.824073E+08  1.371429E+01  2.022901E-26
      6  1.0175522031544119E-04  0.0000000000000000E+00  0.0000000000000000E+00  4.303629E+08  8.495758E+08  3.872172E+26  1.163760E+18  6.064131E+07  7.824073E+08  1.371429E+01  2.022901E-26
      7  1.0175522064105789E-04  0.0000000000000000E+00  0.0000000000000000E+00  4.303629E+08  8.495758E+08  3.872172E+26  1.163760E+18  6.064131E+07  7.824073E+08  1.371429E+01  2.022902E-26
      8  1.0175522129229130E-04  0.0000000000000000E+00  0.0000000000000000E+00  4.303629E+08  8.495758E+08  3.872172E+26  1.163760E+18  6.064131E+07  7.824073E+08  1.371429E+01  2.022904E-26
      9  1.0175522259475811E-04  0.0000000000000000E+00  0.0000000000000000E+00  4.303629E+08  8.495758E+08  3.872172E+26  1.163760E+18  6.064131E+07  7.824073E+08  1.371429E+01  2.022909E-26
     10  1.0175522519969174E-04  0.0000000000000000E+00  0.0000000000000000E+00  4.303629E+08  8.495758E+08  3.872172E+26  1.163760E+18  6.064131E+07  7.824073E+08  1.371429E+01  2.022918E-26
     11  1.0175523040955900E-04  0.0000000000000000E+00  0.0000000000000000E+00  4.303629E+08  8.495758E+08  3.872172E+26  1.163760E+18  6.064131E+07  7.824073E+08  1.371429E+01  2.022936E-26
     12  1.0175524082929354E-04  0.0000000000000000E+00  0.0000000000000000E+00  4.303629E+08  8.495758E+08  3.872172E+26  1.163760E+18  6.064131E+07  7.824073E+08  1.371429E+01  2.022971E-26
     13  1.0175526166876259E-04  0.0000000000000000E+00  0.0000000000000000E+00  4.303629E+08  8.495758E+08  3.872172E+26  1.163760E+18  6.064131E+07  7.824073E+08  1.371429E+01  2.023043E-26
     14  1.0175530334770070E-04  0.0000000000000000E+00  0.0000000000000000E+00  4.303629E+08  8.495758E+08  3.872172E+26  1.163760E+18  6.064131E+07  7.824073E+08  1.371429E+01  2.023185E-26
     15  1.0175538670557692E-04  0.0000000000000000E+00  0.0000000000000000E+00  4.303629E+08  8.495758E+08  3.872172E+26  1.163760E+18  6.064131E+07  7.824073E+08  1.371429E+01  2.023471E-26
     16  1.0175555342132937E-04  0.0000000000000000E+00  0.0000000000000000E+00  4.303629E+08  8.495758E+08  3.872172E+26  1.163760E+18  6.064131E+07  7.824073E+08  1.371429E+01  2.024042E-26
     17  1.0175588685283427E-04  0.0000000000000000E+00  0.0000000000000000E+00  4.303629E+08  8.495758E+08  3.872172E+26  1.163760E+18  6.064131E+07  7.824073E+08  1.371429E+01  2.025183E-26
     18  1.0175655371584406E-04  0.0000000000000000E+00  0.0000000000000000E+00  4.303629E+08  8.495758E+08  3.872172E+26  1.163760E+18  6.064131E+07  7.824073E+08  1.371429E+01  2.027466E-26
     19  1.0175788744186364E-04  0.0000000000000000E+00  0.0000000000000000E+00  4.303629E+08  8.495758E+08  3.872172E+26  1.163760E+18  6.064131E+07  7.824073E+08  1.371429E+01  2.032033E-26
     20  1.0176055489390281E-04  0.0000000000000000E+00  0.0000000000000000E+00  4.303629E+08  8.495758E+08  3.872172E+26  1.163760E+18  6.064131E+07  7.824073E+08  1.371429E+01  2.041167E-26
     21  1.0176588979798114E-04  0.0000000000000000E+00  0.0000000000000000E+00  4.303629E+08  8.495758E+08  3.872172E+26  1.163760E+18  6.064131E+07  7.824073E+08  1.371429E+01  2.059442E-26
     22  1.0177655960613782E-04  0.0000000000000000E+00  0.0000000000000000E+00  4.303629E+08  8.495758E+08  3.872172E+26  1.163760E+18  6.064131E+07  7.824073E+08  1.371429E+01  2.095993E-26
     23  1.0179789922245117E-04  0.0000000000000000E+00  0.0000000000000000E+00  4.303629E+08  8.495758E+08  3.872172E+26  1.163760E+18  6.064131E+07  7.824073E+08  1.371429E+01  2.168839E-26
     24  1.0184057845507785E-04  0.0000000000000000E+00  0.0000000000000000E+00  4.303629E+08  8.495758E+08  3.872172E+26  1.163760E+18  6.064131E+07  7.824073E+08  1.371429E+01  2.310816E-26
     25  1.0192593692033123E-04  0.0000000000000000E+00  0.0000000000000000E+00  4.303629E+08  8.495758E+08  3.872172E+26  1.163760E+18  6.064131E+07  7.824073E+08  1.371429E+01  2.572865E-26
     26  1.0209665385083798E-04  0.0000000000000000E+00  0.0000000000000000E+00  4.303629E+08  8.495757E+08  3.872172E+26  1.163760E+18  6.064131E+07  7.824073E+08  1.371429E+01  3.008657E-26
     27  1.0243808771185149E-04  0.0000000000000000E+00  0.0000000000000000E+00  4.303629E+08  8.495756E+08  3.872171E+26  1.163760E+18  6.064131E+07  7.824073E+08  1.371429E+01  3.646842E-26
     28  1.0312095543387850E-04  0.0000000000000000E+00  0.0000000000000000E+00  4.303629E+08  8.495754E+08  3.872170E+26  1.163760E+18  6.064131E+07  7.824073E+08  1.371429E+01  4.489598E-26
     29  1.0448669087793252E-04  0.0000000000000000E+00  0.0000000000000000E+00  4.303628E+08  8.495750E+08  3.872168E+26  1.163760E+18  6.064131E+07  7.824072E+08  1.371429E+01  5.522069E-26
     30  1.0721816176604055E-04  0.0000000000000000E+00  0.0000000000000000E+00  4.303627E+08  8.495743E+08  3.872163E+26  1.163760E+18  6.064131E+07  7.824071E+08  1.371429E+01  6.719820E-26
     31  1.1268110354225661E-04  0.0000000000000000E+00  0.0000000000000000E+00  4.303625E+08  8.495727E+08  3.872153E+26  1.163760E+18  6.064132E+07  7.824069E+08  1.371429E+01  8.049511E-26
     32  1.2360698709468874E-04  0.0000000000000000E+00  0.0000000000000000E+00  4.303621E+08  8.495696E+08  3.872135E+26  1.163760E+18  6.064134E+07  7.824064E+08  1.371429E+01  9.471929E-26
     33  1.4545875419955299E-04  0.0000000000000000E+00  0.0000000000000000E+00  4.303613E+08  8.495635E+08  3.872097E+26  1.163760E+18  6.064137E+07  7.824054E+08  1.371429E+01  1.095542E-25
     34  1.8916228840928150E-04  0.0000000000000000E+00  0.0000000000000000E+00  4.303598E+08  8.495511E+08  3.872021E+26  1.163760E+18  6.064143E+07  7.824035E+08  1.371429E+01  1.248103E-25
     35  2.7656935682873854E-04  0.0000000000000000E+00  0.0000000000000000E+00  4.303575E+08  8.495270E+08  3.871874E+26  1.163760E+18  6.064159E+07  7.823998E+08  1.371429E+01  1.404480E-25
     36  4.5138349366765263E-04  0.0000000000000000E+00  0.0000000000000000E+00  4.303557E+08  8.494807E+08  3.871590E+26  1.163760E+18  6.064199E+07  7.823926E+08  1.371429E+01  1.565779E-25
     37  8.0101176734548069E-04  0.0000000000000000E+00  0.0000000000000000E+00  4.303621E+08  8.493950E+08  3.871067E+26  1.163760E+18  6.064310E+07  7.823794E+08  1.371429E+01  1.734422E-25
     38  1.5002683147011370E-03  0.0000000000000000E+00  0.0000000000000000E+00  4.304128E+08  8.492536E+08  3.870206E+26  1.163760E+18  6.064648E+07  7.823580E+08  1.371429E+01  1.913121E-25
     39  2.8987814094124497E-03  0.0000000000000000E+00  0.0000000000000000E+00  4.199976E+08  8.489799E+08  3.867775E+26  1.163760E+18  6.024392E+07  7.822299E+08  1.371429E+01  2.090989E-25
     40  5.6958075988350742E-03  0.0000000000000000E+00  0.0000000000000000E+00  4.203163E+08  8.499007E+08  3.873427E+26  1.163760E+18  6.024717E+07  7.823748E+08  1.371429E+01  2.288136E-25
     41  1.1289859977680325E-02  0.0000000000000000E+00  0.0000000000000000E+00  4.203076E+08  8.500142E+08  3.874120E+26  1.163760E+18  6.024569E+07  7.823922E+08  1.371429E+01  2.494947E-25
     42  2.1289859754162907E-02  0.0000000000000000E+00  0.0000000000000000E+00  4.203104E+08  8.500714E+08  3.874470E+26  1.163760E+18  6.024522E+07  7.824011E+08  1.371429E+01  2.705733E-25
     43  3.1289859530645489E-02  0.0000000000000000E+00  0.0000000000000000E+00  4.202160E+08  8.502496E+08  3.875553E+26  1.163760E+18  6.023971E+07  7.824278E+08  1.371429E+01  2.913706E-25
     44  4.1289859307128071E-02  0.0000000000000000E+00  0.0000000000000000E+00  4.200230E+08  8.506175E+08  3.877788E+26  1.163760E+18  6.022842E+07  7.824830E+08  1.371429E+01  3.120109E-25
     45  5.1289859083610653E-02  0.0000000000000000E+00  0.0000000000000000E+00  4.191824E+08  8.502637E+08  3.875564E+26  1.163760E+18  6.019889E+07  7.824215E+08  1.371429E+01  3.325272E-25
     46  6.1289858860093235E-02  0.0000000000000000E+00  0.0000000000000000E+00  4.179623E+08  8.493151E+08  3.869676E+26  1.163760E+18  6.016032E+07  7.822650E+08  1.371429E+01  3.528042E-25
     47  7.1289858636575817E-02  0.0000000000000000E+00  0.0000000000000000E+00  4.178560E+08  8.490656E+08  3.868144E+26  1.163760E+18  6.015863E+07  7.822255E+08  1.371429E+01  3.731715E-25
     48  8.1289858413058400E-02  0.0000000000000000E+00  0.0000000000000000E+00  4.174899E+08  8.485364E+08  3.864884E+26  1.163760E+18  6.014950E+07  7.821407E+08  1.371429E+01  3.934763E-25
     49  9.1289858189540982E-02  0.0000000000000000E+00  0.0000000000000000E+00  4.170804E+08  8.483471E+08  3.863697E+26  1.163760E+18  6.013520E+07  7.821080E+08  1.371429E+01  4.137229E-25
     50  1.0128985796602356E-01  0.0000000000000000E+00  0.0000000000000000E+00  4.165857E+08  8.480624E+08  3.861922E+26  1.163760E+18  6.011849E+07  7.820599E+08  1.371429E+01  4.339034E-25
     51  1.1128985774250615E-01  0.0000000000000000E+00  0.0000000000000000E+00  4.159627E+08  8.476707E+08  3.859485E+26  1.163760E+18  6.009774E+07  7.819942E+08  1.371429E+01  4.540370E-25
     52  1.2128985751898873E-01  0.0000000000000000E+00  0.0000000000000000E+00  4.151321E+08  8.468245E+08  3.854256E+26  1.163760E+18  6.007331E+07  7.818563E+08  1.371429E+01  4.741164E-25
     53  1.3128985729547132E-01  0.0000000000000000E+00  0.0000000000000000E+00  4.143621E+08  8.453623E+08  3.845276E+26  1.163760E+18  6.005746E+07  7.816233E+08  1.371429E+01  4.941089E-25
     54  1.4128985707195391E-01  0.0000000000000000E+00  0.0000000000000000E+00  4.143601E+08  8.480362E+08  3.861601E+26  1.163760E+18  6.003038E+07  7.820376E+08  1.371429E+01  5.142291E-25
     55  1.5128985684843649E-01  0.0000000000000000E+00  0.0000000000000000E+00  4.129952E+08  8.460520E+08  3.849386E+26  1.163760E+18  5.999600E+07  7.817190E+08  1.371429E+01  5.341114E-25
     56  1.6128985662491907E-01  0.0000000000000000E+00  0.0000000000000000E+00  4.120645E+08  8.454940E+08  3.845914E+26  1.163760E+18  5.996445E+07  7.816248E+08  1.371429E+01  5.539976E-25
     57  1.7128985640140165E-01  0.0000000000000000E+00  0.0000000000000000E+00  4.108394E+08  8.448072E+08  3.841635E+26  1.163760E+18  5.992232E+07  7.815082E+08  1.371429E+01  5.738212E-25
     58  1.8128985617788423E-01  0.0000000000000000E+00  0.0000000000000000E+00  4.093763E+08  8.434017E+08  3.832958E+26  1.163760E+18  5.987777E+07  7.812778E+08  1.371429E+01  5.935464E-25
     59  1.9128985595436682E-01  0.0000000000000000E+00  0.0000000000000000E+00  4.082086E+08  8.435032E+08  3.833493E+26  1.163760E+18  5.982970E+07  7.812840E+08  1.371429E+01  6.132636E-25
     60  2.0128985573084940E-01  0.0000000000000000E+00  0.0000000000000000E+00  4.062493E+08  8.424468E+08  3.826912E+26  1.163760E+18  5.976121E+07  7.811035E+08  1.371429E+01  6.328179E-25
     61  2.1128985550733198E-01  0.0000000000000000E+00  0.0000000000000000E+00  4.040737E+08  8.412636E+08  3.819548E+26  1.163760E+18  5.968486E+07  7.809014E+08  1.371429E+01  6.522718E-25
     62  2.2128985528381456E-01  0.0000000000000000E+00  0.0000000000000000E+00  4.016647E+08  8.399750E+08  3.811528E+26  1.163760E+18  5.959963E+07  7.806807E+08  1.371429E+01  6.716094E-25
     63  2.3128985506029714E-01  0.0000000000000000E+00  0.0000000000000000E+00  3.988889E+08  8.386181E+08  3.803072E+26  1.163760E+18  5.949948E+07  7.804460E+08  1.371429E+01  6.914418E-25
     64  2.4128985483677973E-01  0.0000000000000000E+00  0.0000000000000000E+00  3.958113E+08  8.370382E+08  3.793243E+26  1.163760E+18  5.938840E+07  7.801737E+08  1.371429E+01  7.109628E-25
     65  2.5128985461326231E-01  0.0000000000000000E+00  0.0000000000000000E+00  3.923105E+08  8.349905E+08  3.780549E+26  1.163760E+18  5.926356E+07  7.798241E+08  1.371429E+01  7.299911E-25
     66  2.6128985438974489E-01  0.0000000000000000E+00  0.0000000000000000E+00  3.884769E+08  8.327994E+08  3.766973E+26  1.163760E+18  5.912501E+07  7.794486E+08  1.371429E+01  7.487200E-25
     67  2.7128985416622747E-01  0.0000000000000000E+00  0.0000000000000000E+00  3.844794E+08  8.309206E+08  3.755293E+26  1.163760E+18  5.897491E+07  7.791202E+08  1.371429E+01  7.672256E-25
     68  2.8128985394271006E-01  0.0000000000000000E+00  0.0000000000000000E+00  3.876100E+08  8.272586E+08  3.733324E+26  1.163760E+18  5.914524E+07  7.785683E+08  1.371429E+01  7.860761E-25
     69  2.9128985371919264E-01  0.0000000000000000E+00  0.0000000000000000E+00  3.935668E+08  8.235296E+08  3.711179E+26  1.163760E+18  5.943375E+07  7.780269E+08  1.371429E+01  8.057150E-25
     70  3.0128985349567522E-01  0.0000000000000000E+00  0.0000000000000000E+00  4.005208E+08  8.226151E+08  3.706139E+26  1.163760E+18  5.973094E+07  7.779392E+08  1.371429E+01  8.259612E-25
     71  3.1128985327215780E-01  0.0000000000000000E+00  0.0000000000000000E+00  4.066282E+08  8.169433E+08  3.672321E+26  1.163760E+18  6.003916E+07  7.770866E+08  1.371429E+01  8.463221E-25
     72  3.2128985304864038E-01  0.0000000000000000E+00  0.0000000000000000E+00  4.137764E+08  8.099336E+08  3.630601E+26  1.163760E+18  6.040044E+07  7.760226E+08  1.371429E+01  8.669860E-25
     73  3.3128985282512297E-01  0.0000000000000000E+00  0.0000000000000000E+00  4.226098E+08  8.069915E+08  3.613529E+26  1.163760E+18  6.078116E+07  7.756221E+08  1.371429E+01  8.882004E-25
     74  3.4128985260160555E-01  0.0000000000000000E+00  0.0000000000000000E+00  4.308930E+08  8.017923E+08  3.582898E+26  1.163760E+18  6.115882E+07  7.748503E+08  1.371429E+01  9.097927E-25
     75  3.5128985237808813E-01  0.0000000000000000E+00  0.0000000000000000E+00  4.383611E+08  7.912392E+08  3.520279E+26  1.163760E+18  6.155888E+07  7.731923E+08  1.371429E+01  9.315596E-25
     76  3.6128985215457071E-01  0.0000000000000000E+00  0.0000000000000000E+00  4.243707E+08  7.841200E+08  3.476905E+26  1.163760E+18  6.109695E+07  7.719039E+08  1.371429E+01  9.511408E-25
     77  3.7128985193105329E-01  0.0000000000000000E+00  0.0000000000000000E+00  4.102161E+08  7.770221E+08  3.433795E+26  1.163760E+18  6.061287E+07  7.706086E+08  1.371429E+01  9.700132E-25
     78  3.8128985170753588E-01  0.0000000000000000E+00  0.0000000000000000E+00  3.958498E+08  7.661510E+08  3.368538E+26  1.163760E+18  6.014512E+07  7.686679E+08  1.371429E+01  9.882977E-25
     79  3.9128985148401846E-01  0.0000000000000000E+00  0.0000000000000000E+00  3.957507E+08  7.554147E+08  3.305327E+26  1.163760E+18  6.026160E+07  7.668476E+08  1.371429E+01  1.006455E-24
     80  4.0128985126050104E-01  0.0000000000000000E+00  0.0000000000000000E+00  4.104183E+08  7.383726E+08  3.206546E+26  1.163760E+18  6.105846E+07  7.640379E+08  1.371429E+01  1.027574E-24
     81  4.1128985103698362E-01  0.0000000000000000E+00  0.0000000000000000E+00  4.336671E+08  7.218844E+08  3.112238E+26  1.163760E+18  6.217018E+07  7.613428E+08  1.371429E+01  1.050708E-24
     82  4.2128985081346620E-01  0.0000000000000000E+00  0.0000000000000000E+00  3.552653E+08  7.085739E+08  3.030690E+26  1.163760E+18  5.903743E+07  7.583014E+08  1.371429E+01  1.070110E-24
     83  4.3128985058994879E-01  0.0000000000000000E+00  0.0000000000000000E+00  1.729185E+08  6.925884E+08  2.928615E+26  1.163760E+18  4.769820E+07  7.538576E+08  1.371429E+01  1.080690E-24
     84  4.4128985036643137E-01  0.0000000000000000E+00  0.0000000000000000E+00  2.642694E+07  6.709617E+08  2.797789E+26  1.163760E+18  1.506527E+07  7.485393E+08  1.371429E+01  1.094153E-24
     85  4.5128985014291395E-01  0.0000000000000000E+00  0.0000000000000000E+00  2.458978E+08  6.438022E+08  2.658569E+26  1.163760E+18  5.391821E+07  7.452243E+08  1.371429E+01  4.089791E-24
     86  4.5128985114291392E-01  0.0000000000000000E+00  0.0000000000000000E+00  2.458978E+08  6.438022E+08  2.658569E+26  1.163760E+18  5.391821E+07  7.452243E+08  1.371429E+01  4.089785E-24
     87  4.5128985314291387E-01  0.0000000000000000E+00  0.0000000000000000E+00  2.458978E+08  6.438022E+08  2.658569E+26  1.163760E+18  5.391822E+07  7.452243E+08  1.371429E+01  4.089774E-24
     88  4.5128985714291375E-01  0.0000000000000000E+00  0.0000000000000000E+00  2.458978E+08  6.438021E+08  2.658568E+26  1.163760E+18  5.391822E+07  7.452243E+08  1.371429E+01  4.089752E-24
     89  4.5128986514291358E-01  0.0000000000000000E+00  0.0000000000000000E+00  2.458979E+08  6.438021E+08  2.658568E+26  1.163760E+18  5.391823E+07  7.452243E+08  1.371429E+01  4.089711E-24
     90  4.5128988114291324E-01  0.0000000000000000E+00  0.0000000000000000E+00  2.458981E+08  6.438021E+08  2.658568E+26  1.163760E+18  5.391824E+07  7.452243E+08  1.371429E+01  4.089633E-24
     91  4.5128991314291250E-01  0.0000000000000000E+00  0.0000000000000000E+00  2.458985E+08  6.438020E+08  2.658567E+26  1.163760E+18  5.391826E+07  7.452243E+08  1.371429E+01  4.089499E-24
     92  4.5128997714291108E-01  0.0000000000000000E+00  0.0000000000000000E+00  2.458991E+08  6.438018E+08  2.658566E+26  1.163760E+18  5.391831E+07  7.452242E+08  1.371429E+01  4.089306E-24
     93  4.5129010514290824E-01  0.0000000000000000E+00  0.0000000000000000E+00  2.459005E+08  6.438014E+08  2.658564E+26  1.163760E+18  5.391840E+07  7.452242E+08  1.371429E+01  4.089129E-24
     94  4.5129036114290250E-01  0.0000000000000000E+00  0.0000000000000000E+00  2.459033E+08  6.438005E+08  2.658560E+26  1.163760E+18  5.391859E+07  7.452240E+08  1.371429E+01  4.089208E-24
     95  4.5129087314289107E-01  0.0000000000000000E+00  0.0000000000000000E+00  2.459088E+08  6.437989E+08  2.658551E+26  1.163760E+18  5.391897E+07  7.452238E+08  1.371429E+01  4.089838E-24
     96  4.5129189714286816E-01  0.0000000000000000E+00  0.0000000000000000E+00  2.459199E+08  6.437956E+08  2.658534E+26  1.163760E+18  5.391974E+07  7.452232E+08  1.371429E+01  4.091658E-24
     97  4.5129394514282239E-01  0.0000000000000000E+00  0.0000000000000000E+00  2.459421E+08  6.437891E+08  2.658499E+26  1.163760E+18  5.392126E+07  7.452221E+08  1.371429E+01  4.095302E-24
     98  4.5129804114273087E-01  0.0000000000000000E+00  0.0000000000000000E+00  2.459863E+08  6.437761E+08  2.658429E+26  1.163760E+18  5.392430E+07  7.452200E+08  1.371429E+01  4.100986E-24
     99  4.5130623314254775E-01  0.0000000000000000E+00  0.0000000000000000E+00  2.460749E+08  6.437500E+08  2.658288E+26  1.163760E+18  5.393039E+07  7.452156E+08  1.371429E+01  4.108947E-24
    100  4.5132261714218153E-01  0.0000000000000000E+00  0.0000000000000000E+00  2.462521E+08  6.436978E+08  2.658008E+26  1.163760E+18  5.394255E+07  7.452069E+08  1.371429E+01  4.119028E-24
    101  4.5135538514144913E-01  0.0000000000000000E+00  0.0000000000000000E+00  2.466064E+08  6.435935E+08  2.657448E+26  1.163760E+18  5.396686E+07  7.451895E+08  1.371429E+01  4.130882E-24
    102  4.5142092113998428E-01  0.0000000000000000E+00  0.0000000000000000E+00  2.473151E+08  6.433848E+08  2.656328E+26  1.163760E+18  5.401538E+07  7.451548E+08  1.371429E+01  4.144129E-24
    103  4.5155199313705457E-01  0.0000000000000000E+00  0.0000000000000000E+00  2.487324E+08  6.429674E+08  2.654088E+26  1.163760E+18  5.411204E+07  7.450852E+08  1.371429E+01  4.158391E-24
    104  4.5181413713119523E-01  0.0000000000000000E+00  0.0000000000000000E+00  2.440690E+08  6.421313E+08  2.649199E+26  1.163760E+18  5.382083E+07  7.448817E+08  1.371429E+01  4.173122E-24
    105  4.5233842511947647E-01  0.0000000000000000E+00  0.0000000000000000E+00  2.216298E+08  6.404567E+08  2.638713E+26  1.163760E+18  5.230554E+07  7.443619E+08  1.371429E+01  4.185833E-24
    106  4.5338700109603897E-01  0.0000000000000000E+00  0.0000000000000000E+00  1.236139E+08  6.375791E+08  2.617550E+26  1.163760E+18  4.299539E+07  7.429559E+08  1.371429E+01  4.194453E-24
    107  4.5548415304916395E-01  0.0000000000000000E+00  0.0000000000000000E+00  6.243100E+07  6.312120E+08  2.579120E+26  1.163760E+18  3.163004E+07  7.411554E+08  1.371429E+01  4.195496E-24
    108  4.5548415346859433E-01  0.0000000000000000E+00  0.0000000000000000E+00  6.243106E+07  6.312120E+08  2.579120E+26  1.163760E+18  3.163006E+07  7.411554E+08  1.371429E+01  4.195496E-24
    109  4.5548415430745509E-01  0.0000000000000000E+00  0.0000000000000000E+00  6.243119E+07  6.312120E+08  2.579120E+26  1.163760E+18  3.163009E+07  7.411554E+08  1.371429E+01  4.195496E-24
    110  4.5548415598517666E-01  0.0000000000000000E+00  0.0000000000000000E+00  6.243143E+07  6.312120E+08  2.579120E+26  1.163760E+18  3.163016E+07  7.411554E+08  1.371429E+01  4.195496E-24
    111  4.5548415934061981E-01  0.0000000000000000E+00  0.0000000000000000E+00  6.243192E+07  6.312120E+08  2.579120E+26  1.163760E+18  3.163030E+07  7.411554E+08  1.371429E+01  4.195496E-24
    112  4.5548416605150605E-01  0.0000000000000000E+00  0.0000000000000000E+00  6.243290E+07  6.312120E+08  2.579120E+26  1.163760E+18  3.163057E+07  7.411554E+08  1.371429E+01  4.195496E-24
    113  4.5548417947327857E-01  0.0000000000000000E+00  0.0000000000000000E+00  6.243487E+07  6.312120E+08  2.579120E+26  1.163760E+18  3.163112E+07  7.411554E+08  1.371429E+01  4.195496E-24
    114  4.5548420631682357E-01  0.0000000000000000E+00  0.0000000000000000E+00  6.243880E+07  6.312119E+08  2.579120E+26  1.163760E+18  3.163222E+07  7.411554E+08  1.371429E+01  4.195496E-24
    115  4.5548426000391357E-01  0.0000000000000000E+00  0.0000000000000000E+00  6.244665E+07  6.312117E+08  2.579119E+26  1.163760E+18  3.163441E+07  7.411554E+08  1.371429E+01  4.195496E-24
    116  4.5548436737809356E-01  0.0000000000000000E+00  0.0000000000000000E+00  6.246236E+07  6.312113E+08  2.579118E+26  1.163760E+18  3.163880E+07  7.411555E+08  1.371429E+01  4.195496E-24
    117  4.5548458212645354E-01  0.0000000000000000E+00  0.0000000000000000E+00  6.249377E+07  6.312106E+08  2.579116E+26  1.163760E+18  3.164757E+07  7.411556E+08  1.371429E+01  4.195496E-24
    118  4.5548501162317356E-01  0.0000000000000000E+00  0.0000000000000000E+00  6.255660E+07  6.312091E+08  2.579111E+26  1.163760E+18  3.166510E+07  7.411559E+08  1.371429E+01  4.195496E-24
    119  4.5548587061661355E-01  0.0000000000000000E+00  0.0000000000000000E+00  6.268227E+07  6.312062E+08  2.579102E+26  1.163760E+18  3.170010E+07  7.411565E+08  1.371429E+01  4.195496E-24
    120  4.5548758860349353E-01  0.0000000000000000E+00  0.0000000000000000E+00  6.293359E+07  6.312004E+08  2.579084E+26  1.163760E+18  3.176985E+07  7.411576E+08  1.371429E+01  4.195495E-24
    121  4.5549102457725354E-01  0.0000000000000000E+00  0.0000000000000000E+00  6.343624E+07  6.311887E+08  2.579048E+26  1.163760E+18  3.190843E+07  7.411598E+08  1.371429E+01  4.195495E-24
    122  4.5549789652477357E-01  0.0000000000000000E+00  0.0000000000000000E+00  6.444153E+07  6.311654E+08  2.578976E+26  1.163760E+18  3.218190E+07  7.411642E+08  1.371429E+01  4.195494E-24
    123  4.5551164041981357E-01  0.0000000000000000E+00  0.0000000000000000E+00  6.645212E+07  6.311188E+08  2.578831E+26  1.163760E+18  3.271467E+07  7.411730E+08  1.371429E+01  4.195493E-24
    124  4.5553912820989356E-01  0.0000000000000000E+00  0.0000000000000000E+00  7.047331E+07  6.310256E+08  2.578542E+26  1.163760E+18  3.372778E+07  7.411904E+08  1.371429E+01  4.195493E-24
    125  4.5559410379005355E-01  0.0000000000000000E+00  0.0000000000000000E+00  7.851567E+07  6.308392E+08  2.577959E+26  1.163760E+18  3.557255E+07  7.412249E+08  1.371429E+01  4.195517E-24
    126  4.5570405495037353E-01  0.0000000000000000E+00  0.0000000000000000E+00  9.460040E+07  6.304663E+08  2.576783E+26  1.163760E+18  3.870222E+07  7.412926E+08  1.371429E+01  4.196030E-24
    127  4.5592395727101354E-01  0.0000000000000000E+00  0.0000000000000000E+00  1.267699E+08  6.297206E+08  2.574404E+26  1.163760E+18  4.350888E+07  7.414241E+08  1.371429E+01  4.202132E-24
    128  4.5636376191229355E-01  0.0000000000000000E+00  0.0000000000000000E+00  1.041165E+09  6.289980E+08  2.622987E+26  1.163760E+18  7.986776E+07  7.496005E+08  1.371431E+01  6.327949E-21
    129  4.5636376200025447E-01  0.0000000000000000E+00  0.0000000000000000E+00  1.041165E+09  6.289980E+08  2.622987E+26  1.163760E+18  7.986776E+07  7.496005E+08  1.371431E+01  6.327948E-21
    130  4.5636376217617630E-01  0.0000000000000000E+00  0.0000000000000000E+00  1.041166E+09  6.289980E+08  2.622987E+26  1.163760E+18  7.986777E+07  7.496005E+08  1.371431E+01  6.327949E-21
    131  4.5636376252802002E-01  0.0000000000000000E+00  0.0000000000000000E+00  1.041167E+09  6.289980E+08  2.622987E+26  1.163760E+18  7.986778E+07  7.496005E+08  1.371431E+01  6.327949E-21
    132  4.5636376323170746E-01  0.0000000000000000E+00  0.0000000000000000E+00  1.041168E+09  6.289980E+08  2.622987E+26  1.163760E+18  7.986781E+07  7.496005E+08  1.371431E+01  6.327950E-21
    133  4.5636376463908229E-01  0.0000000000000000E+00  0.0000000000000000E+00  1.041171E+09  6.289980E+08  2.622987E+26  1.163760E+18  7.986788E+07  7.496005E+08  1.371431E+01  6.327952E-21
    134  4.5636376745383200E-01  0.0000000000000000E+00  0.0000000000000000E+00  1.041177E+09  6.289980E+08  2.622987E+26  1.163760E+18  7.986800E+07  7.496006E+08  1.371431E+01  6.327956E-21
    135  4.5636377308333143E-01  0.0000000000000000E+00  0.0000000000000000E+00  1.041189E+09  6.289980E+08  2.622988E+26  1.163760E+18  7.986826E+07  7.496007E+08  1.371431E+01  6.327963E-21
    136  4.5636378434233027E-01  0.0000000000000000E+00  0.0000000000000000E+00  1.041214E+09  6.289980E+08  2.622989E+26  1.163760E+18  7.986877E+07  7.496010E+08  1.371431E+01  6.327972E-21
    137  4.5636380686032790E-01  0.0000000000000000E+00  0.0000000000000000E+00  1.041262E+09  6.289979E+08  2.622992E+26  1.163760E+18  7.986978E+07  7.496014E+08  1.371431E+01  6.327985E-21
    138  4.5636385189632317E-01  0.0000000000000000E+00  0.0000000000000000E+00  1.041359E+09  6.289979E+08  2.622998E+26  1.163760E+18  7.987182E+07  7.496024E+08  1.371431E+01  6.328000E-21
    139  4.5636394196831370E-01  0.0000000000000000E+00  0.0000000000000000E+00  1.041553E+09  6.289977E+08  2.623010E+26  1.163760E+18  7.987588E+07  7.496043E+08  1.371431E+01  6.328018E-21
    140  4.5636412211229477E-01  0.0000000000000000E+00  0.0000000000000000E+00  1.041942E+09  6.289974E+08  2.623034E+26  1.163760E+18  7.988402E+07  7.496082E+08  1.371431E+01  6.328038E-21
    141  4.5636448240025690E-01  0.0000000000000000E+00  0.0000000000000000E+00  1.042718E+09  6.289969E+08  2.623082E+26  1.163760E+18  7.990027E+07  7.496158E+08  1.371431E+01  6.328061E-21
    142  4.5636520297618116E-01  0.0000000000000000E+00  0.0000000000000000E+00  1.044271E+09  6.289957E+08  2.623177E+26  1.163760E+18  7.993277E+07  7.496312E+08  1.371431E+01  6.328085E-21
    143  4.5636664412802969E-01  0.0000000000000000E+00  0.0000000000000000E+00  1.047378E+09  6.289935E+08  2.623367E+26  1.163760E+18  7.999768E+07  7.496620E+08  1.371431E+01  6.328109E-21
    144  4.5636952643172679E-01  0.0000000000000000E+00  0.0000000000000000E+00  1.053590E+09  6.289889E+08  2.623748E+26  1.163760E+18  8.012718E+07  7.497236E+08  1.371431E+01  6.328135E-21
    145  4.5637529103912100E-01  0.0000000000000000E+00  0.0000000000000000E+00  1.066015E+09  6.289798E+08  2.624512E+26  1.163761E+18  8.038489E+07  7.498470E+08  1.371431E+01  6.328163E-21
    146  4.5638682025390936E-01  0.0000000000000000E+00  0.0000000000000000E+00  1.090865E+09  6.289617E+08  2.626050E+26  1.163761E+18  8.089531E+07  7.500950E+08  1.371432E+01  6.328195E-21
    147  4.5640987868348609E-01  0.0000000000000000E+00  0.0000000000000000E+00  1.140565E+09  6.289254E+08  2.629162E+26  1.163762E+18  8.189727E+07  7.505957E+08  1.371435E+01  6.328228E-21
    148  4.5645599554263955E-01  0.0000000000000000E+00  0.0000000000000000E+00  1.239965E+09  6.288528E+08  2.635529E+26  1.163772E+18  8.383264E+07  7.516153E+08  1.371463E+01  6.328187E-21
    149  4.5646521891447023E-01  0.0000000000000000E+00  0.0000000000000000E+00  1.259845E+09  6.288383E+08  2.636825E+26  1.163777E+18  8.420957E+07  7.518221E+08  1.371478E+01  6.328192E-21
    150  4.5648366565813164E-01  0.0000000000000000E+00  0.0000000000000000E+00  1.299605E+09  6.288093E+08  2.639441E+26  1.163795E+18  8.495365E+07  7.522386E+08  1.371527E+01  6.328139E-21
    151  4.5652055914545442E-01  0.0000000000000000E+00  0.0000000000000000E+00  1.379125E+09  6.287512E+08  2.644755E+26  1.163909E+18  8.640108E+07  7.530820E+08  1.371803E+01  6.327930E-21
    152  4.5652793784291895E-01  0.0000000000000000E+00  0.0000000000000000E+00  1.395029E+09  6.287396E+08  2.645829E+26  1.163961E+18  8.668326E+07  7.532520E+08  1.371912E+01  6.327908E-21
    153  4.5653802124416182E-01  0.0000000000000000E+00  0.0000000000000000E+00  1.416763E+09  6.287237E+08  2.647303E+26  1.164063E+18  8.706423E+07  7.534850E+08  1.372110E+01  6.327824E-21
    154  4.5655818804664761E-01  0.0000000000000000E+00  0.0000000000000000E+00  1.460230E+09  6.286920E+08  2.650262E+26  1.164425E+18  8.780678E+07  7.539521E+08  1.372756E+01  6.327830E-21
    155  4.5659852165161913E-01  0.0000000000000000E+00  0.0000000000000000E+00  1.547165E+09  6.286285E+08  2.656158E+26  1.166322E+18  8.917032E+07  7.548792E+08  1.376080E+01  7.185330E-21
    156  4.5660549312606580E-01  0.0000000000000000E+00  0.0000000000000000E+00  1.562192E+09  6.286175E+08  2.657159E+26  1.166929E+18  8.938023E+07  7.550361E+08  1.377145E+01  7.186416E-21
    157  4.5661943607495914E-01  0.0000000000000000E+00  0.0000000000000000E+00  1.592244E+09  6.285956E+08  2.659126E+26  1.168536E+18  8.976545E+07  7.553439E+08  1.379978E+01  7.188067E-21
    158  4.5664732197274582E-01  0.0000000000000000E+00  0.0000000000000000E+00  1.652349E+09  6.285517E+08  2.662824E+26  1.174055E+18  9.034061E+07  7.559208E+08  1.389779E+01  7.192450E-21
    159  4.5665289915230317E-01  0.0000000000000000E+00  0.0000000000000000E+00  1.664370E+09  6.285429E+08  2.663508E+26  1.175665E+18  9.041367E+07  7.560271E+08  1.392655E+01  7.193583E-21
    160  4.5666405351141787E-01  0.0000000000000000E+00  0.0000000000000000E+00  1.688412E+09  6.285254E+08  2.664800E+26  1.179538E+18  9.050626E+07  7.562274E+08  1.399607E+01  7.195784E-21
    161  4.5668636222964726E-01  0.0000000000000000E+00  0.0000000000000000E+00  1.736496E+09  6.284902E+08  2.667006E+26  1.190426E+18  9.043702E+07  7.565675E+08  1.419387E+01  7.201329E-21
    162  4.5669082397329314E-01  0.0000000000000000E+00  0.0000000000000000E+00  1.746113E+09  6.284832E+08  2.667377E+26  1.193179E+18  9.037706E+07  7.566242E+08  1.424443E+01  7.203009E-21
    163  4.5669974746058489E-01  0.0000000000000000E+00  0.0000000000000000E+00  1.765347E+09  6.284692E+08  2.668038E+26  1.199309E+18  9.020769E+07  7.567251E+08  1.435781E+01  7.208756E-21
    164  4.5671759443516841E-01  0.0000000000000000E+00  0.0000000000000000E+00  1.803814E+09  6.284411E+08  2.669038E+26  1.214111E+18  8.967067E+07  7.568752E+08  1.463595E+01  7.380245E-21
    165  4.5675328838433538E-01  0.0000000000000000E+00  0.0000000000000000E+00  1.880749E+09  6.283849E+08  2.669899E+26  1.252320E+18  8.794681E+07  7.569956E+08  1.538406E+01  1.341197E-19
    166  4.5675868608791231E-01  0.0000000000000000E+00  0.0000000000000000E+00  1.892383E+09  6.283764E+08  2.669942E+26  1.258706E+18  8.764170E+07  7.570001E+08  1.551387E+01  3.279992E-19
    167  4.5676948149506619E-01  0.0000000000000000E+00  0.0000000000000000E+00  1.915651E+09  6.283594E+08  2.670005E+26  1.271590E+18  8.702497E+07  7.570054E+08  1.578016E+01  1.714574E-18
    168  4.5679107230937388E-01  0.0000000000000000E+00  0.0000000000000000E+00  1.962188E+09  6.283254E+08  2.670182E+26  1.296659E+18  8.584904E+07  7.570240E+08  1.631652E+01  2.616343E-17
    169  4.5679539047223544E-01  0.0000000000000000E+00  0.0000000000000000E+00  1.977901E+09  6.282482E+08  2.670336E+26  1.301504E+18  8.572332E+07  7.570903E+08  1.642309E+01  4.313073E-17
    170  4.5680402679795851E-01  0.0000000000000000E+00  0.0000000000000000E+00  2.013329E+09  6.280499E+08  2.670629E+26  1.311764E+18  8.548710E+07  7.572478E+08  1.665217E+01  1.222584E-16
    171  4.5682129944940469E-01  0.0000000000000000E+00  0.0000000000000000E+00  2.084184E+09  6.276531E+08  2.671143E+26  1.332704E+18  8.497616E+07  7.575507E+08  1.713375E+01  8.524141E-16
    172  4.5682475397969391E-01  0.0000000000000000E+00  0.0000000000000000E+00  2.098355E+09  6.275738E+08  2.671278E+26  1.336642E+18  8.489132E+07  7.576161E+08  1.722649E+01  1.194374E-15
    173  4.5683041273805763E-01  0.0000000000000000E+00  0.0000000000000000E+00  2.121568E+09  6.274438E+08  2.671544E+26  1.342751E+18  8.477608E+07  7.577301E+08  1.737196E+01  1.984408E-15
    174  4.5684173025478508E-01  0.0000000000000000E+00  0.0000000000000000E+00  2.167995E+09  6.271838E+08  2.672284E+26  1.353463E+18  8.465275E+07  7.579901E+08  1.763140E+01  4.610936E-15
    175  4.5686436528823998E-01  0.0000000000000000E+00  0.0000000000000000E+00  2.260847E+09  6.266639E+08  2.674701E+26  1.368465E+18  8.486600E+07  7.586542E+08  1.800329E+01  1.361124E-14
    176  4.5690963535514983E-01  0.0000000000000000E+00  0.0000000000000000E+00  2.446552E+09  6.256241E+08  2.682493E+26  1.381282E+18  8.652090E+07  7.604324E+08  1.832211E+01  3.611862E-14
    177  4.5691471863566707E-01  0.0000000000000000E+00  0.0000000000000000E+00  2.467405E+09  6.255073E+08  2.683504E+26  1.381943E+18  8.676016E+07  7.606528E+08  1.833824E+01  3.968561E-14
    178  4.5692178131289723E-01  0.0000000000000000E+00  0.0000000000000000E+00  2.496377E+09  6.253451E+08  2.684943E+26  1.382727E+18  8.710125E+07  7.609639E+08  1.835726E+01  4.394856E-14
    179  4.5693590666735756E-01  0.0000000000000000E+00  0.0000000000000000E+00  2.554322E+09  6.250206E+08  2.687921E+26  1.383986E+18  8.780581E+07  7.616010E+08  1.838624E+01  5.139734E-14
    180  4.5696415737627816E-01  0.0000000000000000E+00  0.0000000000000000E+00  2.670211E+09  6.243717E+08  2.694205E+26  1.385947E+18  8.926559E+07  7.629230E+08  1.842197E+01  6.662156E-14
    181  4.5696980751806227E-01  0.0000000000000000E+00  0.0000000000000000E+00  2.693388E+09  6.242420E+08  2.695507E+26  1.386340E+18  8.956172E+07  7.631938E+08  1.842699E+01  7.048853E-14
    182  4.5698110780163048E-01  0.0000000000000000E+00  0.0000000000000000E+00  2.739744E+09  6.239824E+08  2.698151E+26  1.387210E+18  9.015609E+07  7.637412E+08  1.843567E+01  7.960032E-14
    183  4.5700370836876697E-01  0.0000000000000000E+00  0.0000000000000000E+00  2.832455E+09  6.234633E+08  2.703592E+26  1.389627E+18  9.134927E+07  7.648576E+08  1.844915E+01  1.023681E-13
    184  4.5700822848219425E-01  0.0000000000000000E+00  0.0000000000000000E+00  2.850997E+09  6.233594E+08  2.704704E+26  1.390287E+18  9.158794E+07  7.650841E+08  1.845148E+01  1.073882E-13
    185  4.5701726870904885E-01  0.0000000000000000E+00  0.0000000000000000E+00  2.888082E+09  6.231518E+08  2.706948E+26  1.391864E+18  9.206436E+07  7.655400E+08  1.845612E+01  1.183459E-13
    186  4.5703534916275806E-01  0.0000000000000000E+00  0.0000000000000000E+00  2.962251E+09  6.227365E+08  2.711505E+26  1.396413E+18  9.300731E+07  7.664613E+08  1.846754E+01  1.573337E-13
    187  4.5703896525349991E-01  0.0000000000000000E+00  0.0000000000000000E+00  2.977085E+09  6.226534E+08  2.712425E+26  1.397605E+18  9.319298E+07  7.666465E+08  1.847063E+01  1.743175E-13
    188  4.5704619743498359E-01  0.0000000000000000E+00  0.0000000000000000E+00  3.006752E+09  6.224873E+08  2.714268E+26  1.400325E+18  9.355979E+07  7.670175E+08  1.847820E+01  2.387038E-13
    189  4.5706066179795096E-01  0.0000000000000000E+00  0.0000000000000000E+00  3.066087E+09  6.221551E+08  2.717954E+26  1.407220E+18  9.426804E+07  7.677584E+08  1.850138E+01  8.977779E-13
    190  4.5708959052388565E-01  0.0000000000000000E+00  0.0000000000000000E+00  3.184758E+09  6.214906E+08  2.725097E+26  1.426832E+18  9.549154E+07  7.692009E+08  1.861198E+01  5.616835E-11
    191  4.5709428800236301E-01  0.0000000000000000E+00  0.0000000000000000E+00  3.204028E+09  6.213827E+08  2.726188E+26  1.430675E+18  9.564938E+07  7.694239E+08  1.864390E+01  1.093270E-10
    192  4.5710352917084701E-01  0.0000000000000000E+00  0.0000000000000000E+00  3.241936E+09  6.211704E+08  2.728233E+26  1.438735E+18  9.590960E+07  7.698466E+08  1.872427E+01  3.524949E-10
    193  4.5712201150781506E-01  0.0000000000000000E+00  0.0000000000000000E+00  3.317754E+09  6.207459E+08  2.731759E+26  1.457330E+18  9.616688E+07  7.706032E+08  1.897940E+01  2.604164E-09
    194  4.5715897618175111E-01  0.0000000000000000E+00  0.0000000000000000E+00  3.469389E+09  6.198968E+08  2.735167E+26  1.513385E+18  9.515712E+07  7.715481E+08  2.008783E+01  5.743339E-08
    195  4.5716315604502816E-01  0.0000000000000000E+00  0.0000000000000000E+00  3.486536E+09  6.198008E+08  2.735010E+26  1.522176E+18  9.487546E+07  7.715727E+08  2.028628E+01  7.455467E-08
    196  4.5716695281118536E-01  0.0000000000000000E+00  0.0000000000000000E+00  3.502110E+09  6.197136E+08  2.734965E+26  1.530312E+18  9.461514E+07  7.716085E+08  2.047148E+01  1.066656E-07
    197  4.5717139898392034E-01  0.0000000000000000E+00  0.0000000000000000E+00  3.520349E+09  6.196115E+08  2.734837E+26  1.540258E+18  9.428209E+07  7.716387E+08  2.070369E+01  1.561051E-07
    198  4.5718029132939036E-01  0.0000000000000000E+00  0.0000000000000000E+00  3.556827E+09  6.194072E+08  2.734352E+26  1.561239E+18  9.353508E+07  7.716640E+08  2.121659E+01  3.169095E-07
    199  4.5719807602033036E-01  0.0000000000000000E+00  0.0000000000000000E+00  3.629783E+09  6.189987E+08  2.732719E+26  1.605214E+18  9.182741E+07  7.716129E+08  2.241074E+01  1.166718E-06
    200  4.5723364540221040E-01  0.0000000000000000E+00  0.0000000000000000E+00  3.775694E+09  6.181817E+08  2.729492E+26  1.683289E+18  8.860848E+07  7.715211E+08  2.505917E+01  9.722545E-06
    201  4.5723918741815789E-01  0.0000000000000000E+00  0.0000000000000000E+00  3.798429E+09  6.180544E+08  2.729280E+26  1.693069E+18  8.822987E+07  7.715517E+08  2.544640E+01  1.209739E-05
    202  4.5725027145005287E-01  0.0000000000000000E+00  0.0000000000000000E+00  3.843897E+09  6.177998E+08  2.729216E+26  1.710448E+18  8.760745E+07  7.716682E+08  2.616708E+01  1.707205E-05
    203  4.5727243951384278E-01  0.0000000000000000E+00  0.0000000000000000E+00  3.934834E+09  6.172906E+08  2.730610E+26  1.736871E+18  8.689921E+07  7.721333E+08  2.734784E+01  2.721207E-05
    204  4.5731543750350256E-01  0.0000000000000000E+00  0.0000000000000000E+00  4.111219E+09  6.163030E+08  2.738185E+26  1.764701E+18  8.709210E+07  7.737734E+08  2.870928E+01  5.989807E-05
    205  4.5732025231317514E-01  0.0000000000000000E+00  0.0000000000000000E+00  4.130970E+09  6.161924E+08  2.739325E+26  1.766646E+18  8.719496E+07  7.740007E+08  2.880791E+01  6.823801E-05
    206  4.5732528850333654E-01  0.0000000000000000E+00  0.0000000000000000E+00  4.151629E+09  6.160767E+08  2.740553E+26  1.768441E+18  8.731678E+07  7.742441E+08  2.890086E+01  7.730226E-05
    207  4.5733536088365934E-01  0.0000000000000000E+00  0.0000000000000000E+00  4.192948E+09  6.158454E+08  2.743159E+26  1.771435E+18  8.760036E+07  7.747531E+08  2.905786E+01  1.023609E-04
    208  4.5735550564430499E-01  0.0000000000000000E+00  0.0000000000000000E+00  4.275585E+09  6.153826E+08  2.748870E+26  1.775531E+18  8.829377E+07  7.758455E+08  2.927861E+01  2.004242E-04
    209  4.5735953459643414E-01  0.0000000000000000E+00  0.0000000000000000E+00  4.292112E+09  6.152901E+08  2.750084E+26  1.776092E+18  8.844975E+07  7.760747E+08  2.930974E+01  2.321069E-04
    210  4.5736500170335159E-01  0.0000000000000000E+00  0.0000000000000000E+00  4.314539E+09  6.151645E+08  2.751765E+26  1.776743E+18  8.866897E+07  7.763906E+08  2.934624E+01  2.845919E-04
    211  4.5737593591718656E-01  0.0000000000000000E+00  0.0000000000000000E+00  4.359393E+09  6.149134E+08  2.755235E+26  1.777705E+18  8.913091E+07  7.770383E+08  2.940126E+01  4.318733E-04
    212  4.5739780434485650E-01  0.0000000000000000E+00  0.0000000000000000E+00  4.449101E+09  6.144111E+08  2.762542E+26  1.778628E+18  9.012738E+07  7.783874E+08  2.945547E+01  9.956853E-04
    213  4.5740217803039046E-01  0.0000000000000000E+00  0.0000000000000000E+00  4.467043E+09  6.143106E+08  2.764052E+26  1.778703E+18  9.033506E+07  7.786643E+08  2.945984E+01  1.171895E-03
    214  4.5741092540145845E-01  0.0000000000000000E+00  0.0000000000000000E+00  4.502926E+09  6.141097E+08  2.767110E+26  1.778793E+18  9.075560E+07  7.792235E+08  2.946458E+01  1.611292E-03
    215  4.5742842014359436E-01  0.0000000000000000E+00  0.0000000000000000E+00  4.574692E+09  6.137078E+08  2.773355E+26  1.778828E+18  9.160952E+07  7.803600E+08  2.946412E+01  2.937776E-03
    216  4.5743191909202152E-01  0.0000000000000000E+00  0.0000000000000000E+00  4.589045E+09  6.136275E+08  2.774621E+26  1.778825E+18  9.178133E+07  7.805897E+08  2.946324E+01  3.290646E-03
    217  4.5743891698887590E-01  0.0000000000000000E+00  0.0000000000000000E+00  4.617752E+09  6.134667E+08  2.777166E+26  1.778823E+18  9.212484E+07  7.810509E+08  2.946156E+01  4.098616E-03
    218  4.5745291278258465E-01  0.0000000000000000E+00  0.0000000000000000E+00  4.675165E+09  6.131452E+08  2.782305E+26  1.778845E+18  9.281000E+07  7.819797E+08  2.945960E+01  6.161314E-03
    219  4.5748090437000216E-01  0.0000000000000000E+00  0.0000000000000000E+00  4.789991E+09  6.125023E+08  2.792717E+26  1.779121E+18  9.415518E+07  7.838542E+08  2.947495E+01  1.195127E-02
    220  4.5748425744895677E-01  0.0000000000000000E+00  0.0000000000000000E+00  4.803746E+09  6.124253E+08  2.793967E+26  1.779224E+18  9.431166E+07  7.840789E+08  2.948034E+01  1.279445E-02
    221  4.5748994655709163E-01  0.0000000000000000E+00  0.0000000000000000E+00  4.827084E+09  6.122946E+08  2.796087E+26  1.779389E+18  9.457371E+07  7.844597E+08  2.949213E+01  1.427668E-02
    222  4.5750132477336136E-01  0.0000000000000000E+00  0.0000000000000000E+00  4.873759E+09  6.120332E+08  2.800304E+26  1.779870E+18  9.508098E+07  7.852174E+08  2.952856E+01  1.747845E-02
    223  4.5752408120590082E-01  0.0000000000000000E+00  0.0000000000000000E+00  4.967109E+09  6.115105E+08  2.808533E+26  1.781731E+18  9.599689E+07  7.866997E+08  2.967725E+01  2.634886E-02
    224  4.5752863249240872E-01  0.0000000000000000E+00  0.0000000000000000E+00  4.985780E+09  6.114060E+08  2.810132E+26  1.782268E+18  9.616050E+07  7.869888E+08  2.972219E+01  2.879678E-02
    225  4.5753557471563888E-01  0.0000000000000000E+00  0.0000000000000000E+00  5.014258E+09  6.112465E+08  2.812515E+26  1.783293E+18  9.639028E+07  7.874209E+08  2.980621E+01  3.346229E-02
    226  4.5754945916209921E-01  0.0000000000000000E+00  0.0000000000000000E+00  5.071214E+09  6.109276E+08  2.817045E+26  1.786103E+18  9.677024E+07  7.882490E+08  3.003761E+01  4.690753E-02
    227  4.5755223605139128E-01  0.0000000000000000E+00  0.0000000000000000E+00  5.082605E+09  6.108638E+08  2.817906E+26  1.786798E+18  9.683158E+07  7.884077E+08  3.009574E+01  5.039115E-02
    228  4.5755778982997541E-01  0.0000000000000000E+00  0.0000000000000000E+00  5.105388E+09  6.107363E+08  2.819567E+26  1.788378E+18  9.693541E+07  7.887158E+08  3.022748E+01  5.847494E-02
    229  4.5756889738714368E-01  0.0000000000000000E+00  0.0000000000000000E+00  5.150953E+09  6.104811E+08  2.822616E+26  1.792332E+18  9.706044E+07  7.892905E+08  3.056037E+01  7.979294E-02
    230  4.5757111889857732E-01  0.0000000000000000E+00  0.0000000000000000E+00  5.160066E+09  6.104301E+08  2.823175E+26  1.793258E+18  9.707053E+07  7.893977E+08  3.063977E+01  8.492303E-02
    231  4.5757556192144461E-01  0.0000000000000000E+00  0.0000000000000000E+00  5.178292E+09  6.103280E+08  2.824234E+26  1.795285E+18  9.707368E+07  7.896033E+08  3.081357E+01  9.639916E-02
    232  4.5758444796717923E-01  0.0000000000000000E+00  0.0000000000000000E+00  5.214744E+09  6.101239E+08  2.826093E+26  1.800041E+18  9.700673E+07  7.899754E+08  3.122753E+01  1.243303E-01
    233  4.5760222005864842E-01  0.0000000000000000E+00  0.0000000000000000E+00  5.287648E+09  6.097157E+08  2.828578E+26  1.812803E+18  9.653686E+07  7.905339E+08  3.238271E+01  2.048030E-01
    234  4.5760577447694228E-01  0.0000000000000000E+00  0.0000000000000000E+00  5.302229E+09  6.096341E+08  2.828855E+26  1.815841E+18  9.638553E+07  7.906127E+08  3.267478E+01  2.233466E-01
    235  4.5761274082289882E-01  0.0000000000000000E+00  0.0000000000000000E+00  5.330806E+09  6.094741E+08  2.829181E+26  1.822424E+18  9.603414E+07  7.907346E+08  3.331237E+01  2.667757E-01
    236  4.5762667351481184E-01  0.0000000000000000E+00  0.0000000000000000E+00  5.387960E+09  6.091540E+08  2.829037E+26  1.837435E+18  9.514255E+07  7.908599E+08  3.484743E+01  3.695036E-01
    237  4.5765453889863794E-01  0.0000000000000000E+00  0.0000000000000000E+00  5.483518E+09  6.084386E+08  2.824343E+26  1.869590E+18  9.290718E+07  7.905363E+08  3.861753E+01  5.966965E-01
    238  4.5769893600323075E-01  0.0000000000000000E+00  0.0000000000000000E+00  5.587907E+09  6.071063E+08  2.819261E+26  1.897193E+18  9.143185E+07  7.905844E+08  4.225519E+01  8.180459E-01
    239  4.5770523083280051E-01  0.0000000000000000E+00  0.0000000000000000E+00  5.602708E+09  6.069174E+08  2.819501E+26  1.899165E+18  9.144852E+07  7.907341E+08  4.248927E+01  8.363880E-01
    240  4.5771782049194010E-01  0.0000000000000000E+00  0.0000000000000000E+00  5.632309E+09  6.065396E+08  2.820580E+26  1.901860E+18  9.161545E+07  7.911227E+08  4.276654E+01  8.652360E-01
    241  4.5774299981021926E-01  0.0000000000000000E+00  0.0000000000000000E+00  5.691512E+09  6.057841E+08  2.824343E+26  1.904221E+18  9.229755E+07  7.921381E+08  4.281146E+01  9.029334E-01
    242  4.5779335844677760E-01  0.0000000000000000E+00  0.0000000000000000E+00  5.809918E+09  6.042729E+08  2.835487E+26  1.902600E+18  9.442169E+07  7.947072E+08  4.180878E+01  9.393562E-01
    243  4.5780187043637266E-01  0.0000000000000000E+00  0.0000000000000000E+00  5.829932E+09  6.040175E+08  2.837687E+26  1.901842E+18  9.484579E+07  7.951887E+08  4.155378E+01  9.430976E-01
    244  4.5781889441556278E-01  0.0000000000000000E+00  0.0000000000000000E+00  5.869960E+09  6.035066E+08  2.842205E+26  1.900127E+18  9.571610E+07  7.961694E+08  4.102333E+01  9.492001E-01
    245  4.5785294237394297E-01  0.0000000000000000E+00  0.0000000000000000E+00  5.950015E+09  6.024849E+08  2.851819E+26  1.895932E+18  9.757100E+07  7.982179E+08  3.985573E+01  9.583802E-01
    246  4.5792103829070341E-01  0.0000000000000000E+00  0.0000000000000000E+00  6.110126E+09  6.004415E+08  2.872940E+26  1.885241E+18  1.016524E+08  8.026008E+08  3.728565E+01  9.702316E-01
    247  4.5793465747405548E-01  0.0000000000000000E+00  0.0000000000000000E+00  6.142148E+09  6.000328E+08  2.878062E+26  1.881900E+18  1.026714E+08  8.036120E+08  3.658706E+01  9.716815E-01
    248  4.5795747917862806E-01  0.0000000000000000E+00  0.0000000000000000E+00  6.195808E+09  5.993480E+08  2.886123E+26  1.877077E+18  1.042497E+08  8.052295E+08  3.560573E+01  9.739320E-01
    249  4.5800312258777320E-01  0.0000000000000000E+00  0.0000000000000000E+00  6.303127E+09  5.979783E+08  2.902926E+26  1.866660E+18  1.075463E+08  8.085683E+08  3.365768E+01  9.775881E-01
    250  4.5801225126960221E-01  0.0000000000000000E+00  0.0000000000000000E+00  6.324591E+09  5.977044E+08  2.906690E+26  1.864014E+18  1.083004E+08  8.092967E+08  3.320556E+01  9.781204E-01
    251  4.5802985150478276E-01  0.0000000000000000E+00  0.0000000000000000E+00  6.365973E+09  5.971762E+08  2.913674E+26  1.859350E+18  1.096843E+08  8.106607E+08  3.242730E+01  9.791602E-01
    252  4.5806505197514386E-01  0.0000000000000000E+00  0.0000000000000000E+00  6.448739E+09  5.961199E+08  2.928103E+26  1.849469E+18  1.125514E+08  8.134591E+08  3.089191E+01  9.809478E-01
    253  4.5813545291586605E-01  0.0000000000000000E+00  0.0000000000000000E+00  6.614269E+09  5.940073E+08  2.959742E+26  1.825843E+18  1.189229E+08  8.194784E+08  2.778058E+01  9.830846E-01
    254  4.5814732222863830E-01  0.0000000000000000E+00  0.0000000000000000E+00  6.642177E+09  5.936512E+08  2.965135E+26  1.821991E+18  1.200018E+08  8.205024E+08  2.731115E+01  9.835434E-01
    255  4.5817106085418274E-01  0.0000000000000000E+00  0.0000000000000000E+00  6.697993E+09  5.929388E+08  2.976535E+26  1.813160E+18  1.223083E+08  8.226433E+08  2.632730E+01  9.840756E-01
    256  4.5821853810527169E-01  0.0000000000000000E+00  0.0000000000000000E+00  6.809624E+09  5.915141E+08  3.000210E+26  1.794377E+18  1.271040E+08  8.270577E+08  2.445348E+01  9.849504E-01
    257  4.5822803355548947E-01  0.0000000000000000E+00  0.0000000000000000E+00  6.831950E+09  5.912292E+08  3.005454E+26  1.789837E+18  1.281890E+08  8.280174E+08  2.404499E+01  9.848341E-01
    258  4.5823998402058425E-01  0.0000000000000000E+00  0.0000000000000000E+00  6.860048E+09  5.908706E+08  3.011783E+26  1.784589E+18  1.294789E+08  8.291842E+08  2.358561E+01  9.848951E-01
    259  4.5826388495077380E-01  0.0000000000000000E+00  0.0000000000000000E+00  6.916246E+09  5.901533E+08  3.024694E+26  1.773776E+18  1.321108E+08  8.315561E+08  2.269119E+01  9.850359E-01
    260  4.5831168681115292E-01  0.0000000000000000E+00  0.0000000000000000E+00  7.028640E+09  5.887189E+08  3.051606E+26  1.750700E+18  1.375967E+08  8.364631E+08  2.099427E+01  9.852497E-01
    261  4.5832124718322875E-01  0.0000000000000000E+00  0.0000000000000000E+00  7.051119E+09  5.884320E+08  3.057366E+26  1.745547E+18  1.387825E+08  8.375012E+08  2.064936E+01  9.851147E-01
    262  4.5834036792738042E-01  0.0000000000000000E+00  0.0000000000000000E+00  7.096077E+09  5.878582E+08  3.068825E+26  1.735382E+18  1.410933E+08  8.395677E+08  2.000103E+01  9.851616E-01
    263  4.5837860941568370E-01  0.0000000000000000E+00  0.0000000000000000E+00  7.185992E+09  5.867107E+08  3.092587E+26  1.713976E+18  1.459413E+08  8.438257E+08  1.876023E+01  9.853994E-01
    264  4.5838625771334435E-01  0.0000000000000000E+00  0.0000000000000000E+00  7.203975E+09  5.864812E+08  3.097520E+26  1.709409E+18  1.469489E+08  8.447041E+08  1.851740E+01  9.851616E-01
    265  4.5839513665673587E-01  0.0000000000000000E+00  0.0000000000000000E+00  7.224852E+09  5.862147E+08  3.103284E+26  1.704102E+18  1.481240E+08  8.457292E+08  1.824118E+01  9.851624E-01
    266  4.5841289454351886E-01  0.0000000000000000E+00  0.0000000000000000E+00  7.266605E+09  5.856819E+08  3.115039E+26  1.693185E+18  1.505200E+08  8.478130E+08  1.769807E+01  9.851989E-01
    267  4.5844841031708489E-01  0.0000000000000000E+00  0.0000000000000000E+00  7.350112E+09  5.846161E+08  3.139461E+26  1.670136E+18  1.554926E+08  8.521148E+08  1.665148E+01  9.854313E-01
    268  4.5851944186421689E-01  0.0000000000000000E+00  0.0000000000000000E+00  7.460260E+09  5.826221E+08  3.169009E+26  1.638219E+18  1.622469E+08  8.578724E+08  1.540080E+01  9.836320E-01
    269  4.5861603409376994E-01  0.0000000000000000E+00  0.0000000000000000E+00  7.456896E+09  5.802810E+08  3.154144E+26  1.637027E+18  1.625705E+08  8.576039E+08  1.535067E+01  9.853754E-01
    270  4.5880921855287604E-01  0.0000000000000000E+00  0.0000000000000000E+00  7.450168E+09  5.755988E+08  3.122641E+26  1.637276E+18  1.627393E+08  8.567887E+08  1.535749E+01  9.853896E-01
    271  4.5919558747108824E-01  0.0000000000000000E+00  0.0000000000000000E+00  7.436713E+09  5.662343E+08  3.059790E+26  1.637915E+18  1.630609E+08  8.551351E+08  1.537649E+01  9.854028E-01
    272  4.5996832530751258E-01  0.0000000000000000E+00  0.0000000000000000E+00  7.409881E+09  5.521139E+08  2.963146E+26  1.640876E+18  1.631582E+08  8.522408E+08  1.547710E+01  9.854265E-01
    273  4.6151380098036132E-01  0.0000000000000000E+00  0.0000000000000000E+00  7.367145E+09  5.320863E+08  2.825802E+26  1.646532E+18  1.630440E+08  8.477992E+08  1.567425E+01  9.854723E-01
    274  4.6460475232605880E-01  0.0000000000000000E+00  0.0000000000000000E+00  7.336599E+09  5.186567E+08  2.733382E+26  1.651715E+18  1.627833E+08  8.445558E+08  1.585064E+01  9.855565E-01
    275  4.7078665501745376E-01  0.0000000000000000E+00  0.0000000000000000E+00  7.338720E+09  5.110121E+08  2.686168E+26  1.651028E+18  1.636084E+08  8.435147E+08  1.578549E+01  9.857231E-01
    276  4.8078665479393634E-01  0.0000000000000000E+00  0.0000000000000000E+00  7.534838E+09  6.033872E+08  3.318916E+26  1.631242E+18  1.636112E+08  8.627278E+08  1.502201E+01  9.859822E-01
    277  4.9078665457041892E-01  0.0000000000000000E+00  0.0000000000000000E+00  7.350719E+09  5.068567E+08  2.655744E+26  1.658502E+18  1.633438E+08  8.421439E+08  1.593464E+01  9.861763E-01
    278  5.0078665434690151E-01  0.0000000000000000E+00  0.0000000000000000E+00  7.099486E+09  4.000530E+08  1.969158E+26  1.683391E+18  1.647043E+08  8.164960E+08  1.689438E+01  9.868004E-01
    279  5.1078665412338409E-01  0.0000000000000000E+00  0.0000000000000000E+00  7.026235E+09  3.722961E+08  1.796214E+26  1.697069E+18  1.642181E+08  8.083964E+08  1.746079E+01  9.865318E-01
    280  5.2078665389986667E-01  0.0000000000000000E+00  0.0000000000000000E+00  6.908425E+09  3.317416E+08  1.553029E+26  1.711127E+18  1.646448E+08  7.964153E+08  1.809288E+01  9.867462E-01
    281  5.3078665367634925E-01  0.0000000000000000E+00  0.0000000000000000E+00  6.758349E+09  2.880174E+08  1.299081E+26  1.729099E+18  1.648893E+08  7.818599E+08  1.899187E+01  9.868970E-01
    282  5.4078665345283183E-01  0.0000000000000000E+00  0.0000000000000000E+00  6.631975E+09  2.530357E+08  1.104697E+26  1.744677E+18  1.654429E+08  7.693373E+08  1.984867E+01  9.870184E-01
    283  5.5078665322931442E-01  0.0000000000000000E+00  0.0000000000000000E+00  6.498589E+09  2.230911E+08  9.426243E+25  1.760942E+18  1.655705E+08  7.569684E+08  2.084101E+01  9.872302E-01
    284  5.6078665300579700E-01  0.0000000000000000E+00  0.0000000000000000E+00  6.367171E+09  1.943377E+08  7.942550E+25  1.775734E+18  1.665183E+08  7.446120E+08  2.183552E+01  9.874345E-01
    285  5.7078665278227958E-01  0.0000000000000000E+00  0.0000000000000000E+00  6.223697E+09  1.684848E+08  6.647479E+25  1.792594E+18  1.670508E+08  7.317387E+08  2.310666E+01  9.877473E-01
    286  5.8078665255876216E-01  0.0000000000000000E+00  0.0000000000000000E+00  6.082148E+09  1.464492E+08  5.582951E+25  1.809021E+18  1.675937E+08  7.194125E+08  2.450108E+01  9.881667E-01
    287  5.8654596999999997E-01  0.0000000000000000E+00  0.0000000000000000E+00  6.005209E+09  1.358978E+08  5.085185E+25  1.818574E+18  1.676841E+08  7.128167E+08  2.539136E+01  9.887064E-01
