                           time                    temp                     den                    ener                    sdot                   sneut                   s-snu                      ye                   1-sum
      1  1.0175522000000001E-04  1.0026310000000000E+09  2.0517198000000000E+09  1.638951E+18  3.299081E+16  0.000000E+00  3.299081E+16  5.000000E-01  0.000000E+00  4.718750E+02  1.430322E-14
      2  1.0175522001017553E-04  1.0026310000000269E+09  2.0517198000000026E+09  1.638951E+18  3.301011E+16  0.000000E+00  3.301011E+16  5.000000E-01  1.110223E-16 -1.290950E+12 -3.910773E-05
      3  1.0175522003052657E-04  1.0026310000000808E+09  2.0517198000000076E+09  1.638951E+18  3.304858E+16  0.000000E+00  3.304858E+16  5.000000E-01  3.330669E-16 -3.864842E+12 -1.169443E-04
      4  1.0175522007122866E-04  1.0026310000001886E+09  2.0517198000000179E+09  1.638951E+18  3.312504E+16  0.000000E+00  3.312504E+16  5.000000E-01  4.440892E-16 -8.980746E+12 -2.711165E-04
      5  1.0175522015263284E-04  1.0026310000004040E+09  2.0517198000000381E+09  1.638951E+18  3.327609E+16  0.000000E+00  3.327609E+16  5.000000E-01  3.330669E-16 -1.908626E+13 -5.735728E-04
      6  1.0175522031544119E-04  1.0026310000008349E+09  2.0517198000000789E+09  1.638951E+18  3.357076E+16  0.000000E+00  3.357076E+16  5.000000E-01  2.220446E-16 -3.880176E+13 -1.155820E-03
      7  1.0175522064105789E-04  1.0026310000016968E+09  2.0517198000001605E+09  1.638951E+18  3.413162E+16  0.000000E+00  3.413162E+16  5.000000E-01  4.440892E-16 -7.632561E+13 -2.236214E-03
      8  1.0175522129229130E-04  1.0026310000034206E+09  2.0517198000003233E+09  1.638951E+18  3.514773E+16  0.000000E+00  3.514773E+16  5.000000E-01  0.000000E+00 -1.443085E+14 -4.105769E-03
      9  1.0175522259475811E-04  1.0026310000068681E+09  2.0517198000006490E+09  1.638951E+18  3.681728E+16  0.000000E+00  3.681728E+16  5.000000E-01  0.000000E+00 -2.560091E+14 -6.953504E-03
     10  1.0175522519969174E-04  1.0026310000137632E+09  2.0517198000013008E+09  1.638951E+18  3.908156E+16  0.000000E+00  3.908156E+16  5.000000E-01  0.000000E+00 -4.074973E+14 -1.042684E-02
     11  1.0175523040955900E-04  1.0026310000275533E+09  2.0517198000026040E+09  1.638951E+18  4.120247E+16  0.000000E+00  4.120247E+16  5.000000E-01  2.220446E-16 -5.493860E+14 -1.333381E-02
     12  1.0175524082929354E-04  1.0026310000551337E+09  2.0517198000052106E+09  1.638951E+18  4.219312E+16  0.000000E+00  4.219312E+16  5.000000E-01  0.000000E+00 -6.156373E+14 -1.459094E-02
     13  1.0175526166876259E-04  1.0026310001102942E+09  2.0517198000104237E+09  1.638951E+18  4.231795E+16  0.000000E+00  4.231795E+16  5.000000E-01  0.000000E+00 -6.239296E+14 -1.474385E-02
     14  1.0175530334770070E-04  1.0026310002206154E+09  2.0517198000208497E+09  1.638951E+18  4.232078E+16  0.000000E+00  4.232078E+16  5.000000E-01  2.220446E-16 -6.239996E+14 -1.474452E-02
     15  1.0175538670557692E-04  1.0026310004412578E+09  2.0517198000417023E+09  1.638951E+18  4.232680E+16  0.000000E+00  4.232680E+16  5.000000E-01  2.220446E-16 -6.241636E+14 -1.474630E-02
     16  1.0175555342132937E-04  1.0026310008825426E+09  2.0517198000834069E+09  1.638951E+18  4.233883E+16  0.000000E+00  4.233883E+16  5.000000E-01  1.110223E-16 -6.244916E+14 -1.474986E-02
     17  1.0175588685283427E-04  1.0026310017651120E+09  2.0517198001668165E+09  1.638951E+18  4.236288E+16  0.000000E+00  4.236288E+16  5.000000E-01  1.110223E-16 -6.251475E+14 -1.475696E-02
     18  1.0175655371584406E-04  1.0026310035302510E+09  2.0517198003336353E+09  1.638951E+18  4.241098E+16  0.000000E+00  4.241098E+16  5.000000E-01  1.110223E-16 -6.264586E+14 -1.477114E-02
     19  1.0175788744186364E-04  1.0026310070605290E+09  2.0517198006672730E+09  1.638951E+18  4.250708E+16  0.000000E+00  4.250708E+16  5.000000E-01  1.110223E-16 -6.290783E+14 -1.479938E-02
     20  1.0176055489390281E-04  1.0026310141210849E+09  2.0517198013345487E+09  1.638951E+18  4.269894E+16  0.000000E+00  4.269894E+16  5.000000E-01  0.000000E+00 -6.343070E+14 -1.485533E-02
     21  1.0176588979798114E-04  1.0026310282421968E+09  2.0517198026690998E+09  1.638951E+18  4.308098E+16  0.000000E+00  4.308098E+16  5.000000E-01  1.110223E-16 -6.447133E+14 -1.496515E-02
     22  1.0177655960613782E-04  1.0026310564844207E+09  2.0517198053382025E+09  1.638951E+18  4.383364E+16  0.000000E+00  4.383364E+16  5.000000E-01  3.330669E-16 -6.652065E+14 -1.517571E-02
     23  1.0179789922245117E-04  1.0026311129688683E+09  2.0517198106764073E+09  1.638951E+18  4.525557E+16  0.000000E+00  4.525557E+16  5.000000E-01  0.000000E+00 -7.039643E+14 -1.555531E-02
     24  1.0184057845507785E-04  1.0026312259377633E+09  2.0517198213528171E+09  1.638951E+18  4.776373E+16  0.000000E+00  4.776373E+16  5.000000E-01 -2.220446E-16 -7.725159E+14 -1.617370E-02
     25  1.0192593692033123E-04  1.0026314518755537E+09  2.0517198427056370E+09  1.638951E+18  5.187397E+16  0.000000E+00  5.187397E+16  5.000000E-01  0.000000E+00 -8.849540E+14 -1.705969E-02
     26  1.0209665385083798E-04  1.0026319037511343E+09  2.0517198854112763E+09  1.638951E+18  5.741686E+16  0.000000E+00  5.741686E+16  5.000000E-01 -2.220446E-16 -1.036688E+15 -1.805546E-02
     27  1.0243808771185149E-04  1.0026328075022956E+09  2.0517199708225551E+09  1.638951E+18  6.255101E+16  0.000000E+00  6.255101E+16  5.000000E-01  3.330669E-16 -1.177247E+15 -1.882059E-02
     28  1.0312095543387850E-04  1.0026346150046182E+09  2.0517201416451128E+09  1.638951E+18  6.490424E+16  0.000000E+00  6.490424E+16  5.000000E-01  1.110223E-16 -1.241529E+15 -1.912863E-02
     29  1.0448669087793252E-04  1.0026382300092632E+09  2.0517204832902279E+09  1.638951E+18  6.519875E+16  0.000000E+00  6.519875E+16  5.000000E-01  1.110223E-16 -1.249293E+15 -1.916130E-02
     30  1.0721816176604055E-04  1.0026454600185533E+09  2.0517211665804586E+09  1.638951E+18  6.523365E+16  0.000000E+00  6.523365E+16  5.000000E-01  2.220446E-16 -1.249475E+15 -1.915385E-02
     31  1.1268110354225661E-04  1.0026599200371336E+09  2.0517225331609197E+09  1.638951E+18  6.528266E+16  0.000000E+00  6.528266E+16  5.000000E-01  3.330669E-16 -1.249873E+15 -1.914556E-02
     32  1.2360698709468874E-04  1.0026888400742940E+09  2.0517252663218420E+09  1.638952E+18  6.545673E+16  0.000000E+00  6.545673E+16  5.000000E-01  3.330669E-16 -1.250678E+15 -1.910695E-02
     33  1.4545875419955299E-04  1.0027466801486149E+09  2.0517307326436863E+09  1.638954E+18  6.564676E+16  0.000000E+00  6.564676E+16  5.000000E-01 -4.440892E-16 -1.252272E+15 -1.907592E-02
     34  1.8916228840928150E-04  1.0028623602972567E+09  2.0517416652873750E+09  1.638956E+18  6.619590E+16  0.000000E+00  6.619590E+16  5.000000E-01 -4.440892E-16 -1.255492E+15 -1.896632E-02
     35  2.7656935682873854E-04  1.0030936376634958E+09  2.0517618762599940E+09  1.638962E+18  6.704037E+16  0.000000E+00  6.704037E+16  5.000000E-01 -2.220446E-16 -1.261925E+15 -1.882335E-02
     36  4.5138349366765263E-04  1.0035558795489148E+09  2.0517969908678210E+09  1.638974E+18  6.886332E+16  0.000000E+00  6.886332E+16  5.000000E-01 -6.661338E-16 -1.274900E+15 -1.851349E-02
     37  8.0101176734548069E-04  1.0044800201126952E+09  2.0518484209894333E+09  1.638999E+18  7.175879E+16  0.000000E+00  7.175879E+16  5.000000E-01 -4.440892E-16 -1.301131E+15 -1.813200E-02
     38  1.5002683147011370E-03  1.0063357194567921E+09  2.0519030173923433E+09  1.639051E+18  7.723902E+16  0.000000E+00  7.723902E+16  5.000000E-01 -6.661338E-16 -1.355287E+15 -1.754666E-02
     39  2.8987814094124497E-03  1.0100788550643476E+09  2.0518335729847806E+09  1.639166E+18  8.724354E+16  0.000000E+00  8.724354E+16  5.000000E-01 -4.440892E-16 -1.470512E+15 -1.685526E-02
     40  5.6958075988350742E-03  1.0177731717499071E+09  2.0515730470154409E+09  1.639441E+18  1.125091E+17  0.000000E+00  1.125091E+17  5.000000E-01 -3.907985E-14 -1.736306E+15 -1.543259E-02
     41  1.1289859977680325E-02  1.0326458454610995E+09  2.0482130505784326E+09  1.640245E+18  1.872073E+17  0.000000E+00  1.872073E+17  5.000000E-01 -5.583756E-12 -2.368390E+15 -1.265116E-02
     42  2.1289859754162907E-02  1.0602754843027822E+09  2.0427412491746440E+09  1.642860E+18  3.461642E+17  0.000000E+00  3.461642E+17  4.999999E-01 -5.583756E-12 -4.090198E+15 -1.181577E-02
     43  3.1289859530645489E-02  1.0907201407900147E+09  2.0415866276393108E+09  1.647486E+18  5.958961E+17  0.000000E+00  5.958961E+17  4.999997E-01 -5.583978E-12 -7.224744E+15 -1.212417E-02
     44  4.1289859307128071E-02  1.1233249065104668E+09  2.0408161798851388E+09  1.655284E+18  9.922998E+17  0.000000E+00  9.922998E+17  4.999990E-01 -4.080520E-08 -1.252655E+16 -1.262375E-02
     45  5.1289859083610653E-02  1.1580119028378789E+09  2.0394534302151430E+09  1.667884E+18  1.552781E+18  0.000000E+00  1.552781E+18  4.999973E-01 -8.390176E-08 -2.022210E+16 -1.302315E-02
     46  6.1289858860093235E-02  1.1950932284561713E+09  2.0382008278408477E+09  1.686717E+18  2.190901E+18  0.000000E+00  2.190901E+18  4.999935E-01 -1.097458E-07 -2.845310E+16 -1.298694E-02
     47  7.1289858636575817E-02  1.2345776232474985E+09  2.0370367537284644E+09  1.711677E+18  2.650471E+18  0.000000E+00  2.650471E+18  4.999866E-01 -1.038011E-07 -3.168919E+16 -1.195606E-02
     48  8.1289858413058400E-02  1.2766827805938363E+09  2.0366198306639729E+09  1.740570E+18  3.390753E+18  0.000000E+00  3.390753E+18  4.999768E-01 -1.037883E-07 -7.985251E+16 -2.355008E-02
     49  9.1289858189540982E-02  1.3209304477025824E+09  2.0362874967656159E+09  1.769821E+18  1.952446E+18  0.000000E+00  1.952446E+18  4.999657E-01 -1.037860E-07  2.945477E+16  1.508608E-02
     50  1.0128985796602356E-01  1.3662420980546165E+09  2.0358830394916844E+09  1.794833E+18  1.853724E+18  0.000000E+00  1.853724E+18  4.999549E-01 -1.941859E-07 -3.983636E+15 -2.148991E-03
     51  1.1128985774250615E-01  1.4115869666509931E+09  2.0343092627183497E+09  1.812630E+18  1.717176E+18  0.000000E+00  1.717176E+18  4.999458E-01 -2.874023E-06 -4.721925E+16 -2.749820E-02
     52  1.2128985751898873E-01  1.4575920597744830E+09  2.0359491180269923E+09  1.823774E+18  7.391948E+17  0.000000E+00  7.391948E+17  4.999386E-01 -3.562719E-06 -4.311385E+15 -5.832543E-03
     53  1.3128985729547132E-01  1.5022639616294410E+09  2.0372092619243381E+09  1.830136E+18  4.869065E+17  0.000000E+00  4.869065E+17  4.999332E-01 -3.633219E-06 -9.824647E+15 -2.017769E-02
     54  1.4128985707195391E-01  1.5460579254172609E+09  2.0389976412414272E+09  1.833647E+18  2.419643E+17  0.000000E+00  2.419643E+17  4.999287E-01 -3.647124E-06 -2.719951E+15 -1.124113E-02
     55  1.5128985684843649E-01  1.5934691242655847E+09  2.0386384245434606E+09  1.835591E+18  1.450967E+17  0.000000E+00  1.450967E+17  4.999250E-01 -3.652742E-06 -1.959913E+15 -1.350764E-02
     56  1.6128985662491907E-01  1.6862663132803192E+09  2.0373476218936906E+09  1.836941E+18  9.942871E+16  0.000000E+00  9.942871E+16  4.999219E-01 -8.218473E-06 -7.869817E+14 -7.915035E-03
     57  1.7128985640140165E-01  1.7857261492386684E+09  2.0363146406764891E+09  1.837789E+18  2.798400E+16  0.000000E+00  2.798400E+16  4.999194E-01 -1.993015E-05  2.156841E+15  7.707408E-02
     58  1.8128985617788423E-01  1.8912761456537549E+09  2.0350004784202383E+09  1.838246E+18  2.756917E+16  0.000000E+00  2.756917E+16  4.999171E-01 -3.019686E-05  2.470144E+13  8.959808E-04
     59  1.9128985595436682E-01  2.0060114945661500E+09  2.0337676407838254E+09  1.838549E+18  3.468467E+16  0.000000E+00  3.468467E+16  4.999149E-01 -3.060802E-05 -6.998980E+14 -2.017889E-02
     60  2.0128985573084940E-01  2.1345758826483624E+09  2.0316598195725284E+09  1.839099E+18 -1.405016E+16  0.000000E+00 -1.405016E+16  4.999130E-01 -3.154340E-05  1.425144E+16 -1.014326E+00
     61  2.0228985570849767E-01  2.1485660138287244E+09  2.0313904013752463E+09  1.839220E+18  1.335777E+17  0.000000E+00  1.335777E+17  4.999128E-01 -3.170696E-05 -8.708669E+14 -6.519554E-03
     62  2.0330900218314071E-01  2.1630284606375036E+09  2.0311082790571437E+09  1.839370E+18  1.624741E+17  0.000000E+00  1.624741E+17  4.999126E-01 -3.170697E-05 -1.002949E+15 -6.172974E-03
     63  2.0534729513242680E-01  2.1923569844175696E+09  2.0305634477413123E+09  1.839777E+18  2.422595E+17  0.000000E+00  2.422595E+17  4.999122E-01 -3.170697E-05 -1.474575E+15 -6.086755E-03
     64  2.0942388103099899E-01  2.2520879967927461E+09  2.0295382706467774E+09  1.841279E+18  5.336518E+17  0.000000E+00  5.336518E+17  4.999114E-01 -3.170697E-05 -3.311752E+15 -6.205829E-03
     65  2.1023919821071343E-01  2.2641026217920547E+09  2.0293235166252949E+09  1.841746E+18  6.181104E+17  0.000000E+00  6.181104E+17  4.999112E-01 -3.170697E-05 -3.753476E+15 -6.072501E-03
     66  2.1186983257014230E-01  2.2881611591316009E+09  2.0288872330719981E+09  1.842921E+18  8.341789E+17  0.000000E+00  8.341789E+17  4.999108E-01 -3.170697E-05 -5.162918E+15 -6.189222E-03
     67  2.1513110128900007E-01  2.3364679733478670E+09  2.0278898424507847E+09  1.846598E+18  1.488310E+18  0.000000E+00  1.488310E+18  4.999099E-01 -3.170697E-05 -9.951392E+15 -6.686372E-03
     68  2.1578335503277163E-01  2.3461420923425426E+09  2.0276720450309725E+09  1.847616E+18  1.647146E+18  0.000000E+00  1.647146E+18  4.999097E-01 -3.170697E-05 -1.073369E+16 -6.516535E-03
     69  2.1708786252031473E-01  2.3655077102659311E+09  2.0272304693557281E+09  1.850012E+18  2.041005E+18  0.000000E+00  2.041005E+18  4.999092E-01 -3.170697E-05 -1.375499E+16 -6.739321E-03
     70  2.1969687749540093E-01  2.4044143447654309E+09  2.0263323407785342E+09  1.856594E+18  3.085941E+18  0.000000E+00  3.085941E+18  4.999080E-01 -3.170697E-05 -2.317019E+16 -7.508306E-03
     71  2.2021868049041818E-01  2.4124644394993377E+09  2.0261286228835998E+09  1.858257E+18  3.321543E+18  0.000000E+00  3.321543E+18  4.999077E-01 -3.170697E-05 -2.486747E+16 -7.486722E-03
     72  2.2126228648045265E-01  2.4301246911028314E+09  2.0256096139055741E+09  1.862042E+18  3.954348E+18  0.000000E+00  3.954348E+18  4.999071E-01 -3.170697E-05 -3.108393E+16 -7.860698E-03
     73  2.2334949846052160E-01  2.4659874901366382E+09  2.0245211469362304E+09  1.871843E+18  5.529387E+18  0.000000E+00  5.529387E+18  4.999056E-01 -3.170697E-05 -4.943940E+16 -8.941209E-03
     74  2.2752392242065952E-01  2.5356681065633764E+09  2.0221341988529303E+09  1.902643E+18  9.463459E+18  0.000000E+00  9.463459E+18  4.999012E-01 -3.170697E-05 -1.133630E+17 -1.197903E-02
     75  2.2824421573305950E-01  2.5476230406538310E+09  2.0216981644393885E+09  1.909666E+18  1.012886E+19  0.000000E+00  1.012886E+19  4.999003E-01 -3.170697E-05 -1.234982E+17 -1.219271E-02
     76  2.2947966861030242E-01  2.5683123644896359E+09  2.0209607995686970E+09  1.922985E+18  1.144349E+19  0.000000E+00  1.144349E+19  4.998986E-01 -3.170697E-05 -1.515009E+17 -1.323904E-02
     77  2.3193869318002810E-01  2.6101037933556824E+09  2.0194359618586786E+09  1.954343E+18  1.403508E+19  0.000000E+00  1.403508E+19  4.998949E-01 -3.170697E-05 -2.170465E+17 -1.546457E-02
     78  2.3685674231947948E-01  2.6958044017077112E+09  2.0160734878721910E+09  2.032960E+18  1.621933E+19  0.000000E+00  1.621933E+19  4.998877E-01 -3.162407E-05 -2.070519E+17 -1.276575E-02
     79  2.3762676349816367E-01  2.7094480338028836E+09  2.0155535260238030E+09  2.046269E+18  1.727903E+19  0.000000E+00  1.727903E+19  4.998867E-01 -3.162407E-05 -3.122751E+17 -1.807249E-02
     80  2.3915157553685226E-01  2.7366134987332926E+09  2.0145393881264119E+09  2.072449E+18  1.692035E+19  0.000000E+00  1.692035E+19  4.998850E-01 -3.162407E-05 -3.190318E+17 -1.885492E-02
     81  2.4220119961422948E-01  2.7913611338555865E+09  2.0123443578183866E+09  2.121171E+18  1.454149E+19  0.000000E+00  1.454149E+19  4.998823E-01 -3.162407E-05 -2.955480E+17 -2.032446E-02
     82  2.4281112442970493E-01  2.8023197082388062E+09  2.0118656167794607E+09  2.129943E+18  1.406959E+19  0.000000E+00  1.406959E+19  4.998818E-01 -3.162407E-05 -2.811406E+17 -1.998215E-02
     83  2.4403097406065583E-01  2.8241960108631635E+09  2.0109071465783939E+09  2.146264E+18  1.264084E+19  0.000000E+00  1.264084E+19  4.998809E-01 -3.162407E-05 -2.573030E+17 -2.035490E-02
     84  2.4647067332255759E-01  2.8677070006841855E+09  2.0090713570209568E+09  2.173722E+18  9.511780E+18  0.000000E+00  9.511780E+18  4.998793E-01 -3.162407E-05 -2.010195E+17 -2.113374E-02
     85  2.4695861317493795E-01  2.8763640650697589E+09  2.0087162959591303E+09  2.178392E+18  9.308205E+18  0.000000E+00  9.308205E+18  4.998789E-01 -3.162407E-05 -1.986161E+17 -2.133775E-02
     86  2.4791066736864503E-01  2.8931986963064346E+09  2.0080336923744202E+09  2.186762E+18  8.270499E+18  0.000000E+00  8.270499E+18  4.998783E-01 -3.162407E-05 -1.787707E+17 -2.161546E-02
     87  2.4981477575605920E-01  2.9267043066602263E+09  2.0066888217465358E+09  2.200787E+18  6.364245E+18  0.000000E+00  6.364245E+18  4.998770E-01 -3.162407E-05 -1.390962E+17 -2.185588E-02
     88  2.5362299253088755E-01  2.9930234633008981E+09  2.0038961800565853E+09  2.220073E+18  3.744708E+18  0.000000E+00  3.744708E+18  4.998745E-01 -3.162407E-05 -9.255878E+16 -2.471723E-02
     89  2.5420229825047574E-01  3.0030508079962420E+09  2.0034595788955071E+09  2.222206E+18  3.508216E+18  0.000000E+00  3.508216E+18  4.998741E-01 -3.162407E-05 -7.857353E+16 -2.239700E-02
     90  2.5528259574625684E-01  3.0217261948469186E+09  2.0026472796823745E+09  2.225743E+18  3.029040E+18  0.000000E+00  3.029040E+18  4.998733E-01 -3.162407E-05 -7.037467E+16 -2.323333E-02
     91  2.5744319073781902E-01  3.0590119424327788E+09  2.0010294741173334E+09  2.231367E+18  2.292838E+18  0.000000E+00  2.292838E+18  4.998717E-01 -3.162407E-05 -6.117870E+16 -2.668252E-02
     92  2.5787530973613143E-01  3.0664480360793762E+09  2.0007021274219952E+09  2.232298E+18  2.090296E+18  0.000000E+00  2.090296E+18  4.998714E-01 -3.162407E-05 -4.940798E+16 -2.363684E-02
     93  2.5873954773275631E-01  3.0813136337568760E+09  2.0000406146104102E+09  2.233995E+18  1.854279E+18  0.000000E+00  1.854279E+18  4.998708E-01 -3.162407E-05 -4.486891E+16 -2.419749E-02
     94  2.6046802372600608E-01  3.1110210147237010E+09  1.9986630649101667E+09  2.236824E+18  1.512051E+18  0.000000E+00  1.512051E+18  4.998693E-01 -3.162407E-05 -4.573467E+16 -3.024677E-02
     95  2.6392497571250562E-01  3.1704864218162947E+09  1.9956744431163986E+09  2.240798E+18 -7.877943E+17  0.000000E+00 -7.877943E+17  4.998661E-01 -3.158105E-05  2.682948E+17 -3.405646E-01
     96  2.6892603478851901E-01  3.2575336331673489E+09  1.9914418487352192E+09  2.244092E+18 -2.779539E+18  0.000000E+00 -2.779539E+18  4.998610E-01 -4.048588E-05  2.042355E+17 -7.347819E-02
     97  2.6951205082882573E-01  3.2679274237292986E+09  1.9909515603332088E+09  2.244355E+18  3.849201E+17  0.000000E+00  3.849201E+17  4.998604E-01 -4.799315E-05 -3.935181E+16 -1.022337E-01
     98  2.7039562120314481E-01  3.2836649084117174E+09  1.9902008528372164E+09  2.244718E+18  3.896277E+17  0.000000E+00  3.896277E+17  4.998593E-01 -4.799315E-05 -1.083639E+16 -2.781216E-02
     99  2.7216276195178296E-01  3.3153828817532005E+09  1.9886407841053202E+09  2.245334E+18  3.987365E+17  0.000000E+00  3.987365E+17  4.998572E-01 -4.799315E-05 -2.209875E+16 -5.542194E-02
    100  2.7569704344905926E-01  3.3855874045453405E+09  1.9851675866978991E+09  2.246210E+18  7.757161E+17  0.000000E+00  7.757161E+17  4.998527E-01 -4.799315E-05 -1.231697E+17 -1.587819E-01
    101  2.7640389974851454E-01  3.4059712125154247E+09  1.9841775056810496E+09  2.246345E+18  2.932932E+17  0.000000E+00  2.932932E+17  4.998517E-01 -4.799315E-05 -2.383928E+16 -8.128140E-02
    102  2.7755165742647736E-01  3.4385415162494459E+09  1.9825756552927597E+09  2.246542E+18  3.463538E+17  0.000000E+00  3.463538E+17  4.998501E-01 -4.799315E-05 -3.438304E+16 -9.927145E-02
    103  2.7984717278240295E-01  3.5015119401216307E+09  1.9792463092720544E+09  2.246849E+18  1.957268E+18  0.000000E+00  1.957268E+18  4.998466E-01 -4.799315E-05 -1.936223E+17 -9.892476E-02
    104  2.8025177364235071E-01  3.5122926158113170E+09  1.9786345821966600E+09  2.246893E+18  2.622263E+17  0.000000E+00  2.622263E+17  4.998460E-01 -4.799315E-05 -2.410780E+16 -9.193510E-02
    105  2.8104170520164035E-01  3.5330600302403846E+09  1.9774291008209033E+09  2.246969E+18  1.950996E+17  0.000000E+00  1.950996E+17  4.998447E-01 -4.799315E-05 -2.803097E+16 -1.436752E-01
    106  2.8262156832021967E-01  3.5733677668441286E+09  1.9750401021373248E+09  2.247096E+18  9.351594E+17  0.000000E+00  9.351594E+17  4.998420E-01 -4.799315E-05 -1.589585E+17 -1.699801E-01
    107  2.8578129455737827E-01  3.6481213506504326E+09  1.9705481428338814E+09  2.247275E+18  2.122397E+18  0.000000E+00  2.122397E+18  4.998361E-01 -4.799315E-05 -2.362957E+17 -1.113343E-01
    108  2.9065598420503125E-01  3.7525351130454788E+09  1.9639891774453115E+09  2.247447E+18  3.124881E+20  0.000000E+00  3.124881E+20  4.998237E-01 -1.200379E-04 -7.115112E+17 -2.276922E-03
    109  2.9122403748057724E-01  3.7637403386527886E+09  1.9631917924075928E+09  2.247461E+18 -5.897607E+19  0.000000E+00 -5.897607E+19  4.998221E-01 -1.455491E-04  3.281487E+17 -5.564099E-03
    110  2.9179911803044145E-01  3.7749333024559088E+09  1.9623843258259172E+09  2.247474E+18 -3.906180E+18  0.000000E+00 -3.906180E+18  4.998207E-01 -1.455491E-04  6.671590E+16 -1.707958E-02
    111  2.9257471823245196E-01  3.7896100240446501E+09  1.9612985662553859E+09  2.247495E+18 -3.239266E+17  0.000000E+00 -3.239266E+17  4.998188E-01 -1.455491E-04 -3.626584E+16  1.119570E-01
    112  2.9412591863647303E-01  3.8177895764911542E+09  1.9591195234759059E+09  2.247536E+18  9.214099E+17  0.000000E+00  9.214099E+17  4.998149E-01 -1.455491E-04 -3.387056E+17 -3.675949E-01
    113  2.9722831944451511E-01  3.8692610982886858E+09  1.9545937656465082E+09  2.247626E+18  1.169118E+19  0.000000E+00  1.169118E+19  4.998066E-01 -1.455491E-04 -1.429930E+18 -1.223084E-01
    114  2.9780004285175232E-01  3.8780610024476824E+09  1.9537398826855531E+09  2.247645E+18  3.213968E+17  0.000000E+00  3.213968E+17  4.998050E-01 -1.455491E-04 -4.895005E+16 -1.523041E-01
    115  2.9894348966622675E-01  3.8948643353967023E+09  1.9520438695011604E+09  2.247685E+18 -5.547455E+16  0.000000E+00 -5.547455E+16  4.998017E-01 -1.455491E-04 -8.514205E+16  1.534795E+00
    116  3.0123038329517560E-01  3.9264369689304352E+09  1.9487874403838301E+09  2.247777E+18 -5.731438E+18  0.000000E+00 -5.731438E+18  4.997949E-01 -1.455491E-04 -2.764815E+17  4.823946E-02
    117  3.0168776202096537E-01  3.9323780542642355E+09  1.9481723172097955E+09  2.247796E+18 -1.187197E+17  0.000000E+00 -1.187197E+17  4.997935E-01 -1.455491E-04 -3.478619E+16  2.930111E-01
    118  3.0250904833281789E-01  3.9428425053172255E+09  1.9470851429080186E+09  2.247834E+18 -5.319003E+17  0.000000E+00 -5.319003E+17  4.997909E-01 -1.455491E-04  1.902252E+16 -3.576332E-02
    119  3.0415162095652293E-01  3.9627081482017341E+09  1.9449708248199229E+09  2.247916E+18 -3.895155E+18  0.000000E+00 -3.895155E+18  4.997856E-01 -1.455491E-04  6.544788E+16 -1.680238E-02
    120  3.0448013548126396E-01  3.9665136548142309E+09  1.9445515383605328E+09  2.247934E+18  1.621141E+15  0.000000E+00  1.621141E+15  4.997846E-01 -1.455491E-04 -7.911414E+15 -4.880153E+00
    121  3.0513716453074596E-01  3.9812147106065001E+09  1.9433811105280316E+09  2.247968E+18  2.192312E+18  0.000000E+00  2.192312E+18  4.997824E-01 -1.455491E-04 -2.093035E+17 -9.547156E-02
    122  3.0645122262971003E-01  4.0275063638335195E+09  1.9402372557273128E+09  2.248047E+18  2.626422E+19  0.000000E+00  2.626422E+19  4.997778E-01 -1.455491E-04 -3.923583E+18 -1.493889E-01
    123  3.0671403424950283E-01  4.0374805954743104E+09  1.9395650843729362E+09  2.248065E+18 -8.486357E+17  0.000000E+00 -8.486357E+17  4.997768E-01 -1.455491E-04 -1.382139E+17  1.628660E-01
    124  3.0715558158516865E-01  4.0542382084359326E+09  1.9384357755894442E+09  2.248099E+18 -2.543733E+18  0.000000E+00 -2.543733E+18  4.997752E-01 -1.455491E-04 -9.546452E+16  3.752930E-02
    125  3.0803867625650028E-01  4.0871129954735537E+09  1.9361792201718941E+09  2.248180E+18 -2.965443E+19  0.000000E+00 -2.965443E+19  4.997717E-01 -1.455491E-04 -4.976511E+17  1.678168E-02
    126  3.0821529519076662E-01  4.0935978366401620E+09  1.9357282068133090E+09  2.248198E+18 -1.501878E+18  0.000000E+00 -1.501878E+18  4.997710E-01 -1.455491E-04 -8.010609E+16  5.333729E-02
    127  3.0846019452928231E-01  4.1024767439525189E+09  1.9351032087805107E+09  2.248225E+18 -5.594012E+17  0.000000E+00 -5.594012E+17  4.997699E-01 -1.455491E-04 -9.529001E+15  1.703429E-02
    128  3.0894999320631372E-01  4.1202345585772357E+09  1.9338532127149141E+09  2.248285E+18 -5.698625E+18  0.000000E+00 -5.698625E+18  4.997679E-01 -1.455491E-04  5.175155E+16 -9.081411E-03
    129  3.0992959056037656E-01  4.1548215690524502E+09  1.9313577233790910E+09  2.248429E+18 -6.257169E+19  0.000000E+00 -6.257169E+19  4.997635E-01 -1.455491E-04  8.006705E+17 -1.279605E-02
    130  3.1012551003118910E-01  4.1615503543267307E+09  1.9308601895109322E+09  2.248461E+18 -2.223963E+18  0.000000E+00 -2.223963E+18  4.997626E-01 -1.455491E-04 -1.684368E+17  7.573724E-02
    131  3.1036844957460780E-01  4.1698940274466944E+09  1.9302432490390916E+09  2.248504E+18 -9.232201E+17  0.000000E+00 -9.232201E+17  4.997614E-01 -1.455491E-04  3.774560E+15 -4.088472E-03
    132  3.1085432866144513E-01  4.1864338677799158E+09  1.9290112058671403E+09  2.248598E+18 -7.919626E+18  0.000000E+00 -7.919626E+18  4.997590E-01 -1.455491E-04  1.818914E+17 -2.296718E-02
    133  3.1182608683511981E-01  4.2185083798620257E+09  1.9265605498845239E+09  2.248823E+18 -7.290688E+19  0.000000E+00 -7.290688E+19  4.997541E-01 -1.455491E-04  1.416178E+18 -1.942448E-02
    134  3.1376960318246916E-01  4.2790909265626092E+09  1.9217270316838374E+09  2.249453E+18  6.162182E+18  0.000000E+00  6.162182E+18  4.997430E-01 -1.455491E-04 -5.299977E+18 -8.600811E-01
    135  3.1403398428364609E-01  4.2870110376549468E+09  1.9210770422948093E+09  2.249569E+18 -1.243054E+19  0.000000E+00 -1.243054E+19  4.997413E-01 -1.455491E-04  8.039621E+17 -6.467639E-02
    136  3.1438917755885393E-01  4.2973805821651373E+09  1.9202122885467463E+09  2.249729E+18  2.557199E+17  0.000000E+00  2.557199E+17  4.997391E-01 -1.455491E-04 -2.831408E+17 -1.107230E+00
    137  3.1509956410926959E-01  4.3176957402339373E+09  1.9184971217669520E+09  2.250092E+18 -5.620191E+18  0.000000E+00 -5.620191E+18  4.997344E-01 -1.455491E-04 -2.161190E+18  3.845403E-01
    138  3.1652033721010098E-01  4.3557882318195448E+09  1.9151915570412829E+09  2.251002E+18 -3.007483E+19  0.000000E+00 -3.007483E+19  4.997241E-01 -1.455491E-04 -9.978032E+18  3.317735E-01
    139  3.1679497126347456E-01  4.3629096506222286E+09  1.9145669413711617E+09  2.251208E+18  5.571120E+17  0.000000E+00  5.571120E+17  4.997219E-01 -1.455491E-04 -7.963082E+17 -1.429350E+00
    140  3.1727211499144442E-01  4.3746316599364929E+09  1.9135233455637226E+09  2.251592E+18 -1.188570E+19  0.000000E+00 -1.188570E+19  4.997180E-01 -1.455491E-04  2.663406E+16 -2.240849E-03
    141  3.1822640244738409E-01  4.3971636990605803E+09  1.9114934137500308E+09  2.252458E+18 -2.375934E+20  0.000000E+00 -2.375934E+20  4.997098E-01 -1.455491E-04  7.610257E+18 -3.203059E-02
    142  3.1841725993857201E-01  4.4015536712976398E+09  1.9110947379447923E+09  2.252647E+18 -1.064004E+19  0.000000E+00 -1.064004E+19  4.997080E-01 -1.455491E-04  6.689662E+16 -6.287254E-03
    143  3.1869670728625704E-01  4.4076837387283869E+09  1.9105271092900674E+09  2.252933E+18 -4.565796E+18  0.000000E+00 -4.565796E+18  4.997054E-01 -1.455491E-04  1.256284E+17 -2.751512E-02
    144  3.1925560198162711E-01  4.4196264419750071E+09  1.9094090250763187E+09  2.253538E+18 -4.560641E+19  0.000000E+00 -4.560641E+19  4.996999E-01 -1.455491E-04  1.506782E+18 -3.303882E-02
    145  3.2037339137236726E-01  4.4416672100432138E+09  1.9072456165668116E+09  2.254879E+18 -7.596774E+20  0.000000E+00 -7.596774E+20  4.996880E-01 -1.455491E-04  2.486569E+19 -3.273190E-02
    146  3.2260897015384754E-01  4.4784200158949881E+09  1.9030661096830862E+09  2.258023E+18  1.402117E+22  0.000000E+00  1.402117E+22  4.996594E-01 -1.455491E-04 -4.088440E+20 -2.915905E-02
    147  3.2293478052032598E-01  4.4830972157080536E+09  1.9024613155612831E+09  2.258534E+18  7.581481E+20  0.000000E+00  7.581481E+20  4.996546E-01 -1.455491E-04 -8.623559E+18 -1.137450E-02
    148  3.2345859282284289E-01  4.4898243528659239E+09  1.9014883832407088E+09  2.259366E+18  3.429470E+19  0.000000E+00  3.429470E+19  4.996465E-01 -1.455491E-04  1.216515E+18  3.547240E-02
    149  3.2450621742787672E-01  4.5019474658840704E+09  1.8995443984451888E+09  2.261095E+18 -6.268320E+20  0.000000E+00 -6.268320E+20  4.996291E-01 -1.455491E-04  2.478238E+19 -3.953592E-02
    150  3.2660146663794437E-01  4.5220038267997122E+09  1.8955562652510092E+09  2.264726E+18  5.349456E+21  0.000000E+00  5.349456E+21  4.995881E-01 -1.455491E-04 -8.642794E+19 -1.615640E-02
    151  3.2701964652487009E-01  4.5307291697134237E+09  1.8944916927538979E+09  2.265496E+18  4.007621E+20  0.000000E+00  4.007621E+20  4.995789E-01 -1.455491E-04 -6.575591E+18 -1.640772E-02
    152  3.2785600629872158E-01  4.5567815043520479E+09  1.8919365287566350E+09  2.267184E+18  6.832741E+19  0.000000E+00  6.832741E+19  4.995591E-01 -1.455491E-04 -3.795107E+19 -5.554296E-01
    153  3.2952872584642456E-01  4.6170053702487068E+09  1.8864057172085650E+09  2.271737E+18  4.058545E+22  0.000000E+00  4.058545E+22  4.995122E-01 -1.455491E-04 -2.561244E+21 -6.310744E-02
    154  3.2976582607475230E-01  4.6255061812723255E+09  1.8856221623702407E+09  2.272539E+18  1.957695E+21  0.000000E+00  1.957695E+21  4.995046E-01 -1.455491E-04 -7.054464E+19 -3.603453E-02
    155  3.3013761003983277E-01  4.6387711004678516E+09  1.8843965104255178E+09  2.273875E+18  4.847095E+19  0.000000E+00  4.847095E+19  4.994920E-01 -1.455491E-04 -1.591564E+19 -3.283543E-01
    156  3.3088117796999367E-01  4.6651564190578375E+09  1.8819520353723230E+09  2.276874E+18 -3.869175E+21  0.000000E+00 -3.869175E+21  4.994644E-01 -1.455491E-04  4.754230E+19 -1.228745E-02
    157  3.3236831383031551E-01  4.7167420985811348E+09  1.8771244624464097E+09  2.284301E+18  8.682658E+22  0.000000E+00  8.682658E+22  4.993973E-01 -1.455491E-04 -6.157845E+21 -7.092120E-02
    158  3.3258443217887762E-01  4.7241527027824440E+09  1.8764274770394082E+09  2.285556E+18  4.483425E+21  0.000000E+00  4.483425E+21  4.993859E-01 -1.455491E-04 -2.121685E+20 -4.732286E-02
    159  3.3296191628926142E-01  4.7367653637014961E+09  1.8752273600123398E+09  2.287850E+18  3.763744E+19  0.000000E+00  3.763744E+19  4.993651E-01 -1.455491E-04 -4.171025E+19 -1.108212E+00
    160  3.3371688451002901E-01  4.7617034333216410E+09  1.8728415720498314E+09  2.292853E+18 -7.486008E+21  0.000000E+00 -7.486008E+21  4.993188E-01 -1.455491E-04  7.753186E+19 -1.035690E-02
    161  3.3522682095156425E-01  4.8091418793154469E+09  1.8681806219299881E+09  2.304390E+18  1.439413E+23  0.000000E+00  1.439413E+23  4.992055E-01 -1.455491E-04 -1.351279E+22 -9.387707E-02
    162  3.3747258466979757E-01  4.8706190892173214E+09  1.8615277535017369E+09  2.324050E+18 -1.401686E+22  0.000000E+00 -1.401686E+22  4.989760E-01 -1.455491E-04 -8.981869E+21  6.407902E-01
    163  3.4055914086106881E-01  4.9336065625789709E+09  1.8530112719042919E+09  2.350345E+18  1.107014E+23  0.000000E+00  1.107014E+23  4.985343E-01 -1.455491E-04  5.147218E+21  4.649641E-02
    164  3.4094595499440755E-01  4.9391536921868753E+09  1.8520219866674039E+09  2.353280E+18  1.763878E+21  0.000000E+00  1.763878E+21  4.984696E-01 -1.455491E-04  7.200450E+20  4.082170E-01
    165  3.4156103670063126E-01  4.9475257564132633E+09  1.8504635014689047E+09  2.357712E+18 -1.860611E+20  0.000000E+00 -1.860611E+20  4.983632E-01 -1.455491E-04 -1.796748E+20  9.656763E-01
    166  3.4279120011307873E-01  4.9654727462308760E+09  1.8472858632656181E+09  2.365719E+18  3.460312E+21  0.000000E+00  3.460312E+21  4.981385E-01 -1.455491E-04  2.249716E+20  6.501485E-02
    167  3.4303723279556825E-01  4.9702035026882143E+09  1.8466069556247187E+09  2.367224E+18  1.791130E+19  0.000000E+00  1.791130E+19  4.980917E-01 -1.455491E-04  1.763439E+18  9.845403E-02
    168  3.4352929816054723E-01  4.9803183456052933E+09  1.8452198466379628E+09  2.370160E+18  5.113873E+19  0.000000E+00  5.113873E+19  4.979966E-01 -1.455491E-04 -1.171755E+20 -2.291327E+00
    169  3.4451342889050518E-01  5.0103626386459627E+09  1.8419195421058302E+09  2.375778E+18  3.666876E+22  0.000000E+00  3.666876E+22  4.978089E-01 -1.455491E-04 -1.754114E+22 -4.783676E-01
    170  3.4591253223023072E-01  5.0689041527268867E+09  1.8363782229837921E+09  2.383234E+18  6.944249E+22  0.000000E+00  6.944249E+22  4.977201E-01 -1.455491E-04 -1.052957E+22 -1.516301E-01
    171  3.4834208207916462E-01  5.1702659742359076E+09  1.8268720013497710E+09  2.396203E+18 -3.989265E+23  0.000000E+00 -3.989265E+23  4.975464E-01 -1.455492E-04  4.051007E+22 -1.015477E-01
    172  3.4867765145633595E-01  5.1840190971054411E+09  1.8255903207622147E+09  2.397832E+18 -1.403341E+22  0.000000E+00 -1.403341E+22  4.975206E-01 -1.455492E-04  1.951761E+21 -1.390796E-01
    173  3.4934879021067861E-01  5.2114047524864864E+09  1.8230430461197035E+09  2.400804E+18  3.300355E+21  0.000000E+00  3.300355E+21  4.974675E-01 -1.455492E-04 -2.098024E+21 -6.356964E-01
    174  3.5069106771936392E-01  5.2649430023518753E+09  1.8180819783405344E+09  2.405850E+18  5.200542E+22  0.000000E+00  5.200542E+22  4.973570E-01 -1.455492E-04 -1.544747E+22 -2.970358E-01
    175  3.5337562273673451E-01  5.3657225662285318E+09  1.8084507944525204E+09  2.412983E+18 -4.808033E+23  0.000000E+00 -4.808033E+23  4.971218E-01 -1.455491E-04  6.637045E+22 -1.380408E-01
    176  3.5376634814225982E-01  5.3796074995560799E+09  1.8070478818849711E+09  2.413796E+18 -1.647344E+22  0.000000E+00 -1.647344E+22  4.970863E-01 -1.455491E-04  2.589808E+21 -1.572112E-01
    177  3.5454779895331046E-01  5.4062030331311512E+09  1.8042024686107619E+09  2.415238E+18  3.700988E+21  0.000000E+00  3.700988E+21  4.970147E-01 -1.455491E-04 -1.441893E+21 -3.895969E-01
    178  3.5611070057541167E-01  5.4554601777380524E+09  1.7983957893835094E+09  2.417705E+18  2.484558E+22  0.000000E+00  2.484558E+22  4.968689E-01 -1.455492E-04 -8.418028E+21 -3.388139E-01
    179  3.5923650381961408E-01  5.5501669970276880E+09  1.7857311388576252E+09  2.421257E+18 -1.318254E+23  0.000000E+00 -1.318254E+23  4.965704E-01 -1.455492E-04  2.309078E+22 -1.751618E-01
    180  3.5975237307453528E-01  5.5717807640258512E+09  1.7831491654224217E+09  2.421702E+18 -9.863867E+21  0.000000E+00 -9.863867E+21  4.965204E-01 -1.455492E-04  1.718197E+21 -1.741910E-01
    181  3.6072553546588870E-01  5.6138346780881901E+09  1.7782249821764510E+09  2.422416E+18  3.607752E+22  0.000000E+00  3.607752E+22  4.964255E-01 -1.455492E-04 -6.090086E+21 -1.688055E-01
    182  3.6267186024859555E-01  5.7021318513174915E+09  1.7683087872122250E+09  2.423607E+18  1.637328E+23  0.000000E+00  1.637328E+23  4.962333E-01 -1.455492E-04 -7.806426E+21 -4.767783E-02
    183  3.6304553857435534E-01  5.7195611056515083E+09  1.7664143775404110E+09  2.423785E+18  2.821861E+22  0.000000E+00  2.821861E+22  4.961960E-01 -1.455492E-04 -3.220764E+21 -1.141362E-01
    184  3.6379289522587499E-01  5.7545761627081032E+09  1.7626319203030481E+09  2.424120E+18  4.085461E+22  0.000000E+00  4.085461E+22  4.961210E-01 -1.455492E-04 -4.485892E+21 -1.098014E-01
    185  3.6528760852891423E-01  5.8249886351361494E+09  1.7550729989629188E+09  2.424632E+18  2.588994E+23  0.000000E+00  2.588994E+23  4.959697E-01 -1.455492E-04 -1.073049E+22 -4.144658E-02
    186  3.6558655118952210E-01  5.8389885688939209E+09  1.7535514845101190E+09  2.424696E+18  2.685775E+22  0.000000E+00  2.685775E+22  4.959392E-01 -1.455492E-04 -3.301604E+21 -1.229293E-01
    187  3.6618443651073779E-01  5.8669200915871172E+09  1.7505048753649704E+09  2.424818E+18  3.292693E+22  0.000000E+00  3.292693E+22  4.958779E-01 -1.455492E-04 -2.653353E+21 -8.058307E-02
    188  3.6738020715316921E-01  5.9216566811514826E+09  1.7443652563377440E+09  2.424973E+18  2.472783E+23  0.000000E+00  2.472783E+23  4.957547E-01 -1.455492E-04 -1.117378E+22 -4.518706E-02
    189  3.6977174843803201E-01  6.0259289533231773E+09  1.7320709491588259E+09  2.425018E+18  1.139853E+24  0.000000E+00  1.139853E+24  4.955052E-01 -1.455493E-04  2.265699E+23  1.987711E-01
    190  3.7020552810401247E-01  6.0437654857921190E+09  1.7298587739150181E+09  2.424963E+18  1.376645E+23  0.000000E+00  1.376645E+23  4.954596E-01 -1.455493E-04 -3.709480E+21 -2.694581E-02
    191  3.7107308743597345E-01  6.0780411595778246E+09  1.7253130444672275E+09  2.424852E+18  1.626671E+23  0.000000E+00  1.626671E+23  4.953681E-01 -1.455492E-04 -3.602830E+21 -2.214849E-02
    192  3.7280820609989540E-01  6.1474019589928970E+09  1.7157998906850111E+09  2.424388E+18  1.515737E+24  0.000000E+00  1.515737E+24  4.951843E-01 -1.455493E-04  5.629094E+22  3.713767E-02
    193  3.7627844342773931E-01  6.2986724980620012E+09  1.6955620992192008E+09  2.422042E+18 -1.923514E+25  0.000000E+00 -1.923514E+25  4.948138E-01 -1.455491E-04  3.559303E+24 -1.850418E-01
    194  3.7674824651586170E-01  6.3197951526152420E+09  1.6927165356291354E+09  2.421595E+18 -8.598300E+23  0.000000E+00 -8.598300E+23  4.947634E-01 -1.455492E-04  1.366655E+23 -1.589448E-01
    195  3.7765126229441665E-01  6.3605210857788849E+09  1.6871765202868197E+09  2.420688E+18  6.633161E+23  0.000000E+00  6.633161E+23  4.946662E-01 -1.455492E-04  8.049594E+20  1.213538E-03
    196  3.7945729385152660E-01  6.4417344659828682E+09  1.6759459056183250E+09  2.418648E+18  7.399383E+24  0.000000E+00  7.399383E+24  4.944714E-01 -1.455492E-04  1.521218E+23  2.055872E-02
    197  3.8306935696574645E-01  6.5849890091342573E+09  1.6543586100550308E+09  2.414425E+18 -8.244750E+23  0.000000E+00 -8.244750E+23  4.940801E-01 -1.455506E-04  6.313793E+24 -7.657955E+00
    198  3.8363032482655673E-01  6.6055541801794586E+09  1.6510185772440567E+09  2.413759E+18 -2.608046E+23  0.000000E+00 -2.608046E+23  4.940193E-01 -1.455506E-04  2.005723E+23 -7.690519E-01
    199  3.8471677767216755E-01  6.6466623141779432E+09  1.6443749250522892E+09  2.412335E+18  1.376772E+24  0.000000E+00  1.376772E+24  4.939017E-01 -1.455506E-04 -6.487780E+21 -4.712312E-03
    200  3.8688968336338925E-01  6.7339499145056076E+09  1.6301512711614819E+09  2.408895E+18  2.531006E+25  0.000000E+00  2.531006E+25  4.936663E-01 -1.455508E-04  5.121520E+23  2.023512E-02
    201  3.8732426450163360E-01  6.7520490751868238E+09  1.6271879351141574E+09  2.408055E+18  7.752277E+23  0.000000E+00  7.752277E+23  4.936192E-01 -1.455508E-04 -6.553447E+22 -8.453577E-02
    202  3.8804791645562214E-01  6.7831676243304214E+09  1.6221088176810174E+09  2.406618E+18  5.717789E+23  0.000000E+00  5.717789E+23  4.935407E-01 -1.455509E-04 -5.542887E+22 -9.694108E-02
    203  3.8949522036359929E-01  6.8482828916689930E+09  1.6116757186349945E+09  2.403361E+18  9.712444E+24  0.000000E+00  9.712444E+24  4.933834E-01 -1.455511E-04 -2.014405E+23 -2.074046E-02
    204  3.9238982817955359E-01  6.9610221332749205E+09  1.5911932584537604E+09  2.397208E+18 -2.464932E+25  0.000000E+00 -2.464932E+25  4.930681E-01 -1.455506E-04 -6.123895E+24  2.484407E-01
    205  3.9296874974274443E-01  6.9795379425631285E+09  1.5871994158504825E+09  2.396152E+18 -8.223829E+23  0.000000E+00 -8.223829E+23  4.930052E-01 -1.455506E-04 -2.456330E+23  2.986845E-01
    206  3.9361133643618146E-01  7.0001688799551849E+09  1.5827419019193325E+09  2.394953E+18 -5.264156E+23  0.000000E+00 -5.264156E+23  4.929355E-01 -1.455507E-04 -5.278574E+22  1.002739E-01
    207  3.9489650982305546E-01  7.0418181953991184E+09  1.5737432759280038E+09  2.392417E+18  2.682944E+24  0.000000E+00  2.682944E+24  4.927964E-01 -1.455506E-04 -1.142969E+23 -4.260132E-02
    208  3.9746685659680353E-01  7.1278359826137991E+09  1.5555979306947968E+09  2.386617E+18  4.691944E+25  0.000000E+00  4.691944E+25  4.925193E-01 -1.455535E-04  3.524384E+23  7.511564E-03
    209  3.9796501554694108E-01  7.1452673080506163E+09  1.5520350462739687E+09  2.385303E+18  1.191184E+23  0.000000E+00  1.191184E+23  4.924658E-01 -1.455534E-04 -1.599990E+23 -1.343192E+00
    210  3.9895058690156854E-01  7.1808673425346336E+09  1.5448224235036693E+09  2.382558E+18 -1.221493E+24  0.000000E+00 -1.221493E+24  4.923599E-01 -1.455536E-04 -1.584185E+23  1.296925E-01
    211  4.0092172961082345E-01  7.2509634946587343E+09  1.5297232124502268E+09  2.376754E+18  2.364813E+25  0.000000E+00  2.364813E+25  4.921487E-01 -1.455536E-04 -5.207394E+23 -2.202032E-02
    212  4.0486401502933328E-01  7.3858252044923582E+09  1.4984343372067828E+09  2.363914E+18  4.714270E+26  0.000000E+00  4.714270E+26  4.917285E-01 -1.455532E-04  1.140827E+25  2.419945E-02
    213  4.0551726989748144E-01  7.4068219313714991E+09  1.4930769358909335E+09  2.361651E+18  9.258236E+24  0.000000E+00  9.258236E+24  4.916593E-01 -1.455528E-04 -5.846616E+22 -6.315043E-03
    214  4.0682377963377769E-01  7.4467944403255310E+09  1.4823366826423807E+09  2.357299E+18  5.169724E+25  0.000000E+00  5.169724E+25  4.915214E-01 -1.455537E-04 -5.848598E+22 -1.131317E-03
    215  4.0943679910637021E-01  7.5086108174311810E+09  1.4606818308010035E+09  2.350230E+18 -4.800286E+25  0.000000E+00 -4.800286E+25  4.912486E-01 -1.455487E-04 -9.167816E+23  1.909848E-02
    216  4.1466283805155524E-01  7.6159209800539837E+09  1.4178482108272047E+09  2.336432E+18  1.658599E+26  0.000000E+00  1.658599E+26  4.907179E-01 -1.456280E-04  3.533220E+24  2.130244E-02
    217  4.1566283802920351E-01  7.6378349859267626E+09  1.4092109369735494E+09  2.333201E+18 -1.154779E+25  0.000000E+00 -1.154779E+25  4.906187E-01 -1.456285E-04 -2.539867E+23  2.199441E-02
    218  4.1766283798450005E-01  7.6726578563026428E+09  1.3920467393970962E+09  2.327971E+18 -6.951610E+25  0.000000E+00 -6.951610E+25  4.904226E-01 -1.456293E-04 -1.930308E+23  2.776778E-03
    219  4.2166283789509307E-01  7.7441146014765816E+09  1.3564707551485989E+09  2.315954E+18 -3.110024E+27  0.000000E+00 -3.110024E+27  4.900422E-01 -1.456711E-04 -8.133332E+23  2.615199E-04
    220  4.2239687414453769E-01  7.7702205447030449E+09  1.3488869394057260E+09  2.311230E+18 -1.674499E+25  0.000000E+00 -1.674499E+25  4.899735E-01 -1.456763E-04  4.111158E+23 -2.455158E-02
    221  4.2386494664342694E-01  7.8161191819603004E+09  1.3336781857272253E+09  2.302376E+18 -3.460412E+26  0.000000E+00 -3.460412E+26  4.898369E-01 -1.456760E-04  3.808879E+23 -1.100701E-03
    222  4.2680109164120550E-01  7.8564981447528954E+09  1.3059786480262544E+09  2.293848E+18 -1.145271E+27  0.000000E+00 -1.145271E+27  4.895689E-01 -1.456715E-04  4.629512E+24 -4.042285E-03
    223  4.3267338163676261E-01  7.9074947747117062E+09  1.2471945321073048E+09  2.280559E+18 -4.608472E+27  0.000000E+00 -4.608472E+27  4.890626E-01 -1.456732E-04  2.038298E+25 -4.422936E-03
    224  4.4267338141324519E-01  7.9431586781401644E+09  1.1428405393689792E+09  2.263951E+18 -4.606748E+27  0.000000E+00 -4.606748E+27  4.882986E-01 -1.456572E-04  5.866054E+24 -1.273361E-03
    225  4.5267338118972777E-01  8.0805521027464333E+09  1.1190382533621454E+09  2.231382E+18 -3.784153E+27  0.000000E+00 -3.784153E+27  4.875791E-01 -1.463132E-04 -1.117877E+25  2.954100E-03
    226  4.5367338116737604E-01  8.0994760034554577E+09  1.1236271601982369E+09  2.229471E+18 -2.650728E+26  0.000000E+00 -2.650728E+26  4.875108E-01 -1.462881E-04  8.255906E+24 -3.114580E-02
    227  4.5435438237495113E-01  8.1243226126071491E+09  1.1360489678976166E+09  2.226090E+18 -2.274122E+25  0.000000E+00 -2.274122E+25  4.874636E-01 -1.462875E-04  1.629822E+24 -7.166818E-02
    228  4.5571638479010124E-01  8.1671565241197958E+09  1.1585746368617725E+09  2.220255E+18 -3.973927E+26  0.000000E+00 -3.973927E+26  4.873662E-01 -1.462859E-04  1.360043E+24 -3.422415E-03
    229  4.5844038962040146E-01  8.1753377541469460E+09  1.1290387291211116E+09  2.213947E+18 -1.200323E+27  0.000000E+00 -1.200323E+27  4.871700E-01 -1.462688E-04  1.370413E+25 -1.141704E-02
    230  4.6388839928100190E-01  8.0963542956638412E+09  1.0151062644085207E+09  2.213848E+18  1.550420E+27  0.000000E+00  1.550420E+27  4.868360E-01 -1.463081E-04  1.850322E+25  1.193433E-02
    231  4.7388839905748448E-01  8.1186574195698509E+09  9.6886341673655379E+08  2.202047E+18 -9.397302E+27  0.000000E+00 -9.397302E+27  4.862827E-01 -1.461893E-04  8.855152E+25 -9.423079E-03
    232  4.8388839883396706E-01  8.1405206692647486E+09  9.2204754374222612E+08  2.187268E+18 -3.087797E+27  0.000000E+00 -3.087797E+27  4.857288E-01 -1.460775E-04 -2.377495E+25  7.699649E-03
    233  4.9388839861044964E-01  7.7881920728571291E+09  6.7097161383488691E+08  2.220793E+18 -3.426721E+27  0.000000E+00 -3.426721E+27  4.853727E-01 -1.460359E-04  2.296282E+26 -6.701106E-02
    234  5.0388839838693222E-01  7.6984230554180660E+09  6.0630163299911690E+08  2.223314E+18  2.159891E+27  0.000000E+00  2.159891E+27  4.851369E-01 -1.459935E-04 -1.229226E+26 -5.691149E-02
    235  5.1388839816341481E-01  7.5666352019797964E+09  5.2981631642525172E+08  2.235665E+18 -4.182100E+27  0.000000E+00 -4.182100E+27  4.849453E-01 -1.461713E-04 -5.841757E+25  1.396848E-02
    236  5.2388839793989739E-01  7.4244775657351408E+09  4.6116201340842307E+08  2.250638E+18  3.477595E+26  0.000000E+00  3.477595E+26  4.847959E-01 -1.462079E-04  8.060034E+23  2.317704E-03
    237  5.3388839771637997E-01  7.2594005998837852E+09  3.9609279201625788E+08  2.268448E+18 -3.786680E+26  0.000000E+00 -3.786680E+26  4.846820E-01 -1.462260E-04 -2.654255E+25  7.009454E-02
    238  5.4388839749286255E-01  7.0918062825839424E+09  3.3847902310907996E+08  2.287889E+18 -1.742959E+26  0.000000E+00 -1.742959E+26  4.845960E-01 -1.462155E-04 -1.406584E+24  8.070094E-03
    239  5.5388839726934513E-01  6.9405957129780464E+09  2.9333338402420771E+08  2.305676E+18  1.259308E+26  0.000000E+00  1.259308E+26  4.845307E-01 -1.462077E-04  3.710847E+24  2.946735E-02
    240  5.6388839704582772E-01  6.7851239290049429E+09  2.5419371612868404E+08  2.322970E+18 -1.943751E+26  0.000000E+00 -1.943751E+26  4.844804E-01 -1.461966E-04 -1.454590E+25  7.483415E-02
    241  5.7388839682231030E-01  6.6189448535021095E+09  2.1924717429875484E+08  2.342834E+18 -2.235753E+26  0.000000E+00 -2.235753E+26  4.844420E-01 -1.461975E-04 -1.206521E+25  5.396486E-02
    242  5.8388839659879288E-01  6.4602283249986219E+09  1.8865885820912147E+08  2.360817E+18 -3.212488E+25  0.000000E+00 -3.212488E+25  4.844139E-01 -1.461960E-04 -8.761485E+24  2.727321E-01
    243  5.8654596999999997E-01  6.4251993000000000E+09  1.8124975000000000E+08  2.365206E+18  6.481403E+24  0.000000E+00  6.481403E+24  4.844078E-01 -1.461958E-04  5.070472E+23  7.823109E-02
