                           time                     pos                     vel                    temp                     den                    pres                    ener                    entr                      cs
      1  1.0175522000000001E-04  0.0000000000000000E+00  0.0000000000000000E+00  1.002631E+09  2.051720E+09  1.271492E+27  1.638951E+18  6.757439E+07  9.107713E+08  1.371429E+01  2.022900E-26
      2  1.0175522001017553E-04  0.0000000000000000E+00  0.0000000000000000E+00  1.002631E+09  2.051720E+09  1.271492E+27  1.638951E+18  6.757439E+07  9.107713E+08  1.371429E+01  2.022901E-26
      3  1.0175522003052657E-04  0.0000000000000000E+00  0.0000000000000000E+00  1.002631E+09  2.051720E+09  1.271492E+27  1.638951E+18  6.757439E+07  9.107713E+08  1.371429E+01  2.022904E-26
      4  1.0175522007122866E-04  0.0000000000000000E+00  0.0000000000000000E+00  1.002631E+09  2.051720E+09  1.271492E+27  1.638951E+18  6.757439E+07  9.107713E+08  1.371429E+01  2.022909E-26
      5  1.0175522015263284E-04  0.0000000000000000E+00  0.0000000000000000E+00  1.002631E+09  2.051720E+09  1.271492E+27  1.638951E+18  6.757439E+07  9.107713E+08  1.371429E+01  2.022919E-26
      6  1.0175522031544119E-04  0.0000000000000000E+00  0.0000000000000000E+00  1.002631E+09  2.051720E+09  1.271492E+27  1.638951E+18  6.757439E+07  9.107713E+08  1.371429E+01  2.022940E-26
      7  1.0175522064105789E-04  0.0000000000000000E+00  0.0000000000000000E+00  1.002631E+09  2.051720E+09  1.271492E+27  1.638951E+18  6.757439E+07  9.107713E+08  1.371429E+01  2.022982E-26
      8  1.0175522129229130E-04  0.0000000000000000E+00  0.0000000000000000E+00  1.002631E+09  2.051720E+09  1.271492E+27  1.638951E+18  6.757439E+07  9.107713E+08  1.371429E+01  2.023065E-26
      9  1.0175522259475811E-04  0.0000000000000000E+00  0.0000000000000000E+00  1.002631E+09  2.051720E+09  1.271492E+27  1.638951E+18  6.757439E+07  9.107713E+08  1.371429E+01  2.023231E-26
     10  1.0175522519969174E-04  0.0000000000000000E+00  0.0000000000000000E+00  1.002631E+09  2.051720E+09  1.271492E+27  1.638951E+18  6.757439E+07  9.107713E+08  1.371429E+01  2.023564E-26
     11  1.0175523040955900E-04  0.0000000000000000E+00  0.0000000000000000E+00  1.002631E+09  2.051720E+09  1.271492E+27  1.638951E+18  6.757439E+07  9.107713E+08  1.371429E+01  2.024229E-26
     12  1.0175524082929354E-04  0.0000000000000000E+00  0.0000000000000000E+00  1.002631E+09  2.051720E+09  1.271492E+27  1.638951E+18  6.757439E+07  9.107713E+08  1.371429E+01  2.025559E-26
     13  1.0175526166876259E-04  0.0000000000000000E+00  0.0000000000000000E+00  1.002631E+09  2.051720E+09  1.271492E+27  1.638951E+18  6.757439E+07  9.107713E+08  1.371429E+01  2.028219E-26
     14  1.0175530334770070E-04  0.0000000000000000E+00  0.0000000000000000E+00  1.002631E+09  2.051720E+09  1.271492E+27  1.638951E+18  6.757439E+07  9.107713E+08  1.371429E+01  2.033538E-26
     15  1.0175538670557692E-04  0.0000000000000000E+00  0.0000000000000000E+00  1.002631E+09  2.051720E+09  1.271492E+27  1.638951E+18  6.757439E+07  9.107713E+08  1.371429E+01  2.044179E-26
     16  1.0175555342132937E-04  0.0000000000000000E+00  0.0000000000000000E+00  1.002631E+09  2.051720E+09  1.271492E+27  1.638951E+18  6.757439E+07  9.107713E+08  1.371429E+01  2.065468E-26
     17  1.0175588685283427E-04  0.0000000000000000E+00  0.0000000000000000E+00  1.002631E+09  2.051720E+09  1.271492E+27  1.638951E+18  6.757439E+07  9.107713E+08  1.371429E+01  2.108057E-26
     18  1.0175655371584406E-04  0.0000000000000000E+00  0.0000000000000000E+00  1.002631E+09  2.051720E+09  1.271492E+27  1.638951E+18  6.757439E+07  9.107713E+08  1.371429E+01  2.193134E-26
     19  1.0175788744186364E-04  0.0000000000000000E+00  0.0000000000000000E+00  1.002631E+09  2.051720E+09  1.271492E+27  1.638951E+18  6.757439E+07  9.107713E+08  1.371429E+01  2.360462E-26
     20  1.0176055489390281E-04  0.0000000000000000E+00  0.0000000000000000E+00  1.002631E+09  2.051720E+09  1.271492E+27  1.638951E+18  6.757439E+07  9.107713E+08  1.371429E+01  2.676111E-26
     21  1.0176588979798114E-04  0.0000000000000000E+00  0.0000000000000000E+00  1.002631E+09  2.051720E+09  1.271492E+27  1.638951E+18  6.757439E+07  9.107713E+08  1.371429E+01  3.222483E-26
     22  1.0177655960613782E-04  0.0000000000000000E+00  0.0000000000000000E+00  1.002631E+09  2.051720E+09  1.271492E+27  1.638951E+18  6.757439E+07  9.107713E+08  1.371429E+01  4.061289E-26
     23  1.0179789922245117E-04  0.0000000000000000E+00  0.0000000000000000E+00  1.002631E+09  2.051720E+09  1.271492E+27  1.638951E+18  6.757439E+07  9.107713E+08  1.371429E+01  5.204946E-26
     24  1.0184057845507785E-04  0.0000000000000000E+00  0.0000000000000000E+00  1.002631E+09  2.051720E+09  1.271492E+27  1.638951E+18  6.757439E+07  9.107713E+08  1.371429E+01  6.633185E-26
     25  1.0192593692033123E-04  0.0000000000000000E+00  0.0000000000000000E+00  1.002631E+09  2.051720E+09  1.271492E+27  1.638951E+18  6.757440E+07  9.107713E+08  1.371429E+01  8.320713E-26
     26  1.0209665385083798E-04  0.0000000000000000E+00  0.0000000000000000E+00  1.002632E+09  2.051720E+09  1.271492E+27  1.638951E+18  6.757440E+07  9.107714E+08  1.371429E+01  1.025166E-25
     27  1.0243808771185149E-04  0.0000000000000000E+00  0.0000000000000000E+00  1.002633E+09  2.051720E+09  1.271492E+27  1.638951E+18  6.757442E+07  9.107714E+08  1.371429E+01  1.241771E-25
     28  1.0312095543387850E-04  0.0000000000000000E+00  0.0000000000000000E+00  1.002635E+09  2.051720E+09  1.271492E+27  1.638951E+18  6.757445E+07  9.107714E+08  1.371429E+01  1.481114E-25
     29  1.0448669087793252E-04  0.0000000000000000E+00  0.0000000000000000E+00  1.002638E+09  2.051720E+09  1.271492E+27  1.638951E+18  6.757450E+07  9.107714E+08  1.371429E+01  1.741703E-25
     30  1.0721816176604055E-04  0.0000000000000000E+00  0.0000000000000000E+00  1.002645E+09  2.051721E+09  1.271493E+27  1.638951E+18  6.757461E+07  9.107715E+08  1.371430E+01  2.021295E-25
     31  1.1268110354225661E-04  0.0000000000000000E+00  0.0000000000000000E+00  1.002660E+09  2.051723E+09  1.271494E+27  1.638951E+18  6.757484E+07  9.107717E+08  1.371431E+01  2.317715E-25
     32  1.2360698709468874E-04  0.0000000000000000E+00  0.0000000000000000E+00  1.002689E+09  2.051725E+09  1.271497E+27  1.638952E+18  6.757529E+07  9.107721E+08  1.371433E+01  2.629011E-25
     33  1.4545875419955299E-04  0.0000000000000000E+00  0.0000000000000000E+00  1.002747E+09  2.051731E+09  1.271503E+27  1.638954E+18  6.757619E+07  9.107729E+08  1.371437E+01  2.953590E-25
     34  1.8916228840928150E-04  0.0000000000000000E+00  0.0000000000000000E+00  1.002862E+09  2.051742E+09  1.271514E+27  1.638956E+18  6.757798E+07  9.107745E+08  1.371445E+01  3.290163E-25
     35  2.7656935682873854E-04  0.0000000000000000E+00  0.0000000000000000E+00  1.003094E+09  2.051762E+09  1.271535E+27  1.638962E+18  6.758158E+07  9.107776E+08  1.371462E+01  3.637887E-25
     36  4.5138349366765263E-04  0.0000000000000000E+00  0.0000000000000000E+00  1.003556E+09  2.051797E+09  1.271572E+27  1.638974E+18  6.758878E+07  9.107834E+08  1.371495E+01  3.995857E-25
     37  8.0101176734548069E-04  0.0000000000000000E+00  0.0000000000000000E+00  1.004480E+09  2.051848E+09  1.271630E+27  1.638999E+18  6.760321E+07  9.107936E+08  1.371563E+01  4.365005E-25
     38  1.5002683147011370E-03  0.0000000000000000E+00  0.0000000000000000E+00  1.006336E+09  2.051903E+09  1.271708E+27  1.639051E+18  6.763224E+07  9.108104E+08  1.371702E+01  5.610326E-25
     39  2.8987814094124497E-03  0.0000000000000000E+00  0.0000000000000000E+00  1.010079E+09  2.051834E+09  1.271716E+27  1.639166E+18  6.769094E+07  9.108310E+08  1.371997E+01  6.892842E-25
     40  5.6958075988350742E-03  0.0000000000000000E+00  0.0000000000000000E+00  1.017773E+09  2.051573E+09  1.271633E+27  1.639441E+18  6.780940E+07  9.108644E+08  1.372664E+01  8.204664E-25
     41  1.1289859977680325E-02  0.0000000000000000E+00  0.0000000000000000E+00  1.032646E+09  2.048213E+09  1.269104E+27  1.640245E+18  6.803459E+07  9.107165E+08  1.374348E+01  9.495728E-25
     42  2.1289859754162907E-02  0.0000000000000000E+00  0.0000000000000000E+00  1.060275E+09  2.042741E+09  1.265016E+27  1.642860E+18  6.839005E+07  9.104864E+08  1.378898E+01  1.079064E-24
     43  3.1289859530645489E-02  0.0000000000000000E+00  0.0000000000000000E+00  1.090720E+09  2.041587E+09  1.264482E+27  1.647486E+18  6.864446E+07  9.105677E+08  1.386774E+01  1.225335E-24
     44  4.1289859307128071E-02  0.0000000000000000E+00  0.0000000000000000E+00  1.123325E+09  2.040816E+09  1.264187E+27  1.655284E+18  6.871707E+07  9.106464E+08  1.400380E+01  1.380201E-24
     45  5.1289859083610653E-02  0.0000000000000000E+00  0.0000000000000000E+00  1.158012E+09  2.039453E+09  1.263251E+27  1.667884E+18  6.849538E+07  9.106216E+08  1.423146E+01  1.539927E-24
     46  6.1289858860093235E-02  0.0000000000000000E+00  0.0000000000000000E+00  1.195093E+09  2.038201E+09  1.262181E+27  1.686717E+18  6.786990E+07  9.105162E+08  1.458913E+01  1.704669E-24
     47  7.1289858636575817E-02  0.0000000000000000E+00  0.0000000000000000E+00  1.234578E+09  2.037037E+09  1.260925E+27  1.711677E+18  6.681664E+07  9.103148E+08  1.509819E+01  2.109858E-24
     48  8.1289858413058400E-02  0.0000000000000000E+00  0.0000000000000000E+00  1.276683E+09  2.036620E+09  1.260090E+27  1.740570E+18  6.547174E+07  9.100920E+08  1.573662E+01  3.096047E-24
     49  9.1289858189540982E-02  0.0000000000000000E+00  0.0000000000000000E+00  1.320930E+09  2.036287E+09  1.259288E+27  1.769821E+18  6.411099E+07  9.098613E+08  1.642712E+01  4.178301E-24
     50  1.0128985796602356E-01  0.0000000000000000E+00  0.0000000000000000E+00  1.366242E+09  2.035883E+09  1.258600E+27  1.794833E+18  6.305649E+07  9.096929E+08  1.704784E+01  7.536738E-24
     51  1.1128985774250615E-01  0.0000000000000000E+00  0.0000000000000000E+00  1.411587E+09  2.034309E+09  1.257262E+27  1.812630E+18  6.249251E+07  9.095605E+08  1.750567E+01  1.194620E-23
     52  1.2128985751898873E-01  0.0000000000000000E+00  0.0000000000000000E+00  1.457592E+09  2.035949E+09  1.258888E+27  1.823774E+18  6.235909E+07  9.097867E+08  1.779881E+01  2.287776E-23
     53  1.3128985729547132E-01  0.0000000000000000E+00  0.0000000000000000E+00  1.502264E+09  2.037209E+09  1.260405E+27  1.830136E+18  6.251547E+07  9.100637E+08  1.796816E+01  3.659002E-23
     54  1.4128985707195391E-01  0.0000000000000000E+00  0.0000000000000000E+00  1.546058E+09  2.038998E+09  1.262485E+27  1.833647E+18  6.283673E+07  9.104277E+08  1.806176E+01  4.656023E-23
     55  1.5128985684843649E-01  0.0000000000000000E+00  0.0000000000000000E+00  1.593469E+09  2.038638E+09  1.262943E+27  1.835591E+18  6.330678E+07  9.106916E+08  1.811330E+01  5.107855E-23
     56  1.6128985662491907E-01  0.0000000000000000E+00  0.0000000000000000E+00  1.686266E+09  2.037348E+09  1.263511E+27  1.836941E+18  6.436368E+07  9.112241E+08  1.814855E+01  5.578229E-23
     57  1.7128985640140165E-01  0.0000000000000000E+00  0.0000000000000000E+00  1.785726E+09  2.036315E+09  1.264478E+27  1.837789E+18  6.550150E+07  9.118459E+08  1.816985E+01  5.844081E-23
     58  1.8128985617788423E-01  0.0000000000000000E+00  0.0000000000000000E+00  1.891276E+09  2.035000E+09  1.265393E+27  1.838246E+18  6.670617E+07  9.125144E+08  1.818048E+01  5.859525E-23
     59  1.9128985595436682E-01  0.0000000000000000E+00  0.0000000000000000E+00  2.006011E+09  2.033768E+09  1.266612E+27  1.838549E+18  6.799532E+07  9.132784E+08  1.818615E+01  6.176914E-23
     60  2.0128985573084940E-01  0.0000000000000000E+00  0.0000000000000000E+00  2.134576E+09  2.031660E+09  1.267447E+27  1.839099E+18  6.940981E+07  9.141061E+08  1.819120E+01  1.407123E-22
     61  2.0228985570849767E-01  0.0000000000000000E+00  0.0000000000000000E+00  2.148566E+09  2.031390E+09  1.267508E+27  1.839220E+18  6.956087E+07  9.141945E+08  1.819212E+01  1.766046E-22
     62  2.0330900218314071E-01  0.0000000000000000E+00  0.0000000000000000E+00  2.163028E+09  2.031108E+09  1.267569E+27  1.839370E+18  6.971618E+07  9.142857E+08  1.819324E+01  2.346902E-22
     63  2.0534729513242680E-01  0.0000000000000000E+00  0.0000000000000000E+00  2.192357E+09  2.030563E+09  1.267715E+27  1.839777E+18  7.002790E+07  9.144731E+08  1.819623E+01  5.072100E-22
     64  2.0942388103099899E-01  0.0000000000000000E+00  0.0000000000000000E+00  2.252088E+09  2.029538E+09  1.268085E+27  1.841279E+18  7.064517E+07  9.148609E+08  1.820703E+01  7.256520E-21
     65  2.1023919821071343E-01  0.0000000000000000E+00  0.0000000000000000E+00  2.264103E+09  2.029324E+09  1.268151E+27  1.841746E+18  7.076560E+07  9.149379E+08  1.821036E+01  1.528895E-20
     66  2.1186983257014230E-01  0.0000000000000000E+00  0.0000000000000000E+00  2.288161E+09  2.028887E+09  1.268277E+27  1.842921E+18  7.100162E+07  9.150908E+08  1.821873E+01  8.302320E-20
     67  2.1513110128900007E-01  0.0000000000000000E+00  0.0000000000000000E+00  2.336468E+09  2.027890E+09  1.268414E+27  1.846598E+18  7.144802E+07  9.153830E+08  1.824527E+01  4.278482E-18
     68  2.1578335503277163E-01  0.0000000000000000E+00  0.0000000000000000E+00  2.346142E+09  2.027672E+09  1.268423E+27  1.847616E+18  7.153142E+07  9.154386E+08  1.825277E+01  9.934042E-18
     69  2.1708786252031473E-01  0.0000000000000000E+00  0.0000000000000000E+00  2.365508E+09  2.027230E+09  1.268430E+27  1.850012E+18  7.169031E+07  9.155474E+08  1.827075E+01  5.477928E-17
     70  2.1969687749540093E-01  0.0000000000000000E+00  0.0000000000000000E+00  2.404414E+09  2.026332E+09  1.268403E+27  1.856594E+18  7.196720E+07  9.157525E+08  1.832273E+01  1.781203E-15
     71  2.2021868049041818E-01  0.0000000000000000E+00  0.0000000000000000E+00  2.412464E+09  2.026129E+09  1.268377E+27  1.858257E+18  7.201661E+07  9.157912E+08  1.833650E+01  3.527601E-15
     72  2.2126228648045265E-01  0.0000000000000000E+00  0.0000000000000000E+00  2.430125E+09  2.025610E+09  1.268255E+27  1.862042E+18  7.211966E+07  9.158693E+08  1.836883E+01  1.364566E-14
     73  2.2334949846052160E-01  0.0000000000000000E+00  0.0000000000000000E+00  2.465987E+09  2.024521E+09  1.267926E+27  1.871843E+18  7.226547E+07  9.160047E+08  1.845915E+01  1.837465E-13
     74  2.2752392242065952E-01  0.0000000000000000E+00  0.0000000000000000E+00  2.535668E+09  2.022134E+09  1.266689E+27  1.902643E+18  7.211780E+07  9.161004E+08  1.880826E+01  1.224578E-11
     75  2.2824421573305950E-01  0.0000000000000000E+00  0.0000000000000000E+00  2.547623E+09  2.021698E+09  1.266383E+27  1.909666E+18  7.201196E+07  9.160865E+08  1.890181E+01  2.155641E-11
     76  2.2947966861030242E-01  0.0000000000000000E+00  0.0000000000000000E+00  2.568312E+09  2.020961E+09  1.265806E+27  1.922985E+18  7.176172E+07  9.160394E+08  1.909306E+01  5.356667E-11
     77  2.3193869318002810E-01  0.0000000000000000E+00  0.0000000000000000E+00  2.610104E+09  2.019436E+09  1.264344E+27  1.954343E+18  7.097184E+07  9.158365E+08  1.961131E+01  2.680752E-10
     78  2.3685674231947948E-01  0.0000000000000000E+00  0.0000000000000000E+00  2.695804E+09  2.016073E+09  1.260048E+27  2.032960E+18  6.826207E+07  9.149694E+08  2.127925E+01  4.621121E-09
     79  2.3762676349816367E-01  0.0000000000000000E+00  0.0000000000000000E+00  2.709448E+09  2.015554E+09  1.259278E+27  2.046269E+18  6.774654E+07  9.147940E+08  2.160938E+01  7.067654E-09
     80  2.3915157553685226E-01  0.0000000000000000E+00  0.0000000000000000E+00  2.736613E+09  2.014539E+09  1.257731E+27  2.072449E+18  6.670727E+07  9.144338E+08  2.229953E+01  1.606056E-08
     81  2.4220119961422948E-01  0.0000000000000000E+00  0.0000000000000000E+00  2.791361E+09  2.012344E+09  1.254514E+27  2.121171E+18  6.472281E+07  9.137086E+08  2.374151E+01  7.543974E-08
     82  2.4281112442970493E-01  0.0000000000000000E+00  0.0000000000000000E+00  2.802320E+09  2.011866E+09  1.253863E+27  2.129943E+18  6.436263E+07  9.135705E+08  2.402614E+01  1.008677E-07
     83  2.4403097406065583E-01  0.0000000000000000E+00  0.0000000000000000E+00  2.824196E+09  2.010907E+09  1.252602E+27  2.146264E+18  6.369369E+07  9.133107E+08  2.457942E+01  1.755526E-07
     84  2.4647067332255759E-01  0.0000000000000000E+00  0.0000000000000000E+00  2.867707E+09  2.009071E+09  1.250353E+27  2.173722E+18  6.258772E+07  9.128781E+08  2.558916E+01  4.658331E-07
     85  2.4695861317493795E-01  0.0000000000000000E+00  0.0000000000000000E+00  2.876364E+09  2.008716E+09  1.249950E+27  2.178392E+18  6.240530E+07  9.128068E+08  2.577190E+01  5.509784E-07
     86  2.4791066736864503E-01  0.0000000000000000E+00  0.0000000000000000E+00  2.893199E+09  2.008034E+09  1.249208E+27  2.186762E+18  6.208605E+07  9.126826E+08  2.610803E+01  7.432094E-07
     87  2.4981477575605920E-01  0.0000000000000000E+00  0.0000000000000000E+00  2.926704E+09  2.006689E+09  1.247882E+27  2.200787E+18  6.158645E+07  9.124908E+08  2.669742E+01  1.219046E-06
     88  2.5362299253088755E-01  0.0000000000000000E+00  0.0000000000000000E+00  2.993023E+09  2.003896E+09  1.245651E+27  2.220073E+18  6.105824E+07  9.122958E+08  2.756408E+01  2.339334E-06
     89  2.5420229825047574E-01  0.0000000000000000E+00  0.0000000000000000E+00  3.003051E+09  2.003460E+09  1.245351E+27  2.222206E+18  6.102250E+07  9.122846E+08  2.766404E+01  2.511452E-06
     90  2.5528259574625684E-01  0.0000000000000000E+00  0.0000000000000000E+00  3.021726E+09  2.002647E+09  1.244824E+27  2.225743E+18  6.098111E+07  9.122752E+08  2.783150E+01  2.815172E-06
     91  2.5744319073781902E-01  0.0000000000000000E+00  0.0000000000000000E+00  3.059012E+09  2.001029E+09  1.243873E+27  2.231367E+18  6.098205E+07  9.122954E+08  2.810214E+01  3.375418E-06
     92  2.5787530973613143E-01  0.0000000000000000E+00  0.0000000000000000E+00  3.066448E+09  2.000702E+09  1.243693E+27  2.232298E+18  6.099349E+07  9.123044E+08  2.814739E+01  3.479499E-06
     93  2.5873954773275631E-01  0.0000000000000000E+00  0.0000000000000000E+00  3.081314E+09  2.000041E+09  1.243339E+27  2.233995E+18  6.102603E+07  9.123264E+08  2.823019E+01  3.682701E-06
     94  2.6046802372600608E-01  0.0000000000000000E+00  0.0000000000000000E+00  3.111021E+09  1.998663E+09  1.242629E+27  2.236824E+18  6.112485E+07  9.123825E+08  2.836881E+01  4.071867E-06
     95  2.6392497571250562E-01  0.0000000000000000E+00  0.0000000000000000E+00  3.170486E+09  1.995674E+09  1.241147E+27  2.240798E+18  6.142536E+07  9.125290E+08  2.856335E+01  4.834820E-06
     96  2.6892603478851901E-01  0.0000000000000000E+00  0.0000000000000000E+00  3.257534E+09  1.991442E+09  1.239302E+27  2.244092E+18  6.201556E+07  9.128347E+08  2.872146E+01  6.006618E-06
     97  2.6951205082882573E-01  0.0000000000000000E+00  0.0000000000000000E+00  3.267927E+09  1.990952E+09  1.239106E+27  2.244355E+18  6.209347E+07  9.128768E+08  2.873388E+01  6.148326E-06
     98  2.7039562120314481E-01  0.0000000000000000E+00  0.0000000000000000E+00  3.283665E+09  1.990201E+09  1.238805E+27  2.244718E+18  6.221363E+07  9.129411E+08  2.875083E+01  6.398423E-06
     99  2.7216276195178296E-01  0.0000000000000000E+00  0.0000000000000000E+00  3.315383E+09  1.988641E+09  1.238170E+27  2.245334E+18  6.246257E+07  9.130719E+08  2.877925E+01  6.980010E-06
    100  2.7569704344905926E-01  0.0000000000000000E+00  0.0000000000000000E+00  3.385587E+09  1.985168E+09  1.236798E+27  2.246210E+18  6.303912E+07  9.133787E+08  2.881958E+01  8.940840E-06
    101  2.7640389974851454E-01  0.0000000000000000E+00  0.0000000000000000E+00  3.405971E+09  1.984178E+09  1.236427E+27  2.246345E+18  6.321239E+07  9.134741E+08  2.882597E+01  9.663484E-06
    102  2.7755165742647736E-01  0.0000000000000000E+00  0.0000000000000000E+00  3.438542E+09  1.982576E+09  1.235822E+27  2.246542E+18  6.348977E+07  9.136268E+08  2.883554E+01  1.141455E-05
    103  2.7984717278240295E-01  0.0000000000000000E+00  0.0000000000000000E+00  3.501512E+09  1.979246E+09  1.234476E+27  2.246849E+18  6.402941E+07  9.139113E+08  2.885139E+01  1.918220E-05
    104  2.8025177364235071E-01  0.0000000000000000E+00  0.0000000000000000E+00  3.512293E+09  1.978635E+09  1.234214E+27  2.246893E+18  6.412235E+07  9.139578E+08  2.885372E+01  2.156371E-05
    105  2.8104170520164035E-01  0.0000000000000000E+00  0.0000000000000000E+00  3.533060E+09  1.977429E+09  1.233687E+27  2.246969E+18  6.430180E+07  9.140461E+08  2.885790E+01  2.756305E-05
    106  2.8262156832021967E-01  0.0000000000000000E+00  0.0000000000000000E+00  3.573368E+09  1.975040E+09  1.232631E+27  2.247096E+18  6.465130E+07  9.142164E+08  2.886490E+01  4.689820E-05
    107  2.8578129455737827E-01  0.0000000000000000E+00  0.0000000000000000E+00  3.648121E+09  1.970548E+09  1.230640E+27  2.247275E+18  6.530250E+07  9.145360E+08  2.887455E+01  1.315647E-04
    108  2.9065598420503125E-01  0.0000000000000000E+00  0.0000000000000000E+00  3.752535E+09  1.963989E+09  1.227657E+27  2.247447E+18  6.621660E+07  9.149757E+08  2.888343E+01  5.390678E-04
    109  2.9122403748057724E-01  0.0000000000000000E+00  0.0000000000000000E+00  3.763740E+09  1.963192E+09  1.227262E+27  2.247461E+18  6.631517E+07  9.150168E+08  2.888432E+01  6.347553E-04
    110  2.9179911803044145E-01  0.0000000000000000E+00  0.0000000000000000E+00  3.774933E+09  1.962384E+09  1.226860E+27  2.247474E+18  6.641407E+07  9.150579E+08  2.888489E+01  7.089019E-04
    111  2.9257471823245196E-01  0.0000000000000000E+00  0.0000000000000000E+00  3.789610E+09  1.961299E+09  1.226311E+27  2.247495E+18  6.654393E+07  9.151100E+08  2.888559E+01  8.199552E-04
    112  2.9412591863647303E-01  0.0000000000000000E+00  0.0000000000000000E+00  3.817790E+09  1.959120E+09  1.225182E+27  2.247536E+18  6.679387E+07  9.152040E+08  2.888682E+01  1.086937E-03
    113  2.9722831944451511E-01  0.0000000000000000E+00  0.0000000000000000E+00  3.869261E+09  1.954594E+09  1.222675E+27  2.247626E+18  6.725366E+07  9.153385E+08  2.888889E+01  1.822691E-03
    114  2.9780004285175232E-01  0.0000000000000000E+00  0.0000000000000000E+00  3.878061E+09  1.953740E+09  1.222181E+27  2.247645E+18  6.733272E+07  9.153560E+08  2.888926E+01  1.989302E-03
    115  2.9894348966622675E-01  0.0000000000000000E+00  0.0000000000000000E+00  3.894864E+09  1.952044E+09  1.221184E+27  2.247685E+18  6.748400E+07  9.153846E+08  2.889001E+01  2.351231E-03
    116  3.0123038329517560E-01  0.0000000000000000E+00  0.0000000000000000E+00  3.926437E+09  1.948787E+09  1.219255E+27  2.247777E+18  6.776825E+07  9.154336E+08  2.889173E+01  3.184525E-03
    117  3.0168776202096537E-01  0.0000000000000000E+00  0.0000000000000000E+00  3.932378E+09  1.948172E+09  1.218890E+27  2.247796E+18  6.782165E+07  9.154426E+08  2.889212E+01  3.366410E-03
    118  3.0250904833281789E-01  0.0000000000000000E+00  0.0000000000000000E+00  3.942843E+09  1.947085E+09  1.218244E+27  2.247834E+18  6.791564E+07  9.154583E+08  2.889289E+01  3.706156E-03
    119  3.0415162095652293E-01  0.0000000000000000E+00  0.0000000000000000E+00  3.962708E+09  1.944971E+09  1.216975E+27  2.247916E+18  6.809394E+07  9.154842E+08  2.889470E+01  4.425604E-03
    120  3.0448013548126396E-01  0.0000000000000000E+00  0.0000000000000000E+00  3.966514E+09  1.944552E+09  1.216720E+27  2.247934E+18  6.812810E+07  9.154881E+08  2.889510E+01  4.574265E-03
    121  3.0513716453074596E-01  0.0000000000000000E+00  0.0000000000000000E+00  3.981215E+09  1.943381E+09  1.216113E+27  2.247968E+18  6.825807E+07  9.155387E+08  2.889599E+01  4.881323E-03
    122  3.0645122262971003E-01  0.0000000000000000E+00  0.0000000000000000E+00  4.027506E+09  1.940237E+09  1.214657E+27  2.248047E+18  6.866408E+07  9.157425E+08  2.889838E+01  5.585216E-03
    123  3.0671403424950283E-01  0.0000000000000000E+00  0.0000000000000000E+00  4.037481E+09  1.939565E+09  1.214349E+27  2.248065E+18  6.875132E+07  9.157873E+08  2.889903E+01  5.740300E-03
    124  3.0715558158516865E-01  0.0000000000000000E+00  0.0000000000000000E+00  4.054238E+09  1.938436E+09  1.213831E+27  2.248099E+18  6.889763E+07  9.158626E+08  2.890031E+01  6.011736E-03
    125  3.0803867625650028E-01  0.0000000000000000E+00  0.0000000000000000E+00  4.087113E+09  1.936179E+09  1.212783E+27  2.248180E+18  6.918368E+07  9.160080E+08  2.890373E+01  6.596644E-03
    126  3.0821529519076662E-01  0.0000000000000000E+00  0.0000000000000000E+00  4.093598E+09  1.935728E+09  1.212572E+27  2.248198E+18  6.923991E+07  9.160364E+08  2.890458E+01  6.719589E-03
    127  3.0846019452928231E-01  0.0000000000000000E+00  0.0000000000000000E+00  4.102477E+09  1.935103E+09  1.212276E+27  2.248225E+18  6.931678E+07  9.160746E+08  2.890587E+01  6.894620E-03
    128  3.0894999320631372E-01  0.0000000000000000E+00  0.0000000000000000E+00  4.120235E+09  1.933853E+09  1.211685E+27  2.248285E+18  6.947001E+07  9.161512E+08  2.890885E+01  7.255748E-03
    129  3.0992959056037656E-01  0.0000000000000000E+00  0.0000000000000000E+00  4.154822E+09  1.931358E+09  1.210483E+27  2.248429E+18  6.976612E+07  9.162958E+08  2.891677E+01  8.012905E-03
    130  3.1012551003118910E-01  0.0000000000000000E+00  0.0000000000000000E+00  4.161550E+09  1.930860E+09  1.210238E+27  2.248461E+18  6.982328E+07  9.163230E+08  2.891873E+01  8.166222E-03
    131  3.1036844957460780E-01  0.0000000000000000E+00  0.0000000000000000E+00  4.169894E+09  1.930243E+09  1.209936E+27  2.248504E+18  6.989391E+07  9.163566E+08  2.892136E+01  8.358821E-03
    132  3.1085432866144513E-01  0.0000000000000000E+00  0.0000000000000000E+00  4.186434E+09  1.929011E+09  1.209327E+27  2.248598E+18  7.003302E+07  9.164224E+08  2.892732E+01  8.744824E-03
    133  3.1182608683511981E-01  0.0000000000000000E+00  0.0000000000000000E+00  4.218508E+09  1.926561E+09  1.208093E+27  2.248823E+18  7.029859E+07  9.165440E+08  2.894258E+01  9.505398E-03
    134  3.1376960318246916E-01  0.0000000000000000E+00  0.0000000000000000E+00  4.279091E+09  1.921727E+09  1.205568E+27  2.249453E+18  7.077761E+07  9.167491E+08  2.899071E+01  1.092349E-02
    135  3.1403398428364609E-01  0.0000000000000000E+00  0.0000000000000000E+00  4.287011E+09  1.921077E+09  1.205219E+27  2.249569E+18  7.083727E+07  9.167732E+08  2.899951E+01  1.112214E-02
    136  3.1438917755885393E-01  0.0000000000000000E+00  0.0000000000000000E+00  4.297381E+09  1.920212E+09  1.204750E+27  2.249729E+18  7.091390E+07  9.168029E+08  2.901231E+01  1.138436E-02
    137  3.1509956410926959E-01  0.0000000000000000E+00  0.0000000000000000E+00  4.317696E+09  1.918497E+09  1.203806E+27  2.250092E+18  7.105915E+07  9.168572E+08  2.904148E+01  1.193427E-02
    138  3.1652033721010098E-01  0.0000000000000000E+00  0.0000000000000000E+00  4.355788E+09  1.915192E+09  1.201932E+27  2.251002E+18  7.130835E+07  9.169398E+08  2.911568E+01  1.325175E-02
    139  3.1679497126347456E-01  0.0000000000000000E+00  0.0000000000000000E+00  4.362910E+09  1.914567E+09  1.201572E+27  2.251208E+18  7.135121E+07  9.169528E+08  2.913266E+01  1.355611E-02
    140  3.1727211499144442E-01  0.0000000000000000E+00  0.0000000000000000E+00  4.374632E+09  1.913523E+09  1.200959E+27  2.251592E+18  7.141742E+07  9.169704E+08  2.916430E+01  1.413952E-02
    141  3.1822640244738409E-01  0.0000000000000000E+00  0.0000000000000000E+00  4.397164E+09  1.911493E+09  1.199742E+27  2.252458E+18  7.153180E+07  9.169950E+08  2.923596E+01  1.553356E-02
    142  3.1841725993857201E-01  0.0000000000000000E+00  0.0000000000000000E+00  4.401554E+09  1.911095E+09  1.199500E+27  2.252647E+18  7.155204E+07  9.169984E+08  2.925166E+01  1.585290E-02
    143  3.1869670728625704E-01  0.0000000000000000E+00  0.0000000000000000E+00  4.407684E+09  1.910527E+09  1.199149E+27  2.252933E+18  7.157809E+07  9.170009E+08  2.927549E+01  1.634702E-02
    144  3.1925560198162711E-01  0.0000000000000000E+00  0.0000000000000000E+00  4.419626E+09  1.909409E+09  1.198448E+27  2.253538E+18  7.162403E+07  9.170021E+08  2.932604E+01  1.743057E-02
    145  3.2037339137236726E-01  0.0000000000000000E+00  0.0000000000000000E+00  4.441667E+09  1.907246E+09  1.197037E+27  2.254879E+18  7.168660E+07  9.169828E+08  2.943876E+01  2.001612E-02
    146  3.2260897015384754E-01  0.0000000000000000E+00  0.0000000000000000E+00  4.478420E+09  1.903066E+09  1.194068E+27  2.258023E+18  7.170154E+07  9.168491E+08  2.970707E+01  2.715988E-02
    147  3.2293478052032598E-01  0.0000000000000000E+00  0.0000000000000000E+00  4.483097E+09  1.902461E+09  1.193614E+27  2.258534E+18  7.169341E+07  9.168197E+08  2.975044E+01  2.845387E-02
    148  3.2345859282284289E-01  0.0000000000000000E+00  0.0000000000000000E+00  4.489824E+09  1.901488E+09  1.192858E+27  2.259366E+18  7.167188E+07  9.167629E+08  2.982201E+01  3.065970E-02
    149  3.2450621742787672E-01  0.0000000000000000E+00  0.0000000000000000E+00  4.501947E+09  1.899544E+09  1.191300E+27  2.261095E+18  7.161143E+07  9.166305E+08  2.997145E+01  3.555650E-02
    150  3.2660146663794437E-01  0.0000000000000000E+00  0.0000000000000000E+00  4.522004E+09  1.895556E+09  1.187953E+27  2.264726E+18  7.144113E+07  9.162991E+08  3.028762E+01  4.699646E-02
    151  3.2701964652487009E-01  0.0000000000000000E+00  0.0000000000000000E+00  4.530729E+09  1.894492E+09  1.187181E+27  2.265496E+18  7.144362E+07  9.162583E+08  3.035529E+01  4.964601E-02
    152  3.2785600629872158E-01  0.0000000000000000E+00  0.0000000000000000E+00  4.556782E+09  1.891937E+09  1.185489E+27  2.267184E+18  7.150586E+07  9.162239E+08  3.050622E+01  5.537305E-02
    153  3.2952872584642456E-01  0.0000000000000000E+00  0.0000000000000000E+00  4.617005E+09  1.886406E+09  1.181795E+27  2.271737E+18  7.157693E+07  9.161332E+08  3.092297E+01  7.175781E-02
    154  3.2976582607475230E-01  0.0000000000000000E+00  0.0000000000000000E+00  4.625506E+09  1.885622E+09  1.181247E+27  2.272539E+18  7.157109E+07  9.161102E+08  3.099697E+01  7.486152E-02
    155  3.3013761003983277E-01  0.0000000000000000E+00  0.0000000000000000E+00  4.638771E+09  1.884397E+09  1.180375E+27  2.273875E+18  7.155263E+07  9.160681E+08  3.112158E+01  8.007621E-02
    156  3.3088117796999367E-01  0.0000000000000000E+00  0.0000000000000000E+00  4.665156E+09  1.881952E+09  1.178579E+27  2.276874E+18  7.148092E+07  9.159609E+08  3.140445E+01  9.226806E-02
    157  3.3236831383031551E-01  0.0000000000000000E+00  0.0000000000000000E+00  4.716742E+09  1.877124E+09  1.174767E+27  2.284301E+18  7.118068E+07  9.156388E+08  3.212436E+01  1.245273E-01
    158  3.3258443217887762E-01  0.0000000000000000E+00  0.0000000000000000E+00  4.724153E+09  1.876427E+09  1.174185E+27  2.285556E+18  7.111899E+07  9.155793E+08  3.224813E+01  1.303520E-01
    159  3.3296191628926142E-01  0.0000000000000000E+00  0.0000000000000000E+00  4.736765E+09  1.875227E+09  1.173154E+27  2.287850E+18  7.099736E+07  9.154649E+08  3.247717E+01  1.410231E-01
    160  3.3371688451002901E-01  0.0000000000000000E+00  0.0000000000000000E+00  4.761703E+09  1.872842E+09  1.171021E+27  2.292853E+18  7.070966E+07  9.152027E+08  3.298615E+01  1.650487E-01
    161  3.3522682095156425E-01  0.0000000000000000E+00  0.0000000000000000E+00  4.809142E+09  1.868181E+09  1.166478E+27  2.304390E+18  6.995844E+07  9.145345E+08  3.421303E+01  2.227791E-01
    162  3.3747258466979757E-01  0.0000000000000000E+00  0.0000000000000000E+00  4.870619E+09  1.861528E+09  1.159092E+27  2.324050E+18  6.851998E+07  9.132089E+08  3.648519E+01  3.275739E-01
    163  3.4055914086106881E-01  0.0000000000000000E+00  0.0000000000000000E+00  4.933607E+09  1.853011E+09  1.148506E+27  2.350345E+18  6.648123E+07  9.110461E+08  3.990369E+01  4.770506E-01
    164  3.4094595499440755E-01  0.0000000000000000E+00  0.0000000000000000E+00  4.939154E+09  1.852022E+09  1.147205E+27  2.353280E+18  6.624722E+07  9.107655E+08  4.031233E+01  4.926392E-01
    165  3.4156103670063126E-01  0.0000000000000000E+00  0.0000000000000000E+00  4.947526E+09  1.850464E+09  1.145162E+27  2.357712E+18  6.589748E+07  9.103264E+08  4.093848E+01  5.178846E-01
    166  3.4279120011307873E-01  0.0000000000000000E+00  0.0000000000000000E+00  4.965473E+09  1.847286E+09  1.141166E+27  2.365719E+18  6.530217E+07  9.094995E+08  4.209505E+01  5.631777E-01
    167  3.4303723279556825E-01  0.0000000000000000E+00  0.0000000000000000E+00  4.970204E+09  1.846607E+09  1.140373E+27  2.367224E+18  6.520314E+07  9.093472E+08  4.231641E+01  5.716741E-01
    168  3.4352929816054723E-01  0.0000000000000000E+00  0.0000000000000000E+00  4.980318E+09  1.845220E+09  1.138787E+27  2.370160E+18  6.501860E+07  9.090503E+08  4.275219E+01  5.882031E-01
    169  3.4451342889050518E-01  0.0000000000000000E+00  0.0000000000000000E+00  5.010363E+09  1.841920E+09  1.135495E+27  2.375778E+18  6.475567E+07  9.085379E+08  4.360782E+01  6.202918E-01
    170  3.4591253223023072E-01  0.0000000000000000E+00  0.0000000000000000E+00  5.068904E+09  1.836378E+09  1.130989E+27  2.383234E+18  6.448737E+07  9.080853E+08  4.493800E+01  6.688261E-01
    171  3.4834208207916462E-01  0.0000000000000000E+00  0.0000000000000000E+00  5.170266E+09  1.826872E+09  1.123161E+27  2.396203E+18  6.402383E+07  9.072614E+08  4.741136E+01  7.575683E-01
    172  3.4867765145633595E-01  0.0000000000000000E+00  0.0000000000000000E+00  5.184019E+09  1.825590E+09  1.122131E+27  2.397832E+18  6.398054E+07  9.071605E+08  4.772647E+01  7.683518E-01
    173  3.4934879021067861E-01  0.0000000000000000E+00  0.0000000000000000E+00  5.211405E+09  1.823043E+09  1.120121E+27  2.400804E+18  6.391739E+07  9.069753E+08  4.831834E+01  7.889958E-01
    174  3.5069106771936392E-01  0.0000000000000000E+00  0.0000000000000000E+00  5.264943E+09  1.818082E+09  1.116348E+27  2.405850E+18  6.388041E+07  9.066731E+08  4.933132E+01  8.244123E-01
    175  3.5337562273673451E-01  0.0000000000000000E+00  0.0000000000000000E+00  5.365723E+09  1.808451E+09  1.109458E+27  2.412983E+18  6.407966E+07  9.062681E+08  5.074924E+01  8.758021E-01
    176  3.5376634814225982E-01  0.0000000000000000E+00  0.0000000000000000E+00  5.379607E+09  1.807048E+09  1.108489E+27  2.413796E+18  6.413199E+07  9.062239E+08  5.089644E+01  8.813521E-01
    177  3.5454779895331046E-01  0.0000000000000000E+00  0.0000000000000000E+00  5.406203E+09  1.804202E+09  1.106515E+27  2.415238E+18  6.424146E+07  9.061307E+08  5.116257E+01  8.918816E-01
    178  3.5611070057541167E-01  0.0000000000000000E+00  0.0000000000000000E+00  5.455460E+09  1.798396E+09  1.102465E+27  2.417705E+18  6.447888E+07  9.059320E+08  5.159292E+01  9.094419E-01
    179  3.5923650381961408E-01  0.0000000000000000E+00  0.0000000000000000E+00  5.550167E+09  1.785731E+09  1.093753E+27  2.421257E+18  6.508849E+07  9.055491E+08  5.211586E+01  9.346068E-01
    180  3.5975237307453528E-01  0.0000000000000000E+00  0.0000000000000000E+00  5.571781E+09  1.783149E+09  1.092136E+27  2.421702E+18  6.526150E+07  9.055374E+08  5.215534E+01  9.381585E-01
    181  3.6072553546588870E-01  0.0000000000000000E+00  0.0000000000000000E+00  5.613835E+09  1.778225E+09  1.089108E+27  2.422416E+18  6.561044E+07  9.055380E+08  5.220320E+01  9.444164E-01
    182  3.6267186024859555E-01  0.0000000000000000E+00  0.0000000000000000E+00  5.702132E+09  1.768309E+09  1.083211E+27  2.423607E+18  6.638227E+07  9.056250E+08  5.221019E+01  9.559686E-01
    183  3.6304553857435534E-01  0.0000000000000000E+00  0.0000000000000000E+00  5.719561E+09  1.766414E+09  1.082117E+27  2.423785E+18  6.654123E+07  9.056554E+08  5.219589E+01  9.581394E-01
    184  3.6379289522587499E-01  0.0000000000000000E+00  0.0000000000000000E+00  5.754576E+09  1.762632E+09  1.079953E+27  2.424120E+18  6.686656E+07  9.057250E+08  5.215374E+01  9.620926E-01
    185  3.6528760852891423E-01  0.0000000000000000E+00  0.0000000000000000E+00  5.824989E+09  1.755073E+09  1.075707E+27  2.424632E+18  6.754904E+07  9.058995E+08  5.200677E+01  9.690490E-01
    186  3.6558655118952210E-01  0.0000000000000000E+00  0.0000000000000000E+00  5.838989E+09  1.753551E+09  1.074860E+27  2.424696E+18  6.769009E+07  9.059379E+08  5.196634E+01  9.703292E-01
    187  3.6618443651073779E-01  0.0000000000000000E+00  0.0000000000000000E+00  5.866920E+09  1.750505E+09  1.073169E+27  2.424818E+18  6.797541E+07  9.060178E+08  5.187773E+01  9.727012E-01
    188  3.6738020715316921E-01  0.0000000000000000E+00  0.0000000000000000E+00  5.921657E+09  1.744365E+09  1.069758E+27  2.424973E+18  6.855439E+07  9.061782E+08  5.166574E+01  9.767836E-01
    189  3.6977174843803201E-01  0.0000000000000000E+00  0.0000000000000000E+00  6.025929E+09  1.732071E+09  1.062901E+27  2.425018E+18  6.972647E+07  9.064932E+08  5.113355E+01  9.828092E-01
    190  3.7020552810401247E-01  0.0000000000000000E+00  0.0000000000000000E+00  6.043765E+09  1.729859E+09  1.061662E+27  2.424963E+18  6.994018E+07  9.065482E+08  5.101788E+01  9.836853E-01
    191  3.7107308743597345E-01  0.0000000000000000E+00  0.0000000000000000E+00  6.078041E+09  1.725313E+09  1.059047E+27  2.424852E+18  7.035696E+07  9.066324E+08  5.079065E+01  9.851905E-01
    192  3.7280820609989540E-01  0.0000000000000000E+00  0.0000000000000000E+00  6.147402E+09  1.715800E+09  1.053588E+27  2.424388E+18  7.123836E+07  9.068166E+08  5.026757E+01  9.873839E-01
    193  3.7627844342773931E-01  0.0000000000000000E+00  0.0000000000000000E+00  6.298672E+09  1.695562E+09  1.042532E+27  2.422042E+18  7.333396E+07  9.074635E+08  4.882716E+01  9.893912E-01
    194  3.7674824651586170E-01  0.0000000000000000E+00  0.0000000000000000E+00  6.319795E+09  1.692717E+09  1.041018E+27  2.421595E+18  7.364848E+07  9.075743E+08  4.859182E+01  9.894671E-01
    195  3.7765126229441665E-01  0.0000000000000000E+00  0.0000000000000000E+00  6.360521E+09  1.687177E+09  1.038064E+27  2.420688E+18  7.425772E+07  9.077876E+08  4.814143E+01  9.895531E-01
    196  3.7945729385152660E-01  0.0000000000000000E+00  0.0000000000000000E+00  6.441734E+09  1.675946E+09  1.032108E+27  2.418648E+18  7.551812E+07  9.082400E+08  4.719156E+01  9.895250E-01
    197  3.8306935696574645E-01  0.0000000000000000E+00  0.0000000000000000E+00  6.584989E+09  1.654359E+09  1.020359E+27  2.414425E+18  7.791100E+07  9.089948E+08  4.535567E+01  9.891514E-01
    198  3.8363032482655673E-01  0.0000000000000000E+00  0.0000000000000000E+00  6.605554E+09  1.651019E+09  1.018510E+27  2.413759E+18  7.827926E+07  9.090996E+08  4.506749E+01  9.892181E-01
    199  3.8471677767216755E-01  0.0000000000000000E+00  0.0000000000000000E+00  6.646662E+09  1.644375E+09  1.014856E+27  2.412335E+18  7.902037E+07  9.093207E+08  4.449513E+01  9.891270E-01
    200  3.8688968336338925E-01  0.0000000000000000E+00  0.0000000000000000E+00  6.733950E+09  1.630151E+09  1.007154E+27  2.408895E+18  8.066649E+07  9.098566E+08  4.322162E+01  9.889170E-01
    201  3.8732426450163360E-01  0.0000000000000000E+00  0.0000000000000000E+00  6.752049E+09  1.627188E+09  1.005582E+27  2.408055E+18  8.102847E+07  9.099849E+08  4.293577E+01  9.888445E-01
    202  3.8804791645562214E-01  0.0000000000000000E+00  0.0000000000000000E+00  6.783168E+09  1.622109E+09  1.002898E+27  2.406618E+18  8.165170E+07  9.102105E+08  4.245241E+01  9.887611E-01
    203  3.8949522036359929E-01  0.0000000000000000E+00  0.0000000000000000E+00  6.848283E+09  1.611676E+09  9.975124E+26  2.403361E+18  8.299714E+07  9.107393E+08  4.141502E+01  9.885836E-01
    204  3.9238982817955359E-01  0.0000000000000000E+00  0.0000000000000000E+00  6.961022E+09  1.591193E+09  9.863810E+26  2.397208E+18  8.549608E+07  9.115377E+08  3.955194E+01  9.884572E-01
    205  3.9296874974274443E-01  0.0000000000000000E+00  0.0000000000000000E+00  6.979538E+09  1.587199E+09  9.840500E+26  2.396152E+18  8.592746E+07  9.116200E+08  3.924506E+01  9.883930E-01
    206  3.9361133643618146E-01  0.0000000000000000E+00  0.0000000000000000E+00  7.000169E+09  1.582742E+09  9.814599E+26  2.394953E+18  8.641713E+07  9.117181E+08  3.889764E+01  9.883829E-01
    207  3.9489650982305546E-01  0.0000000000000000E+00  0.0000000000000000E+00  7.041818E+09  1.573743E+09  9.762636E+26  2.392417E+18  8.742790E+07  9.119339E+08  3.818846E+01  9.883721E-01
    208  3.9746685659680353E-01  0.0000000000000000E+00  0.0000000000000000E+00  7.127836E+09  1.555598E+09  9.660263E+26  2.386617E+18  8.961164E+07  9.124956E+08  3.669028E+01  9.884575E-01
    209  3.9796501554694108E-01  0.0000000000000000E+00  0.0000000000000000E+00  7.145267E+09  1.552035E+09  9.640730E+26  2.385303E+18  9.007373E+07  9.126355E+08  3.637772E+01  9.884091E-01
    210  3.9895058690156854E-01  0.0000000000000000E+00  0.0000000000000000E+00  7.180867E+09  1.544822E+09  9.601565E+26  2.382558E+18  9.103048E+07  9.129395E+08  3.574121E+01  9.884281E-01
    211  4.0092172961082345E-01  0.0000000000000000E+00  0.0000000000000000E+00  7.250963E+09  1.529723E+09  9.518251E+26  2.376754E+18  9.300429E+07  9.135212E+08  3.447302E+01  9.885060E-01
    212  4.0486401502933328E-01  0.0000000000000000E+00  0.0000000000000000E+00  7.385825E+09  1.498434E+09  9.343587E+26  2.363914E+18  9.714886E+07  9.146693E+08  3.199373E+01  9.888159E-01
    213  4.0551726989748144E-01  0.0000000000000000E+00  0.0000000000000000E+00  7.406822E+09  1.493077E+09  9.313052E+26  2.361651E+18  9.785048E+07  9.148399E+08  3.159709E+01  9.888329E-01
    214  4.0682377963377769E-01  0.0000000000000000E+00  0.0000000000000000E+00  7.446794E+09  1.482337E+09  9.250670E+26  2.357299E+18  9.920892E+07  9.151260E+08  3.085684E+01  9.889347E-01
    215  4.0943679910637021E-01  0.0000000000000000E+00  0.0000000000000000E+00  7.508611E+09  1.460682E+09  9.114758E+26  2.350230E+18  1.014929E+08  9.151904E+08  2.969601E+01  9.891730E-01
    216  4.1466283805155524E-01  0.0000000000000000E+00  0.0000000000000000E+00  7.615921E+09  1.417848E+09  8.840335E+26  2.336432E+18  1.058591E+08  9.150264E+08  2.766973E+01  9.896649E-01
    217  4.1566283802920351E-01  0.0000000000000000E+00  0.0000000000000000E+00  7.637835E+09  1.409211E+09  8.786022E+26  2.333201E+18  1.068132E+08  9.150479E+08  2.724959E+01  9.897471E-01
    218  4.1766283798450005E-01  0.0000000000000000E+00  0.0000000000000000E+00  7.672658E+09  1.392047E+09  8.672864E+26  2.327971E+18  1.084354E+08  9.148039E+08  2.657814E+01  9.899066E-01
    219  4.2166283789509307E-01  0.0000000000000000E+00  0.0000000000000000E+00  7.744115E+09  1.356471E+09  8.440718E+26  2.315954E+18  1.119852E+08  9.144122E+08  2.518642E+01  9.902157E-01
    220  4.2239687414453769E-01  0.0000000000000000E+00  0.0000000000000000E+00  7.770221E+09  1.348887E+09  8.398957E+26  2.311230E+18  1.131952E+08  9.147653E+08  2.471175E+01  9.902380E-01
    221  4.2386494664342694E-01  0.0000000000000000E+00  0.0000000000000000E+00  7.816119E+09  1.333678E+09  8.311736E+26  2.302376E+18  1.154596E+08  9.152870E+08  2.386618E+01  9.903120E-01
    222  4.2680109164120550E-01  0.0000000000000000E+00  0.0000000000000000E+00  7.856498E+09  1.305979E+09  8.124583E+26  2.293848E+18  1.179476E+08  9.146020E+08  2.305974E+01  9.904960E-01
    223  4.3267338163676261E-01  0.0000000000000000E+00  0.0000000000000000E+00  7.907495E+09  1.247195E+09  7.710120E+26  2.280559E+18  1.221274E+08  9.119606E+08  2.188309E+01  9.908160E-01
    224  4.4267338141324519E-01  0.0000000000000000E+00  0.0000000000000000E+00  7.943159E+09  1.142841E+09  6.956342E+26  2.263951E+18  1.280166E+08  9.052828E+08  2.054299E+01  9.912336E-01
    225  4.5267338118972777E-01  0.0000000000000000E+00  0.0000000000000000E+00  8.080552E+09  1.119038E+09  6.860898E+26  2.231382E+18  1.355366E+08  9.089512E+08  1.852059E+01  9.918034E-01
    226  4.5367338116737604E-01  0.0000000000000000E+00  0.0000000000000000E+00  8.099476E+09  1.123627E+09  6.902808E+26  2.229471E+18  1.359197E+08  9.098726E+08  1.841681E+01  9.912207E-01
    227  4.5435438237495113E-01  0.0000000000000000E+00  0.0000000000000000E+00  8.124323E+09  1.136049E+09  7.007542E+26  2.226090E+18  1.363943E+08  9.117373E+08  1.823996E+01  9.911640E-01
    228  4.5571638479010124E-01  0.0000000000000000E+00  0.0000000000000000E+00  8.167157E+09  1.158575E+09  7.197488E+26  2.220255E+18  1.371958E+08  9.150081E+08  1.793979E+01  9.910833E-01
    229  4.5844038962040146E-01  0.0000000000000000E+00  0.0000000000000000E+00  8.175338E+09  1.129039E+09  6.985222E+26  2.213947E+18  1.391299E+08  9.132505E+08  1.760534E+01  9.911309E-01
    230  4.6388839928100190E-01  0.0000000000000000E+00  0.0000000000000000E+00  8.096354E+09  1.015106E+09  6.118020E+26  2.213848E+18  1.417475E+08  9.015906E+08  1.753334E+01  9.914426E-01
    231  4.7388839905748448E-01  0.0000000000000000E+00  0.0000000000000000E+00  8.118657E+09  9.688634E+08  5.799929E+26  2.202047E+18  1.455435E+08  8.987752E+08  1.692033E+01  9.915329E-01
    232  4.8388839883396706E-01  0.0000000000000000E+00  0.0000000000000000E+00  8.140521E+09  9.220475E+08  5.483730E+26  2.187268E+18  1.499166E+08  8.961096E+08  1.623317E+01  9.915452E-01
    233  4.9388839861044964E-01  0.0000000000000000E+00  0.0000000000000000E+00  7.788192E+09  6.709716E+08  3.660409E+26  2.220793E+18  1.513935E+08  8.585472E+08  1.757244E+01  9.927795E-01
    234  5.0388839838693222E-01  0.0000000000000000E+00  0.0000000000000000E+00  7.698423E+09  6.063016E+08  3.228383E+26  2.223314E+18  1.535370E+08  8.483810E+08  1.763858E+01  9.928402E-01
    235  5.1388839816341481E-01  0.0000000000000000E+00  0.0000000000000000E+00  7.566635E+09  5.298163E+08  2.725991E+26  2.235665E+18  1.547526E+08  8.341016E+08  1.818287E+01  9.929185E-01
    236  5.2388839793989739E-01  0.0000000000000000E+00  0.0000000000000000E+00  7.424478E+09  4.611620E+08  2.289489E+26  2.250638E+18  1.555548E+08  8.194677E+08  1.890538E+01  9.933266E-01
    237  5.3388839771637997E-01  0.0000000000000000E+00  0.0000000000000000E+00  7.259401E+09  3.960928E+08  1.889954E+26  2.268448E+18  1.560517E+08  8.035007E+08  1.985867E+01  9.936589E-01
    238  5.4388839749286255E-01  0.0000000000000000E+00  0.0000000000000000E+00  7.091806E+09  3.384790E+08  1.550840E+26  2.287889E+18  1.564097E+08  7.874906E+08  2.102662E+01  9.939322E-01
    239  5.5388839726934513E-01  0.0000000000000000E+00  0.0000000000000000E+00  6.940596E+09  2.933334E+08  1.295868E+26  2.305676E+18  1.567339E+08  7.733760E+08  2.222502E+01  9.941571E-01
    240  5.6388839704582772E-01  0.0000000000000000E+00  0.0000000000000000E+00  6.785124E+09  2.541937E+08  1.082789E+26  2.322970E+18  1.570606E+08  7.595324E+08  2.353173E+01  9.943758E-01
    241  5.7388839682231030E-01  0.0000000000000000E+00  0.0000000000000000E+00  6.618945E+09  2.192472E+08  8.987210E+25  2.342834E+18  1.569262E+08  7.451858E+08  2.524701E+01  9.945868E-01
    242  5.8388839659879288E-01  0.0000000000000000E+00  0.0000000000000000E+00  6.460228E+09  1.886589E+08  7.451299E+25  2.360817E+18  1.573277E+08  7.315930E+08  2.702605E+01  9.947956E-01
    243  5.8654596999999997E-01  0.0000000000000000E+00  0.0000000000000000E+00  6.425199E+09  1.812498E+08  7.095311E+25  2.365206E+18  1.576638E+08  7.283802E+08  2.749457E+01  9.948721E-01
