                           time                     pos                     vel                    temp                     den                    pres                    ener                    entr                      cs
      1  1.0175522000000001E-04  0.0000000000000000E+00  0.0000000000000000E+00  4.303629E+08  8.495758E+08  3.872172E+26  1.163760E+18  6.064131E+07  7.824073E+08  1.371429E+01  2.022900E-26
      2  1.0175522001017553E-04  0.0000000000000000E+00  0.0000000000000000E+00  4.303629E+08  8.495758E+08  3.872172E+26  1.163760E+18  6.064131E+07  7.824073E+08  1.371429E+01  2.022900E-26
      3  1.0175522003052657E-04  0.0000000000000000E+00  0.0000000000000000E+00  4.303629E+08  8.495758E+08  3.872172E+26  1.163760E+18  6.064131E+07  7.824073E+08  1.371429E+01  2.022900E-26
      4  1.0175522007122866E-04  0.0000000000000000E+00  0.0000000000000000E+00  4.303629E+08  8.495758E+08  3.872172E+26  1.163760E+18  6.064131E+07  7.824073E+08  1.371429E+01  2.022900E-26
      5  1.0175522015263284E-04  0.0000000000000000E+00  0.0000000000000000E+00  4.303629E+08  8.495758E+08  3.872172E+26  1.163760E+18  6.064131E+07  7.824073E+08  1.371429E+01  2.022901E-26
      6  1.0175522031544119E-04  0.0000000000000000E+00  0.0000000000000000E+00  4.303629E+08  8.495758E+08  3.872172E+26  1.163760E+18  6.064131E+07  7.824073E+08  1.371429E+01  2.022901E-26
      7  1.0175522064105789E-04  0.0000000000000000E+00  0.0000000000000000E+00  4.303629E+08  8.495758E+08  3.872172E+26  1.163760E+18  6.064131E+07  7.824073E+08  1.371429E+01  2.022902E-26
      8  1.0175522129229130E-04  0.0000000000000000E+00  0.0000000000000000E+00  4.303629E+08  8.495758E+08  3.872172E+26  1.163760E+18  6.064131E+07  7.824073E+08  1.371429E+01  2.022904E-26
      9  1.0175522259475811E-04  0.0000000000000000E+00  0.0000000000000000E+00  4.303629E+08  8.495758E+08  3.872172E+26  1.163760E+18  6.064131E+07  7.824073E+08  1.371429E+01  2.022909E-26
     10  1.0175522519969174E-04  0.0000000000000000E+00  0.0000000000000000E+00  4.303629E+08  8.495758E+08  3.872172E+26  1.163760E+18  6.064131E+07  7.824073E+08  1.371429E+01  2.022918E-26
     11  1.0175523040955900E-04  0.0000000000000000E+00  0.0000000000000000E+00  4.303629E+08  8.495758E+08  3.872172E+26  1.163760E+18  6.064131E+07  7.824073E+08  1.371429E+01  2.022936E-26
     12  1.0175524082929354E-04  0.0000000000000000E+00  0.0000000000000000E+00  4.303629E+08  8.495758E+08  3.872172E+26  1.163760E+18  6.064131E+07  7.824073E+08  1.371429E+01  2.022971E-26
     13  1.0175526166876259E-04  0.0000000000000000E+00  0.0000000000000000E+00  4.303629E+08  8.495758E+08  3.872172E+26  1.163760E+18  6.064131E+07  7.824073E+08  1.371429E+01  2.023043E-26
     14  1.0175530334770070E-04  0.0000000000000000E+00  0.0000000000000000E+00  4.303629E+08  8.495758E+08  3.872172E+26  1.163760E+18  6.064131E+07  7.824073E+08  1.371429E+01  2.023185E-26
     15  1.0175538670557692E-04  0.0000000000000000E+00  0.0000000000000000E+00  4.303629E+08  8.495758E+08  3.872172E+26  1.163760E+18  6.064131E+07  7.824073E+08  1.371429E+01  2.023471E-26
     16  1.0175555342132937E-04  0.0000000000000000E+00  0.0000000000000000E+00  4.303629E+08  8.495758E+08  3.872172E+26  1.163760E+18  6.064131E+07  7.824073E+08  1.371429E+01  2.024042E-26
     17  1.0175588685283427E-04  0.0000000000000000E+00  0.0000000000000000E+00  4.303629E+08  8.495758E+08  3.872172E+26  1.163760E+18  6.064131E+07  7.824073E+08  1.371429E+01  2.025183E-26
     18  1.0175655371584406E-04  0.0000000000000000E+00  0.0000000000000000E+00  4.303629E+08  8.495758E+08  3.872172E+26  1.163760E+18  6.064131E+07  7.824073E+08  1.371429E+01  2.027466E-26
     19  1.0175788744186364E-04  0.0000000000000000E+00  0.0000000000000000E+00  4.303629E+08  8.495758E+08  3.872172E+26  1.163760E+18  6.064131E+07  7.824073E+08  1.371429E+01  2.032033E-26
     20  1.0176055489390281E-04  0.0000000000000000E+00  0.0000000000000000E+00  4.303629E+08  8.495758E+08  3.872172E+26  1.163760E+18  6.064131E+07  7.824073E+08  1.371429E+01  2.041167E-26
     21  1.0176588979798114E-04  0.0000000000000000E+00  0.0000000000000000E+00  4.303629E+08  8.495758E+08  3.872172E+26  1.163760E+18  6.064131E+07  7.824073E+08  1.371429E+01  2.059442E-26
     22  1.0177655960613782E-04  0.0000000000000000E+00  0.0000000000000000E+00  4.303629E+08  8.495758E+08  3.872172E+26  1.163760E+18  6.064131E+07  7.824073E+08  1.371429E+01  2.095993E-26
     23  1.0179789922245117E-04  0.0000000000000000E+00  0.0000000000000000E+00  4.303629E+08  8.495758E+08  3.872172E+26  1.163760E+18  6.064131E+07  7.824073E+08  1.371429E+01  2.168839E-26
     24  1.0184057845507785E-04  0.0000000000000000E+00  0.0000000000000000E+00  4.303629E+08  8.495758E+08  3.872172E+26  1.163760E+18  6.064131E+07  7.824073E+08  1.371429E+01  2.310816E-26
     25  1.0192593692033123E-04  0.0000000000000000E+00  0.0000000000000000E+00  4.303629E+08  8.495758E+08  3.872172E+26  1.163760E+18  6.064131E+07  7.824073E+08  1.371429E+01  2.572865E-26
     26  1.0209665385083798E-04  0.0000000000000000E+00  0.0000000000000000E+00  4.303629E+08  8.495757E+08  3.872172E+26  1.163760E+18  6.064131E+07  7.824073E+08  1.371429E+01  3.008657E-26
     27  1.0243808771185149E-04  0.0000000000000000E+00  0.0000000000000000E+00  4.303629E+08  8.495756E+08  3.872171E+26  1.163760E+18  6.064131E+07  7.824073E+08  1.371429E+01  3.646842E-26
     28  1.0312095543387850E-04  0.0000000000000000E+00  0.0000000000000000E+00  4.303629E+08  8.495754E+08  3.872170E+26  1.163760E+18  6.064131E+07  7.824073E+08  1.371429E+01  4.489598E-26
     29  1.0448669087793252E-04  0.0000000000000000E+00  0.0000000000000000E+00  4.303628E+08  8.495750E+08  3.872168E+26  1.163760E+18  6.064131E+07  7.824072E+08  1.371429E+01  5.522069E-26
     30  1.0721816176604055E-04  0.0000000000000000E+00  0.0000000000000000E+00  4.303627E+08  8.495743E+08  3.872163E+26  1.163760E+18  6.064131E+07  7.824071E+08  1.371429E+01  6.719820E-26
     31  1.1268110354225661E-04  0.0000000000000000E+00  0.0000000000000000E+00  4.303625E+08  8.495727E+08  3.872153E+26  1.163760E+18  6.064132E+07  7.824069E+08  1.371429E+01  8.049511E-26
     32  1.2360698709468874E-04  0.0000000000000000E+00  0.0000000000000000E+00  4.303621E+08  8.495696E+08  3.872135E+26  1.163760E+18  6.064134E+07  7.824064E+08  1.371429E+01  9.471929E-26
     33  1.4545875419955299E-04  0.0000000000000000E+00  0.0000000000000000E+00  4.303613E+08  8.495635E+08  3.872097E+26  1.163760E+18  6.064137E+07  7.824054E+08  1.371429E+01  1.095542E-25
     34  1.8916228840928150E-04  0.0000000000000000E+00  0.0000000000000000E+00  4.303598E+08  8.495511E+08  3.872021E+26  1.163760E+18  6.064143E+07  7.824035E+08  1.371429E+01  1.248103E-25
     35  2.7656935682873854E-04  0.0000000000000000E+00  0.0000000000000000E+00  4.303575E+08  8.495270E+08  3.871874E+26  1.163760E+18  6.064159E+07  7.823998E+08  1.371429E+01  1.404480E-25
     36  4.5138349366765263E-04  0.0000000000000000E+00  0.0000000000000000E+00  4.303557E+08  8.494807E+08  3.871590E+26  1.163760E+18  6.064199E+07  7.823926E+08  1.371429E+01  1.565779E-25
     37  8.0101176734548069E-04  0.0000000000000000E+00  0.0000000000000000E+00  4.303621E+08  8.493950E+08  3.871067E+26  1.163760E+18  6.064310E+07  7.823794E+08  1.371429E+01  1.734422E-25
     38  1.5002683147011370E-03  0.0000000000000000E+00  0.0000000000000000E+00  4.304128E+08  8.492536E+08  3.870206E+26  1.163760E+18  6.064648E+07  7.823580E+08  1.371429E+01  1.913121E-25
     39  2.8987814094124497E-03  0.0000000000000000E+00  0.0000000000000000E+00  4.199976E+08  8.489799E+08  3.867775E+26  1.163760E+18  6.024392E+07  7.822299E+08  1.371429E+01  2.090989E-25
     40  5.6958075988350742E-03  0.0000000000000000E+00  0.0000000000000000E+00  4.203163E+08  8.499007E+08  3.873427E+26  1.163760E+18  6.024717E+07  7.823748E+08  1.371429E+01  2.288136E-25
     41  1.1289859977680325E-02  0.0000000000000000E+00  0.0000000000000000E+00  4.203076E+08  8.500142E+08  3.874120E+26  1.163760E+18  6.024569E+07  7.823922E+08  1.371429E+01  2.494947E-25
     42  2.1289859754162907E-02  0.0000000000000000E+00  0.0000000000000000E+00  4.203104E+08  8.500714E+08  3.874470E+26  1.163760E+18  6.024522E+07  7.824011E+08  1.371429E+01  2.705733E-25
     43  3.1289859530645489E-02  0.0000000000000000E+00  0.0000000000000000E+00  4.202160E+08  8.502496E+08  3.875553E+26  1.163760E+18  6.023971E+07  7.824278E+08  1.371429E+01  2.913706E-25
     44  4.1289859307128071E-02  0.0000000000000000E+00  0.0000000000000000E+00  4.200230E+08  8.506175E+08  3.877788E+26  1.163760E+18  6.022842E+07  7.824830E+08  1.371429E+01  3.120109E-25
     45  5.1289859083610653E-02  0.0000000000000000E+00  0.0000000000000000E+00  4.191824E+08  8.502637E+08  3.875564E+26  1.163760E+18  6.019889E+07  7.824215E+08  1.371429E+01  3.325272E-25
     46  6.1289858860093235E-02  0.0000000000000000E+00  0.0000000000000000E+00  4.179623E+08  8.493151E+08  3.869676E+26  1.163760E+18  6.016032E+07  7.822650E+08  1.371429E+01  3.528042E-25
     47  7.1289858636575817E-02  0.0000000000000000E+00  0.0000000000000000E+00  4.178560E+08  8.490656E+08  3.868144E+26  1.163760E+18  6.015863E+07  7.822255E+08  1.371429E+01  3.731715E-25
     48  8.1289858413058400E-02  0.0000000000000000E+00  0.0000000000000000E+00  4.174899E+08  8.485364E+08  3.864884E+26  1.163760E+18  6.014950E+07  7.821407E+08  1.371429E+01  3.934763E-25
     49  9.1289858189540982E-02  0.0000000000000000E+00  0.0000000000000000E+00  4.170804E+08  8.483471E+08  3.863697E+26  1.163760E+18  6.013520E+07  7.821080E+08  1.371429E+01  4.137229E-25
     50  1.0128985796602356E-01  0.0000000000000000E+00  0.0000000000000000E+00  4.165857E+08  8.480624E+08  3.861922E+26  1.163760E+18  6.011849E+07  7.820599E+08  1.371429E+01  4.339034E-25
     51  1.1128985774250615E-01  0.0000000000000000E+00  0.0000000000000000E+00  4.159627E+08  8.476707E+08  3.859485E+26  1.163760E+18  6.009774E+07  7.819942E+08  1.371429E+01  4.540370E-25
     52  1.2128985751898873E-01  0.0000000000000000E+00  0.0000000000000000E+00  4.151321E+08  8.468245E+08  3.854256E+26  1.163760E+18  6.007331E+07  7.818563E+08  1.371429E+01  4.741164E-25
     53  1.3128985729547132E-01  0.0000000000000000E+00  0.0000000000000000E+00  4.143621E+08  8.453623E+08  3.845276E+26  1.163760E+18  6.005746E+07  7.816233E+08  1.371429E+01  4.941089E-25
     54  1.4128985707195391E-01  0.0000000000000000E+00  0.0000000000000000E+00  4.143601E+08  8.480362E+08  3.861601E+26  1.163760E+18  6.003038E+07  7.820376E+08  1.371429E+01  5.142291E-25
     55  1.5128985684843649E-01  0.0000000000000000E+00  0.0000000000000000E+00  4.129952E+08  8.460520E+08  3.849386E+26  1.163760E+18  5.999600E+07  7.817190E+08  1.371429E+01  5.341114E-25
     56  1.6128985662491907E-01  0.0000000000000000E+00  0.0000000000000000E+00  4.120645E+08  8.454940E+08  3.845914E+26  1.163760E+18  5.996445E+07  7.816248E+08  1.371429E+01  5.539976E-25
     57  1.7128985640140165E-01  0.0000000000000000E+00  0.0000000000000000E+00  4.108394E+08  8.448072E+08  3.841635E+26  1.163760E+18  5.992232E+07  7.815082E+08  1.371429E+01  5.738212E-25
     58  1.8128985617788423E-01  0.0000000000000000E+00  0.0000000000000000E+00  4.093763E+08  8.434017E+08  3.832958E+26  1.163760E+18  5.987777E+07  7.812778E+08  1.371429E+01  5.935464E-25
     59  1.9128985595436682E-01  0.0000000000000000E+00  0.0000000000000000E+00  4.082086E+08  8.435032E+08  3.833493E+26  1.163760E+18  5.982970E+07  7.812840E+08  1.371429E+01  6.132636E-25
     60  2.0128985573084940E-01  0.0000000000000000E+00  0.0000000000000000E+00  4.062493E+08  8.424468E+08  3.826912E+26  1.163760E+18  5.976121E+07  7.811035E+08  1.371429E+01  6.328179E-25
     61  2.1128985550733198E-01  0.0000000000000000E+00  0.0000000000000000E+00  4.040737E+08  8.412636E+08  3.819548E+26  1.163760E+18  5.968486E+07  7.809014E+08  1.371429E+01  6.522718E-25
     62  2.2128985528381456E-01  0.0000000000000000E+00  0.0000000000000000E+00  4.016647E+08  8.399750E+08  3.811528E+26  1.163760E+18  5.959963E+07  7.806807E+08  1.371429E+01  6.716094E-25
     63  2.3128985506029714E-01  0.0000000000000000E+00  0.0000000000000000E+00  3.988889E+08  8.386181E+08  3.803072E+26  1.163760E+18  5.949948E+07  7.804460E+08  1.371429E+01  6.914418E-25
     64  2.4128985483677973E-01  0.0000000000000000E+00  0.0000000000000000E+00  3.958113E+08  8.370382E+08  3.793243E+26  1.163760E+18  5.938840E+07  7.801737E+08  1.371429E+01  7.109628E-25
     65  2.5128985461326231E-01  0.0000000000000000E+00  0.0000000000000000E+00  3.923105E+08  8.349905E+08  3.780549E+26  1.163760E+18  5.926356E+07  7.798241E+08  1.371429E+01  7.299911E-25
     66  2.6128985438974489E-01  0.0000000000000000E+00  0.0000000000000000E+00  3.884769E+08  8.327994E+08  3.766973E+26  1.163760E+18  5.912501E+07  7.794486E+08  1.371429E+01  7.487200E-25
     67  2.7128985416622747E-01  0.0000000000000000E+00  0.0000000000000000E+00  3.844794E+08  8.309206E+08  3.755293E+26  1.163760E+18  5.897491E+07  7.791202E+08  1.371429E+01  7.672256E-25
     68  2.8128985394271006E-01  0.0000000000000000E+00  0.0000000000000000E+00  3.876100E+08  8.272586E+08  3.733324E+26  1.163760E+18  5.914524E+07  7.785683E+08  1.371429E+01  7.860761E-25
     69  2.9128985371919264E-01  0.0000000000000000E+00  0.0000000000000000E+00  3.935668E+08  8.235296E+08  3.711179E+26  1.163760E+18  5.943375E+07  7.780269E+08  1.371429E+01  8.057150E-25
     70  3.0128985349567522E-01  0.0000000000000000E+00  0.0000000000000000E+00  4.005208E+08  8.226151E+08  3.706139E+26  1.163760E+18  5.973094E+07  7.779392E+08  1.371429E+01  8.259612E-25
     71  3.1128985327215780E-01  0.0000000000000000E+00  0.0000000000000000E+00  4.066282E+08  8.169433E+08  3.672321E+26  1.163760E+18  6.003916E+07  7.770866E+08  1.371429E+01  8.463221E-25
     72  3.2128985304864038E-01  0.0000000000000000E+00  0.0000000000000000E+00  4.137764E+08  8.099336E+08  3.630601E+26  1.163760E+18  6.040044E+07  7.760226E+08  1.371429E+01  8.669860E-25
     73  3.3128985282512297E-01  0.0000000000000000E+00  0.0000000000000000E+00  4.226098E+08  8.069915E+08  3.613529E+26  1.163760E+18  6.078116E+07  7.756221E+08  1.371429E+01  8.882004E-25
     74  3.4128985260160555E-01  0.0000000000000000E+00  0.0000000000000000E+00  4.308930E+08  8.017923E+08  3.582898E+26  1.163760E+18  6.115882E+07  7.748503E+08  1.371429E+01  9.097927E-25
     75  3.5128985237808813E-01  0.0000000000000000E+00  0.0000000000000000E+00  4.383611E+08  7.912392E+08  3.520279E+26  1.163760E+18  6.155888E+07  7.731923E+08  1.371429E+01  9.315596E-25
     76  3.6128985215457071E-01  0.0000000000000000E+00  0.0000000000000000E+00  4.243707E+08  7.841200E+08  3.476905E+26  1.163760E+18  6.109695E+07  7.719039E+08  1.371429E+01  9.511408E-25
     77  3.7128985193105329E-01  0.0000000000000000E+00  0.0000000000000000E+00  4.102161E+08  7.770221E+08  3.433795E+26  1.163760E+18  6.061287E+07  7.706086E+08  1.371429E+01  9.700132E-25
     78  3.8128985170753588E-01  0.0000000000000000E+00  0.0000000000000000E+00  3.958498E+08  7.661510E+08  3.368538E+26  1.163760E+18  6.014512E+07  7.686679E+08  1.371429E+01  9.882977E-25
     79  3.9128985148401846E-01  0.0000000000000000E+00  0.0000000000000000E+00  3.957507E+08  7.554147E+08  3.305327E+26  1.163760E+18  6.026160E+07  7.668476E+08  1.371429E+01  1.006455E-24
     80  4.0128985126050104E-01  0.0000000000000000E+00  0.0000000000000000E+00  4.104183E+08  7.383726E+08  3.206546E+26  1.163760E+18  6.105846E+07  7.640379E+08  1.371429E+01  1.027574E-24
     81  4.1128985103698362E-01  0.0000000000000000E+00  0.0000000000000000E+00  4.336671E+08  7.218844E+08  3.112238E+26  1.163760E+18  6.217018E+07  7.613428E+08  1.371429E+01  1.050708E-24
     82  4.2128985081346620E-01  0.0000000000000000E+00  0.0000000000000000E+00  3.552653E+08  7.085739E+08  3.030690E+26  1.163760E+18  5.903743E+07  7.583014E+08  1.371429E+01  1.070110E-24
     83  4.3128985058994879E-01  0.0000000000000000E+00  0.0000000000000000E+00  1.729185E+08  6.925884E+08  2.928615E+26  1.163760E+18  4.769820E+07  7.538576E+08  1.371429E+01  1.080690E-24
     84  4.4128985036643137E-01  0.0000000000000000E+00  0.0000000000000000E+00  2.642694E+07  6.709617E+08  2.797789E+26  1.163760E+18  1.506527E+07  7.485393E+08  1.371429E+01  1.094153E-24
     85  4.5128985014291395E-01  0.0000000000000000E+00  0.0000000000000000E+00  2.458978E+08  6.438022E+08  2.658569E+26  1.163760E+18  5.391821E+07  7.452243E+08  1.371429E+01  4.089791E-24
     86  4.5128985114291392E-01  0.0000000000000000E+00  0.0000000000000000E+00  2.458978E+08  6.438022E+08  2.658569E+26  1.163760E+18  5.391821E+07  7.452243E+08  1.371429E+01  4.089785E-24
     87  4.5128985314291387E-01  0.0000000000000000E+00  0.0000000000000000E+00  2.458978E+08  6.438022E+08  2.658569E+26  1.163760E+18  5.391822E+07  7.452243E+08  1.371429E+01  4.089774E-24
     88  4.5128985714291375E-01  0.0000000000000000E+00  0.0000000000000000E+00  2.458978E+08  6.438021E+08  2.658568E+26  1.163760E+18  5.391822E+07  7.452243E+08  1.371429E+01  4.089752E-24
     89  4.5128986514291358E-01  0.0000000000000000E+00  0.0000000000000000E+00  2.458979E+08  6.438021E+08  2.658568E+26  1.163760E+18  5.391823E+07  7.452243E+08  1.371429E+01  4.089711E-24
     90  4.5128988114291324E-01  0.0000000000000000E+00  0.0000000000000000E+00  2.458981E+08  6.438021E+08  2.658568E+26  1.163760E+18  5.391824E+07  7.452243E+08  1.371429E+01  4.089633E-24
     91  4.5128991314291250E-01  0.0000000000000000E+00  0.0000000000000000E+00  2.458985E+08  6.438020E+08  2.658567E+26  1.163760E+18  5.391826E+07  7.452243E+08  1.371429E+01  4.089499E-24
     92  4.5128997714291108E-01  0.0000000000000000E+00  0.0000000000000000E+00  2.458991E+08  6.438018E+08  2.658566E+26  1.163760E+18  5.391831E+07  7.452242E+08  1.371429E+01  4.089306E-24
     93  4.5129010514290824E-01  0.0000000000000000E+00  0.0000000000000000E+00  2.459005E+08  6.438014E+08  2.658564E+26  1.163760E+18  5.391840E+07  7.452242E+08  1.371429E+01  4.089129E-24
     94  4.5129036114290250E-01  0.0000000000000000E+00  0.0000000000000000E+00  2.459033E+08  6.438005E+08  2.658560E+26  1.163760E+18  5.391859E+07  7.452240E+08  1.371429E+01  4.089208E-24
     95  4.5129087314289107E-01  0.0000000000000000E+00  0.0000000000000000E+00  2.459088E+08  6.437989E+08  2.658551E+26  1.163760E+18  5.391897E+07  7.452238E+08  1.371429E+01  4.089838E-24
     96  4.5129189714286816E-01  0.0000000000000000E+00  0.0000000000000000E+00  2.459199E+08  6.437956E+08  2.658534E+26  1.163760E+18  5.391974E+07  7.452232E+08  1.371429E+01  4.091658E-24
     97  4.5129394514282239E-01  0.0000000000000000E+00  0.0000000000000000E+00  2.459421E+08  6.437891E+08  2.658499E+26  1.163760E+18  5.392126E+07  7.452221E+08  1.371429E+01  4.095302E-24
     98  4.5129804114273087E-01  0.0000000000000000E+00  0.0000000000000000E+00  2.459863E+08  6.437761E+08  2.658429E+26  1.163760E+18  5.392430E+07  7.452200E+08  1.371429E+01  4.100986E-24
     99  4.5130623314254775E-01  0.0000000000000000E+00  0.0000000000000000E+00  2.460749E+08  6.437500E+08  2.658288E+26  1.163760E+18  5.393039E+07  7.452156E+08  1.371429E+01  4.108947E-24
    100  4.5132261714218153E-01  0.0000000000000000E+00  0.0000000000000000E+00  2.462521E+08  6.436978E+08  2.658008E+26  1.163760E+18  5.394255E+07  7.452069E+08  1.371429E+01  4.119028E-24
    101  4.5135538514144913E-01  0.0000000000000000E+00  0.0000000000000000E+00  2.466064E+08  6.435935E+08  2.657448E+26  1.163760E+18  5.396686E+07  7.451895E+08  1.371429E+01  4.130882E-24
    102  4.5142092113998428E-01  0.0000000000000000E+00  0.0000000000000000E+00  2.473151E+08  6.433848E+08  2.656328E+26  1.163760E+18  5.401538E+07  7.451548E+08  1.371429E+01  4.144129E-24
    103  4.5155199313705457E-01  0.0000000000000000E+00  0.0000000000000000E+00  2.487324E+08  6.429674E+08  2.654088E+26  1.163760E+18  5.411204E+07  7.450852E+08  1.371429E+01  4.158391E-24
    104  4.5181413713119523E-01  0.0000000000000000E+00  0.0000000000000000E+00  2.440690E+08  6.421313E+08  2.649199E+26  1.163760E+18  5.382083E+07  7.448817E+08  1.371429E+01  4.173122E-24
    105  4.5233842511947647E-01  0.0000000000000000E+00  0.0000000000000000E+00  2.216298E+08  6.404567E+08  2.638713E+26  1.163760E+18  5.230554E+07  7.443619E+08  1.371429E+01  4.185833E-24
    106  4.5338700109603897E-01  0.0000000000000000E+00  0.0000000000000000E+00  1.236139E+08  6.375791E+08  2.617550E+26  1.163760E+18  4.299539E+07  7.429559E+08  1.371429E+01  4.194453E-24
    107  4.5548415304916395E-01  0.0000000000000000E+00  0.0000000000000000E+00  6.243100E+07  6.312120E+08  2.579120E+26  1.163760E+18  3.163004E+07  7.411554E+08  1.371429E+01  4.195496E-24
    108  4.5548415346859433E-01  0.0000000000000000E+00  0.0000000000000000E+00  6.243106E+07  6.312120E+08  2.579120E+26  1.163760E+18  3.163006E+07  7.411554E+08  1.371429E+01  4.195496E-24
    109  4.5548415430745509E-01  0.0000000000000000E+00  0.0000000000000000E+00  6.243119E+07  6.312120E+08  2.579120E+26  1.163760E+18  3.163009E+07  7.411554E+08  1.371429E+01  4.195496E-24
    110  4.5548415598517666E-01  0.0000000000000000E+00  0.0000000000000000E+00  6.243143E+07  6.312120E+08  2.579120E+26  1.163760E+18  3.163016E+07  7.411554E+08  1.371429E+01  4.195496E-24
    111  4.5548415934061981E-01  0.0000000000000000E+00  0.0000000000000000E+00  6.243192E+07  6.312120E+08  2.579120E+26  1.163760E+18  3.163030E+07  7.411554E+08  1.371429E+01  4.195496E-24
    112  4.5548416605150605E-01  0.0000000000000000E+00  0.0000000000000000E+00  6.243290E+07  6.312120E+08  2.579120E+26  1.163760E+18  3.163057E+07  7.411554E+08  1.371429E+01  4.195496E-24
    113  4.5548417947327857E-01  0.0000000000000000E+00  0.0000000000000000E+00  6.243487E+07  6.312120E+08  2.579120E+26  1.163760E+18  3.163112E+07  7.411554E+08  1.371429E+01  4.195496E-24
    114  4.5548420631682357E-01  0.0000000000000000E+00  0.0000000000000000E+00  6.243880E+07  6.312119E+08  2.579120E+26  1.163760E+18  3.163222E+07  7.411554E+08  1.371429E+01  4.195496E-24
    115  4.5548426000391357E-01  0.0000000000000000E+00  0.0000000000000000E+00  6.244665E+07  6.312117E+08  2.579119E+26  1.163760E+18  3.163441E+07  7.411554E+08  1.371429E+01  4.195496E-24
    116  4.5548436737809356E-01  0.0000000000000000E+00  0.0000000000000000E+00  6.246236E+07  6.312113E+08  2.579118E+26  1.163760E+18  3.163880E+07  7.411555E+08  1.371429E+01  4.195496E-24
    117  4.5548458212645354E-01  0.0000000000000000E+00  0.0000000000000000E+00  6.249377E+07  6.312106E+08  2.579116E+26  1.163760E+18  3.164757E+07  7.411556E+08  1.371429E+01  4.195496E-24
    118  4.5548501162317356E-01  0.0000000000000000E+00  0.0000000000000000E+00  6.255660E+07  6.312091E+08  2.579111E+26  1.163760E+18  3.166510E+07  7.411559E+08  1.371429E+01  4.195496E-24
    119  4.5548587061661355E-01  0.0000000000000000E+00  0.0000000000000000E+00  6.268227E+07  6.312062E+08  2.579102E+26  1.163760E+18  3.170010E+07  7.411565E+08  1.371429E+01  4.195496E-24
    120  4.5548758860349353E-01  0.0000000000000000E+00  0.0000000000000000E+00  6.293359E+07  6.312004E+08  2.579084E+26  1.163760E+18  3.176985E+07  7.411576E+08  1.371429E+01  4.195495E-24
    121  4.5549102457725354E-01  0.0000000000000000E+00  0.0000000000000000E+00  6.343624E+07  6.311887E+08  2.579048E+26  1.163760E+18  3.190843E+07  7.411598E+08  1.371429E+01  4.195495E-24
    122  4.5549789652477357E-01  0.0000000000000000E+00  0.0000000000000000E+00  6.444153E+07  6.311654E+08  2.578976E+26  1.163760E+18  3.218190E+07  7.411642E+08  1.371429E+01  4.195494E-24
    123  4.5551164041981357E-01  0.0000000000000000E+00  0.0000000000000000E+00  6.645212E+07  6.311188E+08  2.578831E+26  1.163760E+18  3.271467E+07  7.411730E+08  1.371429E+01  4.195493E-24
    124  4.5553912820989356E-01  0.0000000000000000E+00  0.0000000000000000E+00  7.047331E+07  6.310256E+08  2.578542E+26  1.163760E+18  3.372778E+07  7.411904E+08  1.371429E+01  4.195493E-24
    125  4.5559410379005355E-01  0.0000000000000000E+00  0.0000000000000000E+00  7.851567E+07  6.308392E+08  2.577959E+26  1.163760E+18  3.557255E+07  7.412249E+08  1.371429E+01  4.195517E-24
    126  4.5570405495037353E-01  0.0000000000000000E+00  0.0000000000000000E+00  9.460040E+07  6.304663E+08  2.576783E+26  1.163760E+18  3.870222E+07  7.412926E+08  1.371429E+01  4.196030E-24
    127  4.5592395727101354E-01  0.0000000000000000E+00  0.0000000000000000E+00  1.267699E+08  6.297206E+08  2.574404E+26  1.163760E+18  4.350888E+07  7.414241E+08  1.371429E+01  4.202132E-24
    128  4.5636376191229355E-01  0.0000000000000000E+00  0.0000000000000000E+00  1.041165E+09  6.289980E+08  2.622987E+26  1.163760E+18  7.986776E+07  7.496005E+08  1.371431E+01  6.327949E-21
    129  4.5636376200025447E-01  0.0000000000000000E+00  0.0000000000000000E+00  1.041165E+09  6.289980E+08  2.622987E+26  1.163760E+18  7.986776E+07  7.496005E+08  1.371431E+01  6.327948E-21
    130  4.5636376217617630E-01  0.0000000000000000E+00  0.0000000000000000E+00  1.041166E+09  6.289980E+08  2.622987E+26  1.163760E+18  7.986777E+07  7.496005E+08  1.371431E+01  6.327949E-21
    131  4.5636376252802002E-01  0.0000000000000000E+00  0.0000000000000000E+00  1.041167E+09  6.289980E+08  2.622987E+26  1.163760E+18  7.986778E+07  7.496005E+08  1.371431E+01  6.327949E-21
    132  4.5636376323170746E-01  0.0000000000000000E+00  0.0000000000000000E+00  1.041168E+09  6.289980E+08  2.622987E+26  1.163760E+18  7.986781E+07  7.496005E+08  1.371431E+01  6.327950E-21
    133  4.5636376463908229E-01  0.0000000000000000E+00  0.0000000000000000E+00  1.041171E+09  6.289980E+08  2.622987E+26  1.163760E+18  7.986788E+07  7.496005E+08  1.371431E+01  6.327952E-21
    134  4.5636376745383200E-01  0.0000000000000000E+00  0.0000000000000000E+00  1.041177E+09  6.289980E+08  2.622987E+26  1.163760E+18  7.986800E+07  7.496006E+08  1.371431E+01  6.327956E-21
    135  4.5636377308333143E-01  0.0000000000000000E+00  0.0000000000000000E+00  1.041189E+09  6.289980E+08  2.622988E+26  1.163760E+18  7.986826E+07  7.496007E+08  1.371431E+01  6.327963E-21
    136  4.5636378434233027E-01  0.0000000000000000E+00  0.0000000000000000E+00  1.041214E+09  6.289980E+08  2.622989E+26  1.163760E+18  7.986877E+07  7.496010E+08  1.371431E+01  6.327972E-21
    137  4.5636380686032790E-01  0.0000000000000000E+00  0.0000000000000000E+00  1.041262E+09  6.289979E+08  2.622992E+26  1.163760E+18  7.986978E+07  7.496014E+08  1.371431E+01  6.327985E-21
    138  4.5636385189632317E-01  0.0000000000000000E+00  0.0000000000000000E+00  1.041359E+09  6.289979E+08  2.622998E+26  1.163760E+18  7.987182E+07  7.496024E+08  1.371431E+01  6.328000E-21
    139  4.5636394196831370E-01  0.0000000000000000E+00  0.0000000000000000E+00  1.041553E+09  6.289977E+08  2.623010E+26  1.163760E+18  7.987588E+07  7.496043E+08  1.371431E+01  6.328018E-21
    140  4.5636412211229477E-01  0.0000000000000000E+00  0.0000000000000000E+00  1.041942E+09  6.289974E+08  2.623034E+26  1.163760E+18  7.988402E+07  7.496082E+08  1.371431E+01  6.328038E-21
    141  4.5636448240025690E-01  0.0000000000000000E+00  0.0000000000000000E+00  1.042718E+09  6.289969E+08  2.623082E+26  1.163760E+18  7.990027E+07  7.496158E+08  1.371431E+01  6.328061E-21
    142  4.5636520297618116E-01  0.0000000000000000E+00  0.0000000000000000E+00  1.044271E+09  6.289957E+08  2.623177E+26  1.163760E+18  7.993277E+07  7.496312E+08  1.371431E+01  6.328085E-21
    143  4.5636664412802969E-01  0.0000000000000000E+00  0.0000000000000000E+00  1.047378E+09  6.289935E+08  2.623367E+26  1.163760E+18  7.999768E+07  7.496620E+08  1.371431E+01  6.328109E-21
    144  4.5636952643172679E-01  0.0000000000000000E+00  0.0000000000000000E+00  1.053590E+09  6.289889E+08  2.623748E+26  1.163760E+18  8.012718E+07  7.497236E+08  1.371431E+01  6.328135E-21
    145  4.5637529103912100E-01  0.0000000000000000E+00  0.0000000000000000E+00  1.066015E+09  6.289798E+08  2.624512E+26  1.163761E+18  8.038489E+07  7.498470E+08  1.371431E+01  6.328163E-21
    146  4.5638682025390936E-01  0.0000000000000000E+00  0.0000000000000000E+00  1.090865E+09  6.289617E+08  2.626050E+26  1.163761E+18  8.089531E+07  7.500950E+08  1.371432E+01  6.328195E-21
    147  4.5640987868348609E-01  0.0000000000000000E+00  0.0000000000000000E+00  1.140565E+09  6.289254E+08  2.629162E+26  1.163762E+18  8.189727E+07  7.505957E+08  1.371435E+01  6.328228E-21
    148  4.5645599554263955E-01  0.0000000000000000E+00  0.0000000000000000E+00  1.239965E+09  6.288528E+08  2.635529E+26  1.163772E+18  8.383264E+07  7.516153E+08  1.371463E+01  6.328187E-21
    149  4.5646521891447023E-01  0.0000000000000000E+00  0.0000000000000000E+00  1.259845E+09  6.288383E+08  2.636825E+26  1.163777E+18  8.420957E+07  7.518221E+08  1.371478E+01  6.328192E-21
    150  4.5648366565813164E-01  0.0000000000000000E+00  0.0000000000000000E+00  1.299605E+09  6.288093E+08  2.639441E+26  1.163795E+18  8.495365E+07  7.522386E+08  1.371527E+01  6.328139E-21
    151  4.5652055914545442E-01  0.0000000000000000E+00  0.0000000000000000E+00  1.379125E+09  6.287512E+08  2.644755E+26  1.163909E+18  8.640108E+07  7.530820E+08  1.371803E+01  6.327930E-21
    152  4.5652793784291895E-01  0.0000000000000000E+00  0.0000000000000000E+00  1.395029E+09  6.287396E+08  2.645829E+26  1.163961E+18  8.668326E+07  7.532520E+08  1.371912E+01  6.327908E-21
    153  4.5654269523784807E-01  0.0000000000000000E+00  0.0000000000000000E+00  1.426837E+09  6.287164E+08  2.647987E+26  1.164126E+18  8.723881E+07  7.535932E+08  1.372226E+01  6.327768E-21
    154  4.5657221002770632E-01  0.0000000000000000E+00  0.0000000000000000E+00  1.490453E+09  6.286699E+08  2.652322E+26  1.164854E+18  8.830345E+07  7.542765E+08  1.373506E+01  6.319748E-21
    155  4.5663123960742275E-01  0.0000000000000000E+00  0.0000000000000000E+00  1.617685E+09  6.285770E+08  2.660728E+26  1.170513E+18  9.004629E+07  7.555944E+08  1.383322E+01  8.323595E-21
    156  4.5663850392386368E-01  0.0000000000000000E+00  0.0000000000000000E+00  1.633343E+09  6.285656E+08  2.661662E+26  1.172240E+18  9.018882E+07  7.557403E+08  1.386033E+01  8.702580E-21
    157  4.5664684175961912E-01  0.0000000000000000E+00  0.0000000000000000E+00  1.651314E+09  6.285524E+08  2.662712E+26  1.174315E+18  9.032939E+07  7.559039E+08  1.389641E+01  9.420675E-21
    158  4.5666351743112993E-01  0.0000000000000000E+00  0.0000000000000000E+00  1.687257E+09  6.285262E+08  2.664684E+26  1.179704E+18  9.050147E+07  7.562103E+08  1.399278E+01  9.509260E-21
    159  4.5669686877415155E-01  0.0000000000000000E+00  0.0000000000000000E+00  1.759142E+09  6.284737E+08  2.667786E+26  1.197506E+18  9.027187E+07  7.566873E+08  1.431883E+01  9.595096E-21
    160  4.5674257484871605E-01  0.0000000000000000E+00  0.0000000000000000E+00  1.857657E+09  6.284018E+08  2.669708E+26  1.240178E+18  8.852842E+07  7.569710E+08  1.513726E+01  3.110414E-20
    161  4.5674753333377099E-01  0.0000000000000000E+00  0.0000000000000000E+00  1.868344E+09  6.283940E+08  2.669774E+26  1.245852E+18  8.826010E+07  7.569793E+08  1.525052E+01  6.486967E-20
    162  4.5675463032708291E-01  0.0000000000000000E+00  0.0000000000000000E+00  1.883641E+09  6.283828E+08  2.669846E+26  1.254157E+18  8.786517E+07  7.569875E+08  1.541769E+01  2.182388E-19
    163  4.5676882431370674E-01  0.0000000000000000E+00  0.0000000000000000E+00  1.914235E+09  6.283605E+08  2.669928E+26  1.271136E+18  8.705164E+07  7.569945E+08  1.576673E+01  1.951957E-18
    164  4.5679721228695447E-01  0.0000000000000000E+00  0.0000000000000000E+00  1.985375E+09  6.282064E+08  2.670294E+26  1.304243E+18  8.564621E+07  7.571083E+08  1.647922E+01  5.589144E-17
    165  4.5680288988160400E-01  0.0000000000000000E+00  0.0000000000000000E+00  2.008665E+09  6.280760E+08  2.670482E+26  1.311028E+18  8.548848E+07  7.572110E+08  1.663077E+01  1.140335E-16
    166  4.5681328710472213E-01  0.0000000000000000E+00  0.0000000000000000E+00  2.051316E+09  6.278372E+08  2.670774E+26  1.323796E+18  8.517129E+07  7.573908E+08  1.692132E+01  4.061866E-16
    167  4.5683408155095839E-01  0.0000000000000000E+00  0.0000000000000000E+00  2.136618E+09  6.273595E+08  2.671623E+26  1.347214E+18  8.468024E+07  7.577902E+08  1.747390E+01  3.132098E-15
    168  4.5687567044343086E-01  0.0000000000000000E+00  0.0000000000000000E+00  2.307223E+09  6.264042E+08  2.676292E+26  1.374096E+18  8.512353E+07  7.590440E+08  1.813828E+01  2.425186E-14
    169  4.5692399201311368E-01  0.0000000000000000E+00  0.0000000000000000E+00  2.505446E+09  6.252943E+08  2.684330E+26  1.384391E+18  8.709088E+07  7.609086E+08  1.840313E+01  3.873621E-14
    170  4.5692436333397163E-01  0.0000000000000000E+00  0.0000000000000000E+00  2.506969E+09  6.252858E+08  2.684407E+26  1.384439E+18  8.710919E+07  7.609252E+08  1.840398E+01  3.876583E-14
    171  4.5692510597568753E-01  0.0000000000000000E+00  0.0000000000000000E+00  2.510015E+09  6.252687E+08  2.684562E+26  1.384516E+18  8.714585E+07  7.609584E+08  1.840566E+01  3.879236E-14
    172  4.5692659125911939E-01  0.0000000000000000E+00  0.0000000000000000E+00  2.516108E+09  6.252346E+08  2.684872E+26  1.384665E+18  8.721940E+07  7.610249E+08  1.840892E+01  3.884514E-14
    173  4.5692956182598304E-01  0.0000000000000000E+00  0.0000000000000000E+00  2.528294E+09  6.251664E+08  2.685497E+26  1.384947E+18  8.736740E+07  7.611587E+08  1.841509E+01  3.895210E-14
    174  4.5693550295971042E-01  0.0000000000000000E+00  0.0000000000000000E+00  2.552665E+09  6.250299E+08  2.686762E+26  1.385460E+18  8.766651E+07  7.614285E+08  1.842611E+01  3.917135E-14
    175  4.5694738522716510E-01  0.0000000000000000E+00  0.0000000000000000E+00  2.601408E+09  6.247570E+08  2.689352E+26  1.386363E+18  8.827435E+07  7.619769E+08  1.844396E+01  3.967047E-14
    176  4.5697114976207448E-01  0.0000000000000000E+00  0.0000000000000000E+00  2.698894E+09  6.242111E+08  2.694738E+26  1.388060E+18  8.951272E+07  7.631033E+08  1.846867E+01  4.190516E-14
    177  4.5697590266905636E-01  0.0000000000000000E+00  0.0000000000000000E+00  2.718392E+09  6.241020E+08  2.695846E+26  1.388433E+18  8.976261E+07  7.633328E+08  1.847238E+01  4.291127E-14
    178  4.5698540848302011E-01  0.0000000000000000E+00  0.0000000000000000E+00  2.757386E+09  6.238836E+08  2.698089E+26  1.389270E+18  9.026346E+07  7.637959E+08  1.847900E+01  4.624592E-14
    179  4.5700442011094761E-01  0.0000000000000000E+00  0.0000000000000000E+00  2.835375E+09  6.234469E+08  2.702681E+26  1.391540E+18  9.126725E+07  7.647371E+08  1.848987E+01  6.351017E-14
    180  4.5704244336680266E-01  0.0000000000000000E+00  0.0000000000000000E+00  2.991352E+09  6.225735E+08  2.712217E+26  1.401096E+18  9.325028E+07  7.666679E+08  1.851421E+01  4.532961E-13
    181  4.5704899528479165E-01  0.0000000000000000E+00  0.0000000000000000E+00  3.018229E+09  6.224230E+08  2.713869E+26  1.403869E+18  9.357860E+07  7.670013E+08  1.852229E+01  8.773253E-13
    182  4.5706209912076967E-01  0.0000000000000000E+00  0.0000000000000000E+00  3.071984E+09  6.221221E+08  2.717203E+26  1.410620E+18  9.421474E+07  7.676716E+08  1.854503E+01  3.962745E-12
    183  4.5708830679272572E-01  0.0000000000000000E+00  0.0000000000000000E+00  3.179492E+09  6.215201E+08  2.723674E+26  1.429045E+18  9.532432E+07  7.689784E+08  1.864493E+01  9.358412E-11
    184  4.5714072213663781E-01  0.0000000000000000E+00  0.0000000000000000E+00  3.394508E+09  6.203161E+08  2.733052E+26  1.486137E+18  9.580933E+07  7.710276E+08  1.946883E+01  1.704214E-08
    185  4.5714706368991742E-01  0.0000000000000000E+00  0.0000000000000000E+00  3.420522E+09  6.201705E+08  2.733561E+26  1.496324E+18  9.560085E+07  7.711779E+08  1.967288E+01  2.499799E-08
    186  4.5715827640272771E-01  0.0000000000000000E+00  0.0000000000000000E+00  3.466518E+09  6.199129E+08  2.734026E+26  1.516887E+18  9.505987E+07  7.713758E+08  2.011002E+01  5.928768E-08
    187  4.5718070182834830E-01  0.0000000000000000E+00  0.0000000000000000E+00  3.558511E+09  6.193978E+08  2.733333E+26  1.567060E+18  9.336969E+07  7.715212E+08  2.129613E+01  3.464789E-07
    188  4.5722555267958953E-01  0.0000000000000000E+00  0.0000000000000000E+00  3.742497E+09  6.183676E+08  2.728977E+26  1.671972E+18  8.913069E+07  7.713599E+08  2.452582E+01  1.352417E-05
    189  4.5723068735259170E-01  0.0000000000000000E+00  0.0000000000000000E+00  3.763560E+09  6.182497E+08  2.728525E+26  1.681944E+18  8.872617E+07  7.713506E+08  2.490179E+01  1.686965E-05
    190  4.5723638041855258E-01  0.0000000000000000E+00  0.0000000000000000E+00  3.786914E+09  6.181189E+08  2.728274E+26  1.692267E+18  8.832507E+07  7.713769E+08  2.530267E+01  2.183493E-05
    191  4.5724776655047428E-01  0.0000000000000000E+00  0.0000000000000000E+00  3.833622E+09  6.178574E+08  2.728152E+26  1.710603E+18  8.766446E+07  7.714880E+08  2.604960E+01  3.397577E-05
    192  4.5727053881431773E-01  0.0000000000000000E+00  0.0000000000000000E+00  3.927037E+09  6.173343E+08  2.729503E+26  1.738413E+18  8.690859E+07  7.719533E+08  2.727367E+01  6.405517E-05
    193  4.5731608334200458E-01  0.0000000000000000E+00  0.0000000000000000E+00  4.113868E+09  6.162881E+08  2.737486E+26  1.767251E+18  8.714986E+07  7.736865E+08  2.868430E+01  2.211628E-04
    194  4.5732097597172305E-01  0.0000000000000000E+00  0.0000000000000000E+00  4.133939E+09  6.161758E+08  2.738651E+26  1.769107E+18  8.726614E+07  7.739189E+08  2.877544E+01  3.385214E-04
    195  4.5732712874204762E-01  0.0000000000000000E+00  0.0000000000000000E+00  4.159178E+09  6.160344E+08  2.740208E+26  1.771086E+18  8.743203E+07  7.742248E+08  2.887606E+01  3.923907E-04
    196  4.5733943428269674E-01  0.0000000000000000E+00  0.0000000000000000E+00  4.209658E+09  6.157518E+08  2.743506E+26  1.774316E+18  8.781030E+07  7.748640E+08  2.904364E+01  5.418488E-04
    197  4.5736404536399500E-01  0.0000000000000000E+00  0.0000000000000000E+00  4.310616E+09  6.151865E+08  2.750686E+26  1.778786E+18  8.870285E+07  7.762287E+08  2.927835E+01  1.102528E-03
    198  4.5736896758025464E-01  0.0000000000000000E+00  0.0000000000000000E+00  4.330808E+09  6.150734E+08  2.752199E+26  1.779439E+18  8.889781E+07  7.765130E+08  2.931293E+01  1.275988E-03
    199  4.5737881201277397E-01  0.0000000000000000E+00  0.0000000000000000E+00  4.371191E+09  6.148473E+08  2.755291E+26  1.780574E+18  8.929991E+07  7.770911E+08  2.937283E+01  1.707679E-03
    200  4.5739850087781259E-01  0.0000000000000000E+00  0.0000000000000000E+00  4.451958E+09  6.143951E+08  2.761712E+26  1.782256E+18  9.014523E+07  7.782818E+08  2.946115E+01  3.007318E-03
    201  4.5740243865082031E-01  0.0000000000000000E+00  0.0000000000000000E+00  4.468112E+09  6.143046E+08  2.763033E+26  1.782505E+18  9.032026E+07  7.785252E+08  2.947422E+01  3.350220E-03
    202  4.5741031419683575E-01  0.0000000000000000E+00  0.0000000000000000E+00  4.500419E+09  6.141237E+08  2.765708E+26  1.782935E+18  9.067550E+07  7.790169E+08  2.949636E+01  4.141547E-03
    203  4.5742584730353225E-01  0.0000000000000000E+00  0.0000000000000000E+00  4.564138E+09  6.137669E+08  2.771111E+26  1.783528E+18  9.139482E+07  7.800050E+08  2.952562E+01  6.146963E-03
    204  4.5745691351692525E-01  0.0000000000000000E+00  0.0000000000000000E+00  4.691577E+09  6.130533E+08  2.782227E+26  1.784054E+18  9.287266E+07  7.820248E+08  2.955320E+01  1.243947E-02
    205  4.5746037672392043E-01  0.0000000000000000E+00  0.0000000000000000E+00  4.705783E+09  6.129738E+08  2.783322E+26  1.784080E+18  9.302481E+07  7.822293E+08  2.956506E+01  1.374428E-02
    206  4.5746492757404572E-01  0.0000000000000000E+00  0.0000000000000000E+00  4.724452E+09  6.128693E+08  2.785004E+26  1.784147E+18  9.324284E+07  7.825327E+08  2.956800E+01  1.492950E-02
    207  4.5747402927429637E-01  0.0000000000000000E+00  0.0000000000000000E+00  4.761788E+09  6.126602E+08  2.788384E+26  1.784293E+18  9.367649E+07  7.831412E+08  2.957573E+01  1.732935E-02
    208  4.5749223267479766E-01  0.0000000000000000E+00  0.0000000000000000E+00  4.836462E+09  6.122421E+08  2.795159E+26  1.784760E+18  9.452172E+07  7.843593E+08  2.960815E+01  2.202939E-02
    209  4.5752863947580019E-01  0.0000000000000000E+00  0.0000000000000000E+00  4.985808E+09  6.114058E+08  2.808334E+26  1.787057E+18  9.601823E+07  7.867339E+08  2.982252E+01  2.878081E-02
    210  4.5753255356154715E-01  0.0000000000000000E+00  0.0000000000000000E+00  5.001864E+09  6.113159E+08  2.809673E+26  1.787756E+18  9.614881E+07  7.869770E+08  2.986923E+01  3.343014E-02
    211  4.5754017330514413E-01  0.0000000000000000E+00  0.0000000000000000E+00  5.033122E+09  6.111409E+08  2.812317E+26  1.788896E+18  9.640640E+07  7.874554E+08  2.995794E+01  4.038733E-02
    212  4.5755541279233808E-01  0.0000000000000000E+00  0.0000000000000000E+00  5.095637E+09  6.107909E+08  2.817271E+26  1.792090E+18  9.681242E+07  7.883613E+08  3.022278E+01  5.535983E-02
    213  4.5755846068977685E-01  0.0000000000000000E+00  0.0000000000000000E+00  5.108140E+09  6.107208E+08  2.818203E+26  1.792896E+18  9.687480E+07  7.885335E+08  3.029115E+01  5.921919E-02
    214  4.5756455648465444E-01  0.0000000000000000E+00  0.0000000000000000E+00  5.133146E+09  6.105808E+08  2.819994E+26  1.794742E+18  9.697734E+07  7.888668E+08  3.044647E+01  6.842029E-02
    215  4.5757674807440962E-01  0.0000000000000000E+00  0.0000000000000000E+00  5.183157E+09  6.103008E+08  2.823226E+26  1.799449E+18  9.707781E+07  7.894801E+08  3.084670E+01  9.348891E-02
    216  4.5760113125391999E-01  0.0000000000000000E+00  0.0000000000000000E+00  5.283181E+09  6.097407E+08  2.827696E+26  1.814273E+18  9.671820E+07  7.904058E+08  3.216258E+01  1.826095E-01
    217  4.5760564384617120E-01  0.0000000000000000E+00  0.0000000000000000E+00  5.301693E+09  6.096371E+08  2.828194E+26  1.817826E+18  9.656354E+07  7.905276E+08  3.249592E+01  2.029419E-01
    218  4.5761466903067360E-01  0.0000000000000000E+00  0.0000000000000000E+00  5.338715E+09  6.094298E+08  2.828751E+26  1.826105E+18  9.614142E+07  7.907056E+08  3.328676E+01  2.563651E-01
    219  4.5763271939967842E-01  0.0000000000000000E+00  0.0000000000000000E+00  5.412761E+09  6.090152E+08  2.828419E+26  1.846045E+18  9.495191E+07  7.908462E+08  3.533246E+01  3.914634E-01
    220  4.5766882013768806E-01  0.0000000000000000E+00  0.0000000000000000E+00  5.517097E+09  6.080100E+08  2.819920E+26  1.885662E+18  9.206524E+07  7.901498E+08  4.018553E+01  6.657206E-01
    221  4.5772937467700936E-01  0.0000000000000000E+00  0.0000000000000000E+00  5.659476E+09  6.061929E+08  2.820281E+26  1.908714E+18  9.175431E+07  7.913000E+08  4.302438E+01  8.720444E-01
    222  4.5772938139087743E-01  0.0000000000000000E+00  0.0000000000000000E+00  5.659492E+09  6.061927E+08  2.820152E+26  1.910021E+18  9.173430E+07  7.912814E+08  4.305386E+01  8.714599E-01
    223  4.5772938756295051E-01  0.0000000000000000E+00  0.0000000000000000E+00  5.659506E+09  6.061925E+08  2.820190E+26  1.910084E+18  9.174270E+07  7.912871E+08  4.304158E+01  8.685787E-01
    224  4.5772939990709660E-01  0.0000000000000000E+00  0.0000000000000000E+00  5.659535E+09  6.061922E+08  2.820309E+26  1.910030E+18  9.176904E+07  7.913049E+08  4.300281E+01  8.645195E-01
    225  4.5772942459538879E-01  0.0000000000000000E+00  0.0000000000000000E+00  5.659593E+09  6.061914E+08  2.820431E+26  1.909969E+18  9.179602E+07  7.913235E+08  4.296369E+01  8.607803E-01
    226  4.5772947397197322E-01  0.0000000000000000E+00  0.0000000000000000E+00  5.659709E+09  6.061899E+08  2.820486E+26  1.909946E+18  9.180810E+07  7.913326E+08  4.294779E+01  8.592039E-01
    227  4.5772957272514203E-01  0.0000000000000000E+00  0.0000000000000000E+00  5.659941E+09  6.061870E+08  2.820500E+26  1.909966E+18  9.181046E+07  7.913364E+08  4.294845E+01  8.592633E-01
    228  4.5772977023147965E-01  0.0000000000000000E+00  0.0000000000000000E+00  5.660406E+09  6.061811E+08  2.820516E+26  1.910014E+18  9.181282E+07  7.913423E+08  4.295324E+01  8.597450E-01
    229  4.5773016524415494E-01  0.0000000000000000E+00  0.0000000000000000E+00  5.661335E+09  6.061692E+08  2.820548E+26  1.910108E+18  9.181769E+07  7.913544E+08  4.296262E+01  8.606985E-01
    230  4.5773095526950552E-01  0.0000000000000000E+00  0.0000000000000000E+00  5.663192E+09  6.061455E+08  2.820617E+26  1.910292E+18  9.182798E+07  7.913788E+08  4.298055E+01  8.625722E-01
    231  4.5773253532020669E-01  0.0000000000000000E+00  0.0000000000000000E+00  5.666907E+09  6.060981E+08  2.820763E+26  1.910638E+18  9.185072E+07  7.914292E+08  4.301325E+01  8.661912E-01
    232  4.5773569542160902E-01  0.0000000000000000E+00  0.0000000000000000E+00  5.674338E+09  6.060033E+08  2.821093E+26  1.911256E+18  9.190443E+07  7.915355E+08  4.306652E+01  8.729482E-01
    233  4.5774201562441363E-01  0.0000000000000000E+00  0.0000000000000000E+00  5.689198E+09  6.058136E+08  2.821884E+26  1.912228E+18  9.204027E+07  7.917676E+08  4.313084E+01  8.847720E-01
    234  4.5775465603002291E-01  0.0000000000000000E+00  0.0000000000000000E+00  5.718919E+09  6.054343E+08  2.823881E+26  1.913345E+18  9.240133E+07  7.922935E+08  4.312616E+01  9.031648E-01
    235  4.5777993684124141E-01  0.0000000000000000E+00  0.0000000000000000E+00  5.778360E+09  6.046757E+08  2.828970E+26  1.913482E+18  9.335405E+07  7.935082E+08  4.277623E+01  9.268841E-01
    236  4.5783049846367840E-01  0.0000000000000000E+00  0.0000000000000000E+00  5.897244E+09  6.031584E+08  2.841467E+26  1.909732E+18  9.573003E+07  7.962834E+08  4.143815E+01  9.514381E-01
    237  4.5793162170855245E-01  0.0000000000000000E+00  0.0000000000000000E+00  6.135010E+09  6.001239E+08  2.872862E+26  1.893103E+18  1.017873E+08  8.027954E+08  3.746286E+01  9.773664E-01
    238  4.5794691882233357E-01  0.0000000000000000E+00  0.0000000000000000E+00  6.170978E+09  5.996649E+08  2.878402E+26  1.890017E+18  1.028712E+08  8.038995E+08  3.674083E+01  9.784801E-01
    239  4.5797751304989587E-01  0.0000000000000000E+00  0.0000000000000000E+00  6.242912E+09  5.987468E+08  2.889101E+26  1.883298E+18  1.049450E+08  8.060520E+08  3.547178E+01  9.793846E-01
    240  4.5803870150502041E-01  0.0000000000000000E+00  0.0000000000000000E+00  6.386782E+09  5.969106E+08  2.911912E+26  1.868226E+18  1.093870E+08  8.105724E+08  3.290817E+01  9.811795E-01
    241  4.5805093919604534E-01  0.0000000000000000E+00  0.0000000000000000E+00  6.415556E+09  5.965434E+08  2.917337E+26  1.863960E+18  1.104806E+08  8.116063E+08  3.225904E+01  9.813595E-01
    242  4.5807541457809514E-01  0.0000000000000000E+00  0.0000000000000000E+00  6.473104E+09  5.958090E+08  2.927462E+26  1.856616E+18  1.124826E+08  8.135663E+08  3.118172E+01  9.820307E-01
    243  4.5812436534219481E-01  0.0000000000000000E+00  0.0000000000000000E+00  6.588200E+09  5.943400E+08  2.948532E+26  1.840950E+18  1.166593E+08  8.176113E+08  2.909794E+01  9.834688E-01
    244  4.5822226687039408E-01  0.0000000000000000E+00  0.0000000000000000E+00  6.818391E+09  5.914022E+08  2.995196E+26  1.802904E+18  1.260117E+08  8.263878E+08  2.508698E+01  9.856362E-01
    245  4.5824051130105986E-01  0.0000000000000000E+00  0.0000000000000000E+00  6.861288E+09  5.908547E+08  3.005340E+26  1.794160E+18  1.281040E+08  8.282419E+08  2.427286E+01  9.851759E-01
    246  4.5827700016239142E-01  0.0000000000000000E+00  0.0000000000000000E+00  6.947083E+09  5.897598E+08  3.024866E+26  1.777247E+18  1.320575E+08  8.318351E+08  2.289158E+01  9.853572E-01
    247  4.5834997788505449E-01  0.0000000000000000E+00  0.0000000000000000E+00  7.118672E+09  5.875699E+08  3.066322E+26  1.740129E+18  1.404435E+08  8.393813E+08  2.035340E+01  9.866786E-01
    248  4.5836457342958709E-01  0.0000000000000000E+00  0.0000000000000000E+00  7.152990E+09  5.871319E+08  3.075626E+26  1.731024E+18  1.423283E+08  8.410424E+08  1.982329E+01  9.853743E-01
    249  4.5839376451865232E-01  0.0000000000000000E+00  0.0000000000000000E+00  7.221626E+09  5.862559E+08  3.093931E+26  1.713689E+18  1.460440E+08  8.443173E+08  1.887492E+01  9.854035E-01
    250  4.5845214669678280E-01  0.0000000000000000E+00  0.0000000000000000E+00  7.358897E+09  5.845040E+08  3.132929E+26  1.675736E+18  1.539547E+08  8.512198E+08  1.708362E+01  9.864127E-01
    251  4.5856891105304376E-01  0.0000000000000000E+00  0.0000000000000000E+00  7.458537E+09  5.814231E+08  3.151176E+26  1.645897E+18  1.600680E+08  8.562170E+08  1.590942E+01  9.849280E-01
    252  4.5880243976556562E-01  0.0000000000000000E+00  0.0000000000000000E+00  7.450405E+09  5.757631E+08  3.113840E+26  1.645203E+18  1.604412E+08  8.553303E+08  1.587772E+01  9.854797E-01
    253  4.5926949719060933E-01  0.0000000000000000E+00  0.0000000000000000E+00  7.434139E+09  5.644430E+08  3.038133E+26  1.645996E+18  1.608333E+08  8.533329E+08  1.590086E+01  9.855446E-01
    254  4.6020361204069676E-01  0.0000000000000000E+00  0.0000000000000000E+00  7.401752E+09  5.481771E+08  2.926830E+26  1.649917E+18  1.608759E+08  8.499185E+08  1.603627E+01  9.855833E-01
    255  4.6207184174087162E-01  0.0000000000000000E+00  0.0000000000000000E+00  7.355328E+09  5.266875E+08  2.780199E+26  1.656304E+18  1.607558E+08  8.451135E+08  1.626090E+01  9.856557E-01
    256  4.6580830114122140E-01  0.0000000000000000E+00  0.0000000000000000E+00  7.348083E+09  5.229433E+08  2.753658E+26  1.659057E+18  1.605752E+08  8.440731E+08  1.634076E+01  9.857653E-01
    257  4.7328121994192091E-01  0.0000000000000000E+00  0.0000000000000000E+00  7.355219E+09  5.180014E+08  2.723490E+26  1.658914E+18  1.612170E+08  8.434645E+08  1.628349E+01  9.859707E-01
    258  4.8328121971840349E-01  0.0000000000000000E+00  0.0000000000000000E+00  7.580260E+09  6.269714E+08  3.467287E+26  1.643921E+18  1.598845E+08  8.648145E+08  1.567139E+01  9.858258E-01
    259  4.9328121949488607E-01  0.0000000000000000E+00  0.0000000000000000E+00  7.247805E+09  4.609404E+08  2.345030E+26  1.682176E+18  1.609117E+08  8.297753E+08  1.704878E+01  9.861583E-01
    260  5.0328121927136871E-01  0.0000000000000000E+00  0.0000000000000000E+00  7.083331E+09  3.943882E+08  1.926312E+26  1.697403E+18  1.621590E+08  8.132263E+08  1.764922E+01  9.868326E-01
    261  5.1328121904785129E-01  0.0000000000000000E+00  0.0000000000000000E+00  6.994426E+09  3.618895E+08  1.726648E+26  1.711645E+18  1.619897E+08  8.038175E+08  1.825636E+01  9.869998E-01
    262  5.2328121882433387E-01  0.0000000000000000E+00  0.0000000000000000E+00  6.868026E+09  3.196314E+08  1.476611E+26  1.727003E+18  1.625152E+08  7.910757E+08  1.897422E+01  9.871807E-01
    263  5.3328121860081645E-01  0.0000000000000000E+00  0.0000000000000000E+00  6.731362E+09  2.790133E+08  1.245013E+26  1.743342E+18  1.631641E+08  7.776071E+08  1.981531E+01  9.873617E-01
    264  5.4328121837729904E-01  0.0000000000000000E+00  0.0000000000000000E+00  6.596509E+09  2.455679E+08  1.059910E+26  1.760412E+18  1.633530E+08  7.648876E+08  2.078996E+01  9.875651E-01
    265  5.5328121815378162E-01  0.0000000000000000E+00  0.0000000000000000E+00  6.470591E+09  2.154959E+08  9.008076E+25  1.775344E+18  1.641800E+08  7.528714E+08  2.172565E+01  9.877707E-01
    266  5.6328121793026420E-01  0.0000000000000000E+00  0.0000000000000000E+00  6.330422E+09  1.875146E+08  7.572544E+25  1.791984E+18  1.648015E+08  7.401278E+08  2.288721E+01  9.880750E-01
    267  5.7328121770674678E-01  0.0000000000000000E+00  0.0000000000000000E+00  6.185218E+09  1.625247E+08  6.335765E+25  1.809075E+18  1.654286E+08  7.273213E+08  2.422738E+01  9.884594E-01
    268  5.8328121748322936E-01  0.0000000000000000E+00  0.0000000000000000E+00  6.047647E+09  1.417733E+08  5.346129E+25  1.825109E+18  1.660641E+08  7.154742E+08  2.564022E+01  9.888900E-01
    269  5.8654596999999997E-01  0.0000000000000000E+00  0.0000000000000000E+00  6.005209E+09  1.358978E+08  5.071404E+25  1.830957E+18  1.661077E+08  7.117891E+08  2.619664E+01  9.892037E-01
