                           time                     pos                     vel                    temp                     den                    pres                    ener                    entr                      cs
      1  1.0175522000000001E-04  0.0000000000000000E+00  0.0000000000000000E+00  9.868810E+07  7.888815E+06  5.933955E+23  1.382835E+17  7.701377E+07  3.318601E+08  1.371429E+01  2.022900E-26
      2  1.0175522001017553E-04  0.0000000000000000E+00  0.0000000000000000E+00  9.868810E+07  7.888815E+06  5.933955E+23  1.382835E+17  7.701377E+07  3.318601E+08  1.371429E+01  2.022900E-26
      3  1.0175522003052657E-04  0.0000000000000000E+00  0.0000000000000000E+00  9.868810E+07  7.888815E+06  5.933955E+23  1.382835E+17  7.701377E+07  3.318601E+08  1.371429E+01  2.022900E-26
      4  1.0175522007122866E-04  0.0000000000000000E+00  0.0000000000000000E+00  9.868810E+07  7.888815E+06  5.933955E+23  1.382835E+17  7.701377E+07  3.318601E+08  1.371429E+01  2.022900E-26
      5  1.0175522015263284E-04  0.0000000000000000E+00  0.0000000000000000E+00  9.868810E+07  7.888815E+06  5.933955E+23  1.382835E+17  7.701377E+07  3.318601E+08  1.371429E+01  2.022900E-26
      6  1.0175522031544119E-04  0.0000000000000000E+00  0.0000000000000000E+00  9.868810E+07  7.888815E+06  5.933955E+23  1.382835E+17  7.701377E+07  3.318601E+08  1.371429E+01  2.022900E-26
      7  1.0175522064105789E-04  0.0000000000000000E+00  0.0000000000000000E+00  9.868810E+07  7.888815E+06  5.933955E+23  1.382835E+17  7.701377E+07  3.318601E+08  1.371429E+01  2.022900E-26
      8  1.0175522129229130E-04  0.0000000000000000E+00  0.0000000000000000E+00  9.868810E+07  7.888815E+06  5.933955E+23  1.382835E+17  7.701377E+07  3.318601E+08  1.371429E+01  2.022900E-26
      9  1.0175522259475811E-04  0.0000000000000000E+00  0.0000000000000000E+00  9.868810E+07  7.888815E+06  5.933955E+23  1.382835E+17  7.701377E+07  3.318601E+08  1.371429E+01  2.022900E-26
     10  1.0175522519969174E-04  0.0000000000000000E+00  0.0000000000000000E+00  9.868810E+07  7.888815E+06  5.933955E+23  1.382835E+17  7.701377E+07  3.318601E+08  1.371429E+01  2.022900E-26
     11  1.0175523040955900E-04  0.0000000000000000E+00  0.0000000000000000E+00  9.868810E+07  7.888815E+06  5.933955E+23  1.382835E+17  7.701377E+07  3.318601E+08  1.371429E+01  2.022900E-26
     12  1.0175524082929354E-04  0.0000000000000000E+00  0.0000000000000000E+00  9.868810E+07  7.888815E+06  5.933955E+23  1.382835E+17  7.701377E+07  3.318601E+08  1.371429E+01  2.022900E-26
     13  1.0175526166876259E-04  0.0000000000000000E+00  0.0000000000000000E+00  9.868810E+07  7.888815E+06  5.933955E+23  1.382835E+17  7.701377E+07  3.318601E+08  1.371429E+01  2.022900E-26
     14  1.0175530334770070E-04  0.0000000000000000E+00  0.0000000000000000E+00  9.868810E+07  7.888815E+06  5.933955E+23  1.382835E+17  7.701377E+07  3.318601E+08  1.371429E+01  2.022900E-26
     15  1.0175538670557692E-04  0.0000000000000000E+00  0.0000000000000000E+00  9.868810E+07  7.888815E+06  5.933955E+23  1.382835E+17  7.701377E+07  3.318601E+08  1.371429E+01  2.022900E-26
     16  1.0175555342132937E-04  0.0000000000000000E+00  0.0000000000000000E+00  9.868810E+07  7.888815E+06  5.933955E+23  1.382835E+17  7.701377E+07  3.318601E+08  1.371429E+01  2.022901E-26
     17  1.0175588685283427E-04  0.0000000000000000E+00  0.0000000000000000E+00  9.868810E+07  7.888815E+06  5.933955E+23  1.382835E+17  7.701377E+07  3.318601E+08  1.371429E+01  2.022901E-26
     18  1.0175655371584406E-04  0.0000000000000000E+00  0.0000000000000000E+00  9.868810E+07  7.888815E+06  5.933955E+23  1.382835E+17  7.701377E+07  3.318601E+08  1.371429E+01  2.022902E-26
     19  1.0175788744186364E-04  0.0000000000000000E+00  0.0000000000000000E+00  9.868810E+07  7.888815E+06  5.933955E+23  1.382835E+17  7.701377E+07  3.318601E+08  1.371429E+01  2.022904E-26
     20  1.0176055489390281E-04  0.0000000000000000E+00  0.0000000000000000E+00  9.868810E+07  7.888815E+06  5.933955E+23  1.382835E+17  7.701377E+07  3.318601E+08  1.371429E+01  2.022908E-26
     21  1.0176588979798114E-04  0.0000000000000000E+00  0.0000000000000000E+00  9.868810E+07  7.888815E+06  5.933955E+23  1.382835E+17  7.701377E+07  3.318601E+08  1.371429E+01  2.022917E-26
     22  1.0177655960613782E-04  0.0000000000000000E+00  0.0000000000000000E+00  9.868810E+07  7.888815E+06  5.933955E+23  1.382835E+17  7.701377E+07  3.318601E+08  1.371429E+01  2.022934E-26
     23  1.0179789922245117E-04  0.0000000000000000E+00  0.0000000000000000E+00  9.868810E+07  7.888815E+06  5.933955E+23  1.382835E+17  7.701377E+07  3.318601E+08  1.371429E+01  2.022968E-26
     24  1.0184057845507785E-04  0.0000000000000000E+00  0.0000000000000000E+00  9.868810E+07  7.888815E+06  5.933955E+23  1.382835E+17  7.701377E+07  3.318601E+08  1.371429E+01  2.023036E-26
     25  1.0192593692033123E-04  0.0000000000000000E+00  0.0000000000000000E+00  9.868810E+07  7.888815E+06  5.933955E+23  1.382835E+17  7.701377E+07  3.318601E+08  1.371429E+01  2.023172E-26
     26  1.0209665385083798E-04  0.0000000000000000E+00  0.0000000000000000E+00  9.868810E+07  7.888815E+06  5.933955E+23  1.382835E+17  7.701377E+07  3.318601E+08  1.371429E+01  2.023443E-26
     27  1.0243808771185149E-04  0.0000000000000000E+00  0.0000000000000000E+00  9.868810E+07  7.888815E+06  5.933955E+23  1.382835E+17  7.701377E+07  3.318601E+08  1.371429E+01  2.023986E-26
     28  1.0312095543387850E-04  0.0000000000000000E+00  0.0000000000000000E+00  9.868810E+07  7.888815E+06  5.933955E+23  1.382835E+17  7.701377E+07  3.318601E+08  1.371429E+01  2.025073E-26
     29  1.0448669087793252E-04  0.0000000000000000E+00  0.0000000000000000E+00  9.868810E+07  7.888815E+06  5.933955E+23  1.382835E+17  7.701377E+07  3.318601E+08  1.371429E+01  2.027245E-26
     30  1.0721816176604055E-04  0.0000000000000000E+00  0.0000000000000000E+00  9.868810E+07  7.888814E+06  5.933954E+23  1.382835E+17  7.701377E+07  3.318601E+08  1.371429E+01  2.031591E-26
     31  1.1268110354225661E-04  0.0000000000000000E+00  0.0000000000000000E+00  9.868809E+07  7.888813E+06  5.933953E+23  1.382835E+17  7.701377E+07  3.318601E+08  1.371429E+01  2.040289E-26
     32  1.2360698709468874E-04  0.0000000000000000E+00  0.0000000000000000E+00  9.868807E+07  7.888811E+06  5.933950E+23  1.382835E+17  7.701377E+07  3.318601E+08  1.371429E+01  2.057730E-26
     33  1.4545875419955299E-04  0.0000000000000000E+00  0.0000000000000000E+00  9.868804E+07  7.888806E+06  5.933945E+23  1.382835E+17  7.701377E+07  3.318601E+08  1.371429E+01  2.092507E-26
     34  1.8916228840928150E-04  0.0000000000000000E+00  0.0000000000000000E+00  9.868798E+07  7.888798E+06  5.933936E+23  1.382835E+17  7.701377E+07  3.318600E+08  1.371429E+01  2.160249E-26
     35  2.7656935682873854E-04  0.0000000000000000E+00  0.0000000000000000E+00  9.868786E+07  7.888780E+06  5.933916E+23  1.382835E+17  7.701377E+07  3.318598E+08  1.371429E+01  2.285015E-26
     36  4.5138349366765263E-04  0.0000000000000000E+00  0.0000000000000000E+00  9.868763E+07  7.888744E+06  5.933877E+23  1.382835E+17  7.701377E+07  3.318595E+08  1.371429E+01  2.492205E-26
     37  8.0101176734548069E-04  0.0000000000000000E+00  0.0000000000000000E+00  9.868716E+07  7.888674E+06  5.933800E+23  1.382835E+17  7.701377E+07  3.318589E+08  1.371429E+01  2.789708E-26
     38  1.5002683147011370E-03  0.0000000000000000E+00  0.0000000000000000E+00  9.868627E+07  7.888536E+06  5.933648E+23  1.382835E+17  7.701377E+07  3.318576E+08  1.371429E+01  3.165292E-26
     39  2.8987814094124497E-03  0.0000000000000000E+00  0.0000000000000000E+00  9.868464E+07  7.888279E+06  5.933364E+23  1.382835E+17  7.701379E+07  3.318553E+08  1.371429E+01  3.602843E-26
     40  5.6958075988350742E-03  0.0000000000000000E+00  0.0000000000000000E+00  9.868216E+07  7.887896E+06  5.932942E+23  1.382835E+17  7.701380E+07  3.318518E+08  1.371429E+01  4.095237E-26
     41  1.1289859977680325E-02  0.0000000000000000E+00  0.0000000000000000E+00  9.868098E+07  7.887764E+06  5.932797E+23  1.382835E+17  7.701375E+07  3.318506E+08  1.371429E+01  4.648836E-26
     42  2.1289859754162907E-02  0.0000000000000000E+00  0.0000000000000000E+00  9.866448E+07  7.887147E+06  5.932109E+23  1.382835E+17  7.701155E+07  3.318448E+08  1.371429E+01  5.264084E-26
     43  3.1289859530645489E-02  0.0000000000000000E+00  0.0000000000000000E+00  9.888056E+07  7.880705E+06  5.925205E+23  1.382835E+17  7.705753E+07  3.317920E+08  1.371429E+01  5.879377E-26
     44  4.1289859307128071E-02  0.0000000000000000E+00  0.0000000000000000E+00  1.016609E+08  7.909066E+06  5.958378E+23  1.382835E+17  7.751119E+07  3.321036E+08  1.371429E+01  6.554065E-26
     45  5.1289859083610653E-02  0.0000000000000000E+00  0.0000000000000000E+00  1.019895E+08  7.859097E+06  5.903824E+23  1.382835E+17  7.762766E+07  3.316654E+08  1.371429E+01  7.241448E-26
     46  6.1289858860093235E-02  0.0000000000000000E+00  0.0000000000000000E+00  1.014838E+08  7.799893E+06  5.838721E+23  1.382835E+17  7.761109E+07  3.311239E+08  1.371429E+01  7.902306E-26
     47  7.1289858636575817E-02  0.0000000000000000E+00  0.0000000000000000E+00  1.023285E+08  7.986274E+06  6.043836E+23  1.382835E+17  7.753529E+07  3.328008E+08  1.371429E+01  8.586972E-26
     48  8.1289858413058400E-02  0.0000000000000000E+00  0.0000000000000000E+00  1.030895E+08  7.774589E+06  5.812295E+23  1.382835E+17  7.791905E+07  3.309305E+08  1.371429E+01  9.293097E-26
     49  9.1289858189540982E-02  0.0000000000000000E+00  0.0000000000000000E+00  1.018310E+08  7.667182E+06  5.694636E+23  1.382835E+17  7.783298E+07  3.299288E+08  1.371429E+01  9.947645E-26
     50  1.0128985796602356E-01  0.0000000000000000E+00  0.0000000000000000E+00  1.049512E+08  8.032491E+06  6.096844E+23  1.382835E+17  7.792807E+07  3.332627E+08  1.371429E+01  1.069700E-25
     51  1.1128985774250615E-01  0.0000000000000000E+00  0.0000000000000000E+00  1.057073E+08  8.021189E+06  6.084924E+23  1.382835E+17  7.806859E+07  3.331797E+08  1.371429E+01  1.145240E-25
     52  1.2128985751898873E-01  0.0000000000000000E+00  0.0000000000000000E+00  1.027300E+08  7.665882E+06  5.693876E+23  1.382835E+17  7.799009E+07  3.299363E+08  1.371429E+01  1.213820E-25
     53  1.3128985729547132E-01  0.0000000000000000E+00  0.0000000000000000E+00  1.093537E+08  7.889070E+06  5.942173E+23  1.382835E+17  7.883035E+07  3.320909E+08  1.371429E+01  1.302476E-25
     54  1.4128985707195391E-01  0.0000000000000000E+00  0.0000000000000000E+00  1.106575E+08  8.053411E+06  6.124341E+23  1.382835E+17  7.884619E+07  3.335679E+08  1.371429E+01  1.386989E-25
     55  1.5128985684843649E-01  0.0000000000000000E+00  0.0000000000000000E+00  1.087267E+08  7.634896E+06  5.664677E+23  1.382835E+17  7.903964E+07  3.297830E+08  1.371429E+01  1.466210E-25
     56  1.6128985662491907E-01  0.0000000000000000E+00  0.0000000000000000E+00  1.133977E+08  7.780602E+06  5.826488E+23  1.382835E+17  7.961592E+07  3.312078E+08  1.371429E+01  1.549979E-25
     57  1.7128985640140165E-01  0.0000000000000000E+00  0.0000000000000000E+00  1.158122E+08  7.931546E+06  5.993750E+23  1.382835E+17  7.981247E+07  3.326077E+08  1.371429E+01  1.642478E-25
     58  1.8128985617788423E-01  0.0000000000000000E+00  0.0000000000000000E+00  1.162808E+08  7.813513E+06  5.864609E+23  1.382835E+17  8.003031E+07  3.315665E+08  1.371429E+01  1.731281E-25
     59  1.9128985595436682E-01  0.0000000000000000E+00  0.0000000000000000E+00  1.167500E+08  7.866143E+06  5.922606E+23  1.382835E+17  8.003869E+07  3.320473E+08  1.371429E+01  1.818712E-25
     60  2.0128985573084940E-01  0.0000000000000000E+00  0.0000000000000000E+00  1.186570E+08  7.940204E+06  6.005462E+23  1.382835E+17  8.024309E+07  3.327463E+08  1.371429E+01  1.913746E-25
     61  2.1128985550733198E-01  0.0000000000000000E+00  0.0000000000000000E+00  1.171468E+08  7.660420E+06  5.698525E+23  1.382835E+17  8.035687E+07  3.302008E+08  1.371429E+01  2.004098E-25
     62  2.2128985528381456E-01  0.0000000000000000E+00  0.0000000000000000E+00  1.192484E+08  7.916733E+06  5.980082E+23  1.382835E+17  8.036245E+07  3.325515E+08  1.371429E+01  2.095127E-25
     63  2.3128985506029714E-01  0.0000000000000000E+00  0.0000000000000000E+00  1.277061E+08  8.195157E+06  6.295364E+23  1.382835E+17  8.128538E+07  3.351655E+08  1.371429E+01  2.206817E-25
     64  2.4128985483677973E-01  0.0000000000000000E+00  0.0000000000000000E+00  1.312619E+08  8.072613E+06  6.161745E+23  1.382835E+17  8.194420E+07  3.341844E+08  1.371429E+01  2.332033E-25
     65  2.5128985461326231E-01  0.0000000000000000E+00  0.0000000000000000E+00  1.246677E+08  7.635554E+06  5.677183E+23  1.382835E+17  8.153329E+07  3.301405E+08  1.371429E+01  2.425572E-25
     66  2.6128985438974489E-01  0.0000000000000000E+00  0.0000000000000000E+00  1.265518E+08  7.788930E+06  5.845542E+23  1.382835E+17  8.161611E+07  3.315724E+08  1.371429E+01  2.527509E-25
     67  2.7128985416622747E-01  0.0000000000000000E+00  0.0000000000000000E+00  1.286850E+08  7.921029E+06  5.992113E+23  1.382835E+17  8.176142E+07  3.327973E+08  1.371429E+01  2.635634E-25
     68  2.8128985394271006E-01  0.0000000000000000E+00  0.0000000000000000E+00  1.306523E+08  8.113518E+06  6.206717E+23  1.382835E+17  8.180745E+07  3.345260E+08  1.371429E+01  2.745253E-25
     69  2.9128985371919264E-01  0.0000000000000000E+00  0.0000000000000000E+00  1.326931E+08  8.048884E+06  6.136557E+23  1.382835E+17  8.217624E+07  3.340094E+08  1.371429E+01  2.864389E-25
     70  3.0128985349567522E-01  0.0000000000000000E+00  0.0000000000000000E+00  1.290857E+08  7.575835E+06  5.615883E+23  1.382835E+17  8.226017E+07  3.296918E+08  1.371429E+01  2.969532E-25
     71  3.1128985327215780E-01  0.0000000000000000E+00  0.0000000000000000E+00  1.290370E+08  7.662237E+06  5.709424E+23  1.382835E+17  8.214066E+07  3.304818E+08  1.371429E+01  3.070164E-25
     72  3.2128985304864038E-01  0.0000000000000000E+00  0.0000000000000000E+00  1.322675E+08  7.970695E+06  6.049694E+23  1.382835E+17  8.221274E+07  3.333151E+08  1.371429E+01  3.185264E-25
     73  3.3128985282512297E-01  0.0000000000000000E+00  0.0000000000000000E+00  1.336603E+08  8.091104E+06  6.184203E+23  1.382835E+17  8.226061E+07  3.343982E+08  1.371429E+01  3.301876E-25
     74  3.4128985260160555E-01  0.0000000000000000E+00  0.0000000000000000E+00  1.334262E+08  7.944130E+06  6.021291E+23  1.382835E+17  8.240965E+07  3.331069E+08  1.371429E+01  3.415985E-25
     75  3.5128985237808813E-01  0.0000000000000000E+00  0.0000000000000000E+00  1.285868E+08  7.430003E+06  5.458603E+23  1.382835E+17  8.238059E+07  3.283270E+08  1.371429E+01  3.520349E-25
     76  3.6128985215457071E-01  0.0000000000000000E+00  0.0000000000000000E+00  1.286563E+08  7.541789E+06  5.578813E+23  1.382835E+17  8.224242E+07  3.293682E+08  1.371429E+01  3.618205E-25
     77  3.7128985193105329E-01  0.0000000000000000E+00  0.0000000000000000E+00  1.349474E+08  7.839641E+06  5.907568E+23  1.382835E+17  8.275522E+07  3.322139E+08  1.371429E+01  3.745757E-25
     78  3.8128985170753588E-01  0.0000000000000000E+00  0.0000000000000000E+00  1.381292E+08  7.824200E+06  5.893133E+23  1.382835E+17  8.321688E+07  3.321477E+08  1.371429E+01  3.874717E-25
     79  3.9128985148401846E-01  0.0000000000000000E+00  0.0000000000000000E+00  1.387071E+08  7.743664E+06  5.805498E+23  1.382835E+17  8.340050E+07  3.314380E+08  1.371429E+01  3.999472E-25
     80  4.0128985126050104E-01  0.0000000000000000E+00  0.0000000000000000E+00  1.373072E+08  7.557128E+06  5.601898E+23  1.382835E+17  8.345260E+07  3.297061E+08  1.371429E+01  4.117407E-25
     81  4.1128985103698362E-01  0.0000000000000000E+00  0.0000000000000000E+00  1.374876E+08  7.591061E+06  5.638719E+23  1.382835E+17  8.343250E+07  3.300222E+08  1.371429E+01  4.238382E-25
     82  4.2128985081346620E-01  0.0000000000000000E+00  0.0000000000000000E+00  1.395130E+08  7.819816E+06  5.889416E+23  1.382835E+17  8.341251E+07  3.321399E+08  1.371429E+01  4.363934E-25
     83  4.3128985058994879E-01  0.0000000000000000E+00  0.0000000000000000E+00  1.410867E+08  7.813057E+06  5.883249E+23  1.382835E+17  8.363570E+07  3.321151E+08  1.371429E+01  4.496178E-25
     84  4.4128985036643137E-01  0.0000000000000000E+00  0.0000000000000000E+00  1.405850E+08  7.633619E+06  5.687212E+23  1.382835E+17  8.380238E+07  3.304825E+08  1.371429E+01  4.620008E-25
     85  4.5128985014291395E-01  0.0000000000000000E+00  0.0000000000000000E+00  1.449273E+08  7.636087E+06  5.693261E+23  1.382835E+17  8.438570E+07  3.306046E+08  1.371429E+01  4.761636E-25
     86  4.6128984991939653E-01  0.0000000000000000E+00  0.0000000000000000E+00  1.444209E+08  7.431685E+06  5.472279E+23  1.382835E+17  8.459520E+07  3.287059E+08  1.371429E+01  4.896499E-25
     87  4.7128984969587912E-01  0.0000000000000000E+00  0.0000000000000000E+00  1.457301E+08  7.499615E+06  5.546310E+23  1.382835E+17  8.467742E+07  3.293684E+08  1.371429E+01  5.030541E-25
     88  4.8128984947236170E-01  0.0000000000000000E+00  0.0000000000000000E+00  1.486484E+08  7.749271E+06  5.819447E+23  1.382835E+17  8.472778E+07  3.317157E+08  1.371429E+01  5.176536E-25
     89  4.9128984924884428E-01  0.0000000000000000E+00  0.0000000000000000E+00  1.464256E+08  7.487052E+06  5.533316E+23  1.382835E+17  8.478733E+07  3.292681E+08  1.371429E+01  5.313973E-25
     90  5.0128984902532681E-01  0.0000000000000000E+00  0.0000000000000000E+00  1.452022E+08  7.459950E+06  5.503227E+23  1.382835E+17  8.466118E+07  3.289877E+08  1.371429E+01  5.441910E-25
     91  5.1128984880180939E-01  0.0000000000000000E+00  0.0000000000000000E+00  1.485447E+08  7.461146E+06  5.507076E+23  1.382835E+17  8.510379E+07  3.290767E+08  1.371429E+01  5.589185E-25
     92  5.2128984857829197E-01  0.0000000000000000E+00  0.0000000000000000E+00  1.578010E+08  7.408522E+06  5.457727E+23  1.382835E+17  8.637427E+07  3.288035E+08  1.371429E+01  5.745058E-25
     93  5.3128984835477455E-01  0.0000000000000000E+00  0.0000000000000000E+00  1.747396E+08  7.719072E+06  5.807645E+23  1.382835E+17  8.800855E+07  3.320571E+08  1.371429E+01  5.989231E-25
     94  5.3128986058336058E-01  0.0000000000000000E+00  0.0000000000000000E+00  1.747397E+08  7.719073E+06  5.807646E+23  1.382835E+17  8.800855E+07  3.320571E+08  1.371429E+01  5.989280E-25
     95  5.3128988504053265E-01  0.0000000000000000E+00  0.0000000000000000E+00  1.747397E+08  7.719073E+06  5.807646E+23  1.382835E+17  8.800855E+07  3.320571E+08  1.371429E+01  5.989377E-25
     96  5.3128993395487678E-01  0.0000000000000000E+00  0.0000000000000000E+00  1.747397E+08  7.719074E+06  5.807648E+23  1.382835E+17  8.800855E+07  3.320571E+08  1.371429E+01  5.989571E-25
     97  5.3129003178356493E-01  0.0000000000000000E+00  0.0000000000000000E+00  1.747397E+08  7.719077E+06  5.807650E+23  1.382835E+17  8.800855E+07  3.320571E+08  1.371429E+01  5.989960E-25
     98  5.3129022744094123E-01  0.0000000000000000E+00  0.0000000000000000E+00  1.747398E+08  7.719081E+06  5.807655E+23  1.382835E+17  8.800856E+07  3.320572E+08  1.371429E+01  5.990738E-25
     99  5.3129061875569394E-01  0.0000000000000000E+00  0.0000000000000000E+00  1.747400E+08  7.719091E+06  5.807666E+23  1.382835E+17  8.800857E+07  3.320573E+08  1.371429E+01  5.992296E-25
    100  5.3129140138519926E-01  0.0000000000000000E+00  0.0000000000000000E+00  1.747404E+08  7.719109E+06  5.807686E+23  1.382835E+17  8.800859E+07  3.320574E+08  1.371429E+01  5.995417E-25
    101  5.3129296664421000E-01  0.0000000000000000E+00  0.0000000000000000E+00  1.747412E+08  7.719146E+06  5.807728E+23  1.382835E+17  8.800862E+07  3.320578E+08  1.371429E+01  6.001610E-25
    102  5.3129609716223136E-01  0.0000000000000000E+00  0.0000000000000000E+00  1.747427E+08  7.719220E+06  5.807810E+23  1.382835E+17  8.800870E+07  3.320585E+08  1.371429E+01  6.013556E-25
    103  5.3130235819827409E-01  0.0000000000000000E+00  0.0000000000000000E+00  1.747458E+08  7.719369E+06  5.807975E+23  1.382835E+17  8.800886E+07  3.320599E+08  1.371429E+01  6.035232E-25
    104  5.3131488027035956E-01  0.0000000000000000E+00  0.0000000000000000E+00  1.747520E+08  7.719666E+06  5.808305E+23  1.382835E+17  8.800917E+07  3.320627E+08  1.371429E+01  6.070657E-25
    105  5.3133992441453048E-01  0.0000000000000000E+00  0.0000000000000000E+00  1.747643E+08  7.720260E+06  5.808964E+23  1.382835E+17  8.800980E+07  3.320684E+08  1.371429E+01  6.121843E-25
    106  5.3139001270287245E-01  0.0000000000000000E+00  0.0000000000000000E+00  1.747890E+08  7.721448E+06  5.810284E+23  1.382835E+17  8.801106E+07  3.320797E+08  1.371429E+01  6.189421E-25
    107  5.3149018927955638E-01  0.0000000000000000E+00  0.0000000000000000E+00  1.748384E+08  7.723825E+06  5.812923E+23  1.382835E+17  8.801357E+07  3.321022E+08  1.371429E+01  6.274220E-25
    108  5.3169054243292424E-01  0.0000000000000000E+00  0.0000000000000000E+00  1.749371E+08  7.728577E+06  5.818202E+23  1.382835E+17  8.801859E+07  3.321473E+08  1.371429E+01  6.377238E-25
    109  5.3209124873965996E-01  0.0000000000000000E+00  0.0000000000000000E+00  1.755812E+08  7.742211E+06  5.833654E+23  1.382835E+17  8.807545E+07  3.322853E+08  1.371429E+01  6.498488E-25
    110  5.3289266135313140E-01  0.0000000000000000E+00  0.0000000000000000E+00  1.786464E+08  7.780715E+06  5.878415E+23  1.382835E+17  8.838019E+07  3.327037E+08  1.371429E+01  6.636367E-25
    111  5.3449548658007429E-01  0.0000000000000000E+00  0.0000000000000000E+00  2.192835E+08  7.946774E+06  6.097501E+23  1.382835E+17  9.256934E+07  3.351727E+08  1.371429E+01  6.843103E-25
    112  5.3474053792481124E-01  0.0000000000000000E+00  0.0000000000000000E+00  2.383729E+08  7.995251E+06  6.169335E+23  1.382835E+17  9.440941E+07  3.360831E+08  1.371429E+01  7.013089E-25
    113  5.3523064061428505E-01  0.0000000000000000E+00  0.0000000000000000E+00  2.975429E+08  8.126883E+06  6.376642E+23  1.382835E+17  9.965818E+07  3.388015E+08  1.371429E+01  7.224673E-25
    114  5.3621084599323277E-01  0.0000000000000000E+00  0.0000000000000000E+00  5.899126E+08  8.699517E+06  7.431348E+23  1.382835E+17  1.203383E+08  3.528591E+08  1.371429E+01  8.123026E-25
    115  5.3621094295184180E-01  0.0000000000000000E+00  0.0000000000000000E+00  5.899593E+08  8.699609E+06  7.431533E+23  1.382835E+17  1.203412E+08  3.528615E+08  1.371429E+01  8.191816E-25
    116  5.3621113686905975E-01  0.0000000000000000E+00  0.0000000000000000E+00  5.900529E+08  8.699793E+06  7.431902E+23  1.382835E+17  1.203470E+08  3.528663E+08  1.371429E+01  8.283051E-25
    117  5.3621152470349576E-01  0.0000000000000000E+00  0.0000000000000000E+00  5.902400E+08  8.700160E+06  7.432642E+23  1.382835E+17  1.203586E+08  3.528760E+08  1.371429E+01  8.394673E-25
    118  5.3621230037236778E-01  0.0000000000000000E+00  0.0000000000000000E+00  5.906143E+08  8.700894E+06  7.434122E+23  1.382835E+17  1.203818E+08  3.528952E+08  1.371429E+01  8.523293E-25
    119  5.3621385171011182E-01  0.0000000000000000E+00  0.0000000000000000E+00  5.913627E+08  8.702362E+06  7.437083E+23  1.382835E+17  1.204281E+08  3.529337E+08  1.371429E+01  8.665066E-25
    120  5.3621695438559991E-01  0.0000000000000000E+00  0.0000000000000000E+00  5.928596E+08  8.705299E+06  7.443008E+23  1.382835E+17  1.205208E+08  3.530108E+08  1.371429E+01  8.817479E-25
    121  5.3622315973657597E-01  0.0000000000000000E+00  0.0000000000000000E+00  5.958535E+08  8.711173E+06  7.454875E+23  1.382835E+17  1.207058E+08  3.531651E+08  1.371429E+01  8.980492E-25
    122  5.3623557043852821E-01  0.0000000000000000E+00  0.0000000000000000E+00  6.018412E+08  8.722920E+06  7.478673E+23  1.382835E+17  1.210747E+08  3.534742E+08  1.371429E+01  9.156886E-25
    123  5.3626039184243257E-01  0.0000000000000000E+00  0.0000000000000000E+00  6.138166E+08  8.746415E+06  7.526525E+23  1.382835E+17  1.218083E+08  3.540947E+08  1.371429E+01  9.352299E-25
    124  5.3631003465024130E-01  0.0000000000000000E+00  0.0000000000000000E+00  6.377674E+08  8.793404E+06  7.623254E+23  1.382835E+17  1.232591E+08  3.553442E+08  1.371429E+01  9.577674E-25
    125  5.3640932026585875E-01  0.0000000000000000E+00  0.0000000000000000E+00  6.856690E+08  8.887383E+06  7.820828E+23  1.382835E+17  1.260998E+08  3.578766E+08  1.371429E+01  9.859533E-25
    126  5.3660789149709376E-01  0.0000000000000000E+00  0.0000000000000000E+00  7.814723E+08  9.075340E+06  8.232532E+23  1.382835E+17  1.315671E+08  3.630665E+08  1.371429E+01  1.027288E-24
    127  5.3700503395956367E-01  0.0000000000000000E+00  0.0000000000000000E+00  1.029621E+09  9.601863E+06  9.454775E+23  1.382835E+17  1.445514E+08  3.774147E+08  1.371429E+01  1.144061E-24
    128  5.3706829831950531E-01  0.0000000000000000E+00  0.0000000000000000E+00  1.076588E+09  9.705549E+06  9.709212E+23  1.382835E+17  1.468736E+08  3.802408E+08  1.371429E+01  1.184179E-24
    129  5.3719482703938870E-01  0.0000000000000000E+00  0.0000000000000000E+00  1.170523E+09  9.912920E+06  1.023573E+24  1.382835E+17  1.514144E+08  3.859614E+08  1.371429E+01  1.248680E-24
    130  5.3744788447915548E-01  0.0000000000000000E+00  0.0000000000000000E+00  1.358392E+09  1.032766E+07  1.136082E+24  1.382842E+17  1.601441E+08  3.976500E+08  1.371430E+01  2.070629E-24
    131  5.3749849596710886E-01  0.0000000000000000E+00  0.0000000000000000E+00  1.395966E+09  1.041061E+07  1.159762E+24  1.382848E+17  1.618421E+08  4.000240E+08  1.371432E+01  2.095561E-24
    132  5.3758325976957089E-01  0.0000000000000000E+00  0.0000000000000000E+00  1.458895E+09  1.054953E+07  1.200320E+24  1.382876E+17  1.646550E+08  4.040253E+08  1.371440E+01  2.145924E-24
    133  5.3775278737449494E-01  0.0000000000000000E+00  0.0000000000000000E+00  1.596555E+09  1.089332E+07  1.298944E+24  1.383248E+17  1.705618E+08  4.130544E+08  1.371516E+01  2.485102E-24
    134  5.3778669289547976E-01  0.0000000000000000E+00  0.0000000000000000E+00  1.625157E+09  1.096806E+07  1.320674E+24  1.383480E+17  1.717581E+08  4.149581E+08  1.371560E+01  2.644509E-24
    135  5.3784823642438950E-01  0.0000000000000000E+00  0.0000000000000000E+00  1.677073E+09  1.110371E+07  1.360802E+24  1.384230E+17  1.739108E+08  4.184238E+08  1.371703E+01  2.811396E-24
    136  5.3797132348220889E-01  0.0000000000000000E+00  0.0000000000000000E+00  1.780906E+09  1.137502E+07  1.443718E+24  1.388548E+17  1.781304E+08  4.253890E+08  1.372533E+01  3.095936E-24
    137  5.3799513546597322E-01  0.0000000000000000E+00  0.0000000000000000E+00  1.800993E+09  1.142750E+07  1.460167E+24  1.390220E+17  1.789294E+08  4.267405E+08  1.372854E+01  3.292011E-24
    138  5.3803000725893779E-01  0.0000000000000000E+00  0.0000000000000000E+00  1.830410E+09  1.150437E+07  1.484491E+24  1.393511E+17  1.800856E+08  4.287208E+08  1.373486E+01  3.490162E-24
    139  5.3809975084486694E-01  0.0000000000000000E+00  0.0000000000000000E+00  1.889244E+09  1.165810E+07  1.533951E+24  1.404586E+17  1.823313E+08  4.326808E+08  1.375606E+01  3.708044E-24
    140  5.3811369956205279E-01  0.0000000000000000E+00  0.0000000000000000E+00  1.901011E+09  1.168884E+07  1.543968E+24  1.407819E+17  1.827664E+08  4.334718E+08  1.376223E+01  3.907075E-24
    141  5.3813423509654634E-01  0.0000000000000000E+00  0.0000000000000000E+00  1.918334E+09  1.173411E+07  1.558787E+24  1.413403E+17  1.833963E+08  4.346351E+08  1.377284E+01  4.113136E-24
    142  5.3817530616553355E-01  0.0000000000000000E+00  0.0000000000000000E+00  1.952980E+09  1.182464E+07  1.588667E+24  1.428236E+17  1.846098E+08  4.369550E+08  1.380088E+01  4.755304E-24
    143  5.3825744830350786E-01  0.0000000000000000E+00  0.0000000000000000E+00  2.022273E+09  1.200569E+07  1.649246E+24  1.479862E+17  1.867762E+08  4.415462E+08  1.389687E+01  1.224488E-21
    144  5.3826815951437246E-01  0.0000000000000000E+00  0.0000000000000000E+00  2.031309E+09  1.202930E+07  1.657209E+24  1.489594E+17  1.870250E+08  4.421378E+08  1.391470E+01  3.138601E-21
    145  5.3828958193610166E-01  0.0000000000000000E+00  0.0000000000000000E+00  2.049380E+09  1.207652E+07  1.673165E+24  1.511766E+17  1.874928E+08  4.433142E+08  1.395514E+01  2.009092E-20
    146  5.3833242677956017E-01  0.0000000000000000E+00  0.0000000000000000E+00  2.085523E+09  1.217096E+07  1.705164E+24  1.568682E+17  1.882947E+08  4.456355E+08  1.405802E+01  6.775086E-19
    147  5.3834099574825189E-01  0.0000000000000000E+00  0.0000000000000000E+00  2.092751E+09  1.218985E+07  1.711571E+24  1.582370E+17  1.884311E+08  4.460939E+08  1.408263E+01  1.299816E-18
    148  5.3835476178075670E-01  0.0000000000000000E+00  0.0000000000000000E+00  2.104364E+09  1.222019E+07  1.721866E+24  1.606148E+17  1.886319E+08  4.468257E+08  1.412526E+01  3.581879E-18
    149  5.3838229384576619E-01  0.0000000000000000E+00  0.0000000000000000E+00  2.127589E+09  1.228087E+07  1.742451E+24  1.660802E+17  1.889618E+08  4.482712E+08  1.422298E+01  2.376334E-17
    150  5.3843735797578518E-01  0.0000000000000000E+00  0.0000000000000000E+00  2.174040E+09  1.240225E+07  1.783528E+24  1.801567E+17  1.893118E+08  4.510815E+08  1.447448E+01  5.717765E-16
    151  5.3853951321159277E-01  0.0000000000000000E+00  0.0000000000000000E+00  2.253583E+09  1.264761E+07  1.859184E+24  2.172352E+17  1.885374E+08  4.556523E+08  1.515127E+01  2.720593E-14
    152  5.3855233581419049E-01  0.0000000000000000E+00  0.0000000000000000E+00  2.262852E+09  1.268059E+07  1.868665E+24  2.225848E+17  1.883352E+08  4.561681E+08  1.525194E+01  3.509012E-14
    153  5.3856794355179327E-01  0.0000000000000000E+00  0.0000000000000000E+00  2.274133E+09  1.272073E+07  1.880224E+24  2.292082E+17  1.880812E+08  4.567933E+08  1.537756E+01  4.805595E-14
    154  5.3859915902699873E-01  0.0000000000000000E+00  0.0000000000000000E+00  2.296696E+09  1.280102E+07  1.903420E+24  2.427179E+17  1.875528E+08  4.580363E+08  1.563822E+01  8.813230E-14
    155  5.3866158997740976E-01  0.0000000000000000E+00  0.0000000000000000E+00  2.341822E+09  1.296159E+07  1.950322E+24  2.697740E+17  1.865099E+08  4.605199E+08  1.618022E+01  2.380554E-13
    156  5.3878645187823182E-01  0.0000000000000000E+00  0.0000000000000000E+00  2.432073E+09  1.328273E+07  2.047744E+24  3.171669E+17  1.851165E+08  4.656706E+08  1.720416E+01  8.546036E-13
    157  5.3896404052066849E-01  0.0000000000000000E+00  0.0000000000000000E+00  2.560436E+09  1.373948E+07  2.197816E+24  3.593004E+17  1.856519E+08  4.737390E+08  1.819568E+01  2.129643E-12
    158  5.3898719837016329E-01  0.0000000000000000E+00  0.0000000000000000E+00  2.577174E+09  1.379904E+07  2.218411E+24  3.629000E+17  1.859161E+08  4.748522E+08  1.828133E+01  2.303458E-12
    159  5.3902035409583060E-01  0.0000000000000000E+00  0.0000000000000000E+00  2.601140E+09  1.388432E+07  2.248284E+24  3.674956E+17  1.863541E+08  4.764656E+08  1.838940E+01  2.525402E-12
    160  5.3908666554716522E-01  0.0000000000000000E+00  0.0000000000000000E+00  2.649070E+09  1.405487E+07  2.309346E+24  3.751838E+17  1.874070E+08  4.797530E+08  1.856148E+01  2.902085E-12
    161  5.3921928844983436E-01  0.0000000000000000E+00  0.0000000000000000E+00  2.744931E+09  1.439597E+07  2.436390E+24  3.873736E+17  1.900121E+08  4.865118E+08  1.877815E+01  3.481091E-12
    162  5.3924581303036823E-01  0.0000000000000000E+00  0.0000000000000000E+00  2.764103E+09  1.446419E+07  2.462545E+24  3.896760E+17  1.905880E+08  4.878859E+08  1.880732E+01  3.597691E-12
    163  5.3928463363036694E-01  0.0000000000000000E+00  0.0000000000000000E+00  2.792163E+09  1.456403E+07  2.501259E+24  3.931190E+17  1.914543E+08  4.899076E+08  1.884402E+01  3.791683E-12
    164  5.3936227483036436E-01  0.0000000000000000E+00  0.0000000000000000E+00  2.842918E+09  1.475119E+07  2.573766E+24  4.004435E+17  1.930392E+08  4.935969E+08  1.890046E+01  4.377344E-12
    165  5.3951755723035932E-01  0.0000000000000000E+00  0.0000000000000000E+00  2.926658E+09  1.508400E+07  2.701645E+24  4.151474E+17  1.956797E+08  4.997761E+08  1.896701E+01  8.332628E-12
    166  5.3954318073193097E-01  0.0000000000000000E+00  0.0000000000000000E+00  2.940477E+09  1.513892E+07  2.723210E+24  4.174116E+17  1.961292E+08  5.008032E+08  1.897461E+01  1.003967E-11
    167  5.3959442773507416E-01  0.0000000000000000E+00  0.0000000000000000E+00  2.968113E+09  1.524875E+07  2.766730E+24  4.216416E+17  1.970361E+08  5.028627E+08  1.898807E+01  1.528258E-11
    168  5.3969692174136064E-01  0.0000000000000000E+00  0.0000000000000000E+00  3.023386E+09  1.546842E+07  2.855331E+24  4.284819E+17  1.988751E+08  5.070019E+08  1.900976E+01  3.796424E-11
    169  5.3990190975393360E-01  0.0000000000000000E+00  0.0000000000000000E+00  3.133932E+09  1.590776E+07  3.038885E+24  4.350803E+17  2.026301E+08  5.153600E+08  1.903983E+01  1.352465E-10
    170  5.3992982660638167E-01  0.0000000000000000E+00  0.0000000000000000E+00  3.148987E+09  1.596760E+07  3.064550E+24  4.354449E+17  2.031478E+08  5.165067E+08  1.904308E+01  1.477825E-10
    171  5.3996566726920880E-01  0.0000000000000000E+00  0.0000000000000000E+00  3.168315E+09  1.604441E+07  3.097739E+24  4.358065E+17  2.038145E+08  5.179818E+08  1.904702E+01  1.655183E-10
    172  5.4003462994219198E-01  0.0000000000000000E+00  0.0000000000000000E+00  3.205505E+09  1.619222E+07  3.162356E+24  4.363213E+17  2.051023E+08  5.208291E+08  1.905439E+01  2.001498E-10
    173  5.4017255528815833E-01  0.0000000000000000E+00  0.0000000000000000E+00  3.279886E+09  1.648783E+07  3.294591E+24  4.372941E+17  2.076859E+08  5.265564E+08  1.907165E+01  2.889881E-10
    174  5.4040264138823846E-01  0.0000000000000000E+00  0.0000000000000000E+00  3.386154E+09  1.685510E+07  3.478798E+24  4.403754E+17  2.115097E+08  5.347740E+08  1.912875E+01  6.035110E-10
    175  5.4071449577862918E-01  0.0000000000000000E+00  0.0000000000000000E+00  3.529204E+09  1.734595E+07  3.737422E+24  4.512361E+17  2.162998E+08  5.458849E+08  1.934074E+01  1.612566E-09
    176  5.4074196327446367E-01  0.0000000000000000E+00  0.0000000000000000E+00  3.541804E+09  1.738918E+07  3.760766E+24  4.528434E+17  2.166831E+08  5.468602E+08  1.937244E+01  1.738084E-09
    177  5.4077243406081410E-01  0.0000000000000000E+00  0.0000000000000000E+00  3.555781E+09  1.743714E+07  3.786746E+24  4.548063E+17  2.170958E+08  5.479397E+08  1.941169E+01  1.883628E-09
    178  5.4082193200445006E-01  0.0000000000000000E+00  0.0000000000000000E+00  3.578486E+09  1.751504E+07  3.829149E+24  4.584105E+17  2.177397E+08  5.496885E+08  1.948420E+01  2.155715E-09
    179  5.4092092789172208E-01  0.0000000000000000E+00  0.0000000000000000E+00  3.623896E+09  1.767086E+07  3.914599E+24  4.674356E+17  2.189095E+08  5.531615E+08  1.966848E+01  2.926677E-09
    180  5.4111891966626602E-01  0.0000000000000000E+00  0.0000000000000000E+00  3.707194E+09  1.795872E+07  4.072606E+24  4.944114E+17  2.203412E+08  5.593413E+08  2.024341E+01  6.784085E-09
    181  5.4115605280119616E-01  0.0000000000000000E+00  0.0000000000000000E+00  3.721077E+09  1.800722E+07  4.098952E+24  5.007635E+17  2.204483E+08  5.603326E+08  2.038435E+01  8.180419E-09
    182  5.4121789960084588E-01  0.0000000000000000E+00  0.0000000000000000E+00  3.744200E+09  1.808799E+07  4.142846E+24  5.122096E+17  2.205643E+08  5.619661E+08  2.064415E+01  1.137577E-08
    183  5.4134159320014530E-01  0.0000000000000000E+00  0.0000000000000000E+00  3.790446E+09  1.824953E+07  4.230684E+24  5.381781E+17  2.205660E+08  5.651679E+08  2.126415E+01  2.448957E-08
    184  5.4158898039874415E-01  0.0000000000000000E+00  0.0000000000000000E+00  3.882937E+09  1.857261E+07  4.407123E+24  5.981935E+17  2.198037E+08  5.713630E+08  2.292495E+01  3.203278E-07
    185  5.4162566943420032E-01  0.0000000000000000E+00  0.0000000000000000E+00  3.896654E+09  1.862053E+07  4.433492E+24  6.073351E+17  2.196301E+08  5.722673E+08  2.321799E+01  5.540600E-07
    186  5.4168106891641865E-01  0.0000000000000000E+00  0.0000000000000000E+00  3.917367E+09  1.869288E+07  4.473494E+24  6.210483E+17  2.193556E+08  5.736319E+08  2.367995E+01  1.295137E-06
    187  5.4179186788085543E-01  0.0000000000000000E+00  0.0000000000000000E+00  3.958792E+09  1.883758E+07  4.554369E+24  6.480710E+17  2.188016E+08  5.763721E+08  2.466324E+01  6.461567E-06
    188  5.4201346580972887E-01  0.0000000000000000E+00  0.0000000000000000E+00  4.047785E+09  1.899092E+07  4.700559E+24  6.975486E+17  2.189700E+08  5.827789E+08  2.671877E+01  8.628113E-05
    189  5.4204175564772972E-01  0.0000000000000000E+00  0.0000000000000000E+00  4.059656E+09  1.899920E+07  4.718234E+24  7.031190E+17  2.191354E+08  5.836936E+08  2.697371E+01  1.150120E-04
    190  5.4208425284950834E-01  0.0000000000000000E+00  0.0000000000000000E+00  4.077488E+09  1.901165E+07  4.745192E+24  7.110361E+17  2.194238E+08  5.850886E+08  2.734626E+01  1.746894E-04
    191  5.4215681747641431E-01  0.0000000000000000E+00  0.0000000000000000E+00  4.107938E+09  1.903290E+07  4.792491E+24  7.231023E+17  2.200495E+08  5.875373E+08  2.793759E+01  3.427469E-04
    192  5.4230194673022625E-01  0.0000000000000000E+00  0.0000000000000000E+00  4.168837E+09  1.907539E+07  4.892459E+24  7.411012E+17  2.218796E+08  5.927202E+08  2.887811E+01  1.146611E-03
    193  5.4232685227133559E-01  0.0000000000000000E+00  0.0000000000000000E+00  4.179288E+09  1.908268E+07  4.910380E+24  7.433488E+17  2.222761E+08  5.936503E+08  2.900041E+01  1.384435E-03
    194  5.4236738858484013E-01  0.0000000000000000E+00  0.0000000000000000E+00  4.196297E+09  1.909455E+07  4.940030E+24  7.465182E+17  2.229929E+08  5.951892E+08  2.917423E+01  1.857710E-03
    195  5.4244846121184920E-01  0.0000000000000000E+00  0.0000000000000000E+00  4.230317E+09  1.911829E+07  5.001102E+24  7.511778E+17  2.245612E+08  5.983581E+08  2.942903E+01  3.190016E-03
    196  5.4261060646586734E-01  0.0000000000000000E+00  0.0000000000000000E+00  4.298356E+09  1.916577E+07  5.129906E+24  7.552595E+17  2.283037E+08  6.050258E+08  2.961794E+01  7.745704E-03
    197  5.4282722064657840E-01  0.0000000000000000E+00  0.0000000000000000E+00  4.393322E+09  1.919537E+07  5.313526E+24  7.552364E+17  2.345058E+08  6.149734E+08  2.949043E+01  1.770888E-02
    198  5.4284543151961195E-01  0.0000000000000000E+00  0.0000000000000000E+00  4.401714E+09  1.919445E+07  5.329536E+24  7.550998E+17  2.351016E+08  6.158872E+08  2.946931E+01  1.873204E-02
    199  5.4286616679194055E-01  0.0000000000000000E+00  0.0000000000000000E+00  4.411270E+09  1.919342E+07  5.347865E+24  7.549585E+17  2.357824E+08  6.169318E+08  2.944532E+01  1.990305E-02
    200  5.4290017798348911E-01  0.0000000000000000E+00  0.0000000000000000E+00  4.426945E+09  1.919171E+07  5.378166E+24  7.547226E+17  2.369051E+08  6.186553E+08  2.940595E+01  2.185429E-02
    201  5.4296820036658622E-01  0.0000000000000000E+00  0.0000000000000000E+00  4.458294E+09  1.918831E+07  5.439684E+24  7.542175E+17  2.391785E+08  6.221412E+08  2.932400E+01  2.581661E-02
    202  5.4310424513278044E-01  0.0000000000000000E+00  0.0000000000000000E+00  4.520992E+09  1.918150E+07  5.566390E+24  7.531713E+17  2.438223E+08  6.292662E+08  2.915756E+01  3.332697E-02
    203  5.4329512192932827E-01  0.0000000000000000E+00  0.0000000000000000E+00  4.608960E+09  1.917194E+07  5.752541E+24  7.518560E+17  2.505238E+08  6.396016E+08  2.894244E+01  4.164230E-02
    204  5.4331741191637273E-01  0.0000000000000000E+00  0.0000000000000000E+00  4.619233E+09  1.917082E+07  5.774915E+24  7.517526E+17  2.513167E+08  6.408333E+08  2.892125E+01  4.253340E-02
    205  5.4334727621470280E-01  0.0000000000000000E+00  0.0000000000000000E+00  4.632997E+09  1.916933E+07  5.805153E+24  7.515825E+17  2.523900E+08  6.424946E+08  2.888975E+01  4.375449E-02
    206  5.4340700481136306E-01  0.0000000000000000E+00  0.0000000000000000E+00  4.660523E+09  1.916634E+07  5.866420E+24  7.512658E+17  2.545564E+08  6.458485E+08  2.882678E+01  4.634754E-02
    207  5.4352646200468357E-01  0.0000000000000000E+00  0.0000000000000000E+00  4.715577E+09  1.916036E+07  5.992259E+24  7.507230E+17  2.589795E+08  6.526865E+08  2.869518E+01  5.285903E-02
    208  5.4372128531351172E-01  0.0000000000000000E+00  0.0000000000000000E+00  4.795489E+09  1.910606E+07  6.172454E+24  7.504041E+17  2.659410E+08  6.631420E+08  2.848212E+01  6.947085E-02
    209  5.4398239710243723E-01  0.0000000000000000E+00  0.0000000000000000E+00  4.898547E+09  1.901504E+07  6.415961E+24  7.507923E+17  2.756903E+08  6.774212E+08  2.809226E+01  1.117756E-01
    210  5.4400489617541159E-01  0.0000000000000000E+00  0.0000000000000000E+00  4.907428E+09  1.900720E+07  6.437798E+24  7.508632E+17  2.765607E+08  6.786879E+08  2.805524E+01  1.175684E-01
    211  5.4403624210506907E-01  0.0000000000000000E+00  0.0000000000000000E+00  4.919800E+09  1.899627E+07  6.468544E+24  7.509706E+17  2.777956E+08  6.804676E+08  2.799503E+01  1.252411E-01
    212  5.4409893396438402E-01  0.0000000000000000E+00  0.0000000000000000E+00  4.944544E+09  1.897442E+07  6.530950E+24  7.512120E+17  2.803087E+08  6.840660E+08  2.786395E+01  1.423020E-01
    213  5.4422431768301405E-01  0.0000000000000000E+00  0.0000000000000000E+00  4.994031E+09  1.893071E+07  6.659496E+24  7.518009E+17  2.855119E+08  6.914208E+08  2.755914E+01  1.838646E-01
    214  5.4424654397303407E-01  0.0000000000000000E+00  0.0000000000000000E+00  5.002804E+09  1.892297E+07  6.682872E+24  7.518692E+17  2.864685E+08  6.927500E+08  2.749439E+01  1.922594E-01
    215  5.4428010632191659E-01  0.0000000000000000E+00  0.0000000000000000E+00  5.016051E+09  1.891127E+07  6.718441E+24  7.520195E+17  2.879217E+08  6.947690E+08  2.739650E+01  2.056851E-01
    216  5.4434723101968163E-01  0.0000000000000000E+00  0.0000000000000000E+00  5.042544E+09  1.888787E+07  6.790764E+24  7.523044E+17  2.908906E+08  6.988629E+08  2.718419E+01  2.349242E-01
    217  5.4448148041521183E-01  0.0000000000000000E+00  0.0000000000000000E+00  5.057134E+09  1.880150E+07  6.813615E+24  7.559403E+17  2.930960E+08  7.015935E+08  2.709131E+01  2.974633E-01
    218  5.4470786378077263E-01  0.0000000000000000E+00  0.0000000000000000E+00  5.031248E+09  1.860383E+07  6.688443E+24  7.643200E+17  2.916127E+08  6.988271E+08  2.747789E+01  3.712718E-01
    219  5.4516063051189423E-01  0.0000000000000000E+00  0.0000000000000000E+00  4.979475E+09  1.820848E+07  6.442170E+24  7.765827E+17  2.886123E+08  6.932988E+08  2.831767E+01  4.527180E-01
    220  5.4525118385811855E-01  0.0000000000000000E+00  0.0000000000000000E+00  4.977194E+09  1.813331E+07  6.417875E+24  7.777280E+17  2.889257E+08  6.934152E+08  2.837599E+01  4.630523E-01
    221  5.4538040972206459E-01  0.0000000000000000E+00  0.0000000000000000E+00  5.011112E+09  1.804400E+07  6.496353E+24  7.750928E+17  2.936340E+08  6.992674E+08  2.792474E+01  4.781767E-01
    222  5.4563886144995666E-01  0.0000000000000000E+00  0.0000000000000000E+00  5.078948E+09  1.786537E+07  6.660912E+24  7.695333E+17  3.035232E+08  7.114176E+08  2.696427E+01  5.175558E-01
    223  5.4568531821606647E-01  0.0000000000000000E+00  0.0000000000000000E+00  5.091142E+09  1.783327E+07  6.691805E+24  7.683412E+17  3.054038E+08  7.136756E+08  2.676696E+01  5.262206E-01
    224  5.4576798369686164E-01  0.0000000000000000E+00  0.0000000000000000E+00  5.112839E+09  1.777614E+07  6.747415E+24  7.663342E+17  3.087681E+08  7.177290E+08  2.642939E+01  5.422254E-01
    225  5.4593331465845196E-01  0.0000000000000000E+00  0.0000000000000000E+00  5.156234E+09  1.766187E+07  6.862207E+24  7.619630E+17  3.157442E+08  7.260351E+08  2.572040E+01  5.776132E-01
    226  5.4596638085076998E-01  0.0000000000000000E+00  0.0000000000000000E+00  5.164913E+09  1.763902E+07  6.885867E+24  7.609248E+17  3.171995E+08  7.277356E+08  2.556446E+01  5.849844E-01
    227  5.4602117417758000E-01  0.0000000000000000E+00  0.0000000000000000E+00  5.179295E+09  1.760115E+07  6.925398E+24  7.592429E+17  3.196234E+08  7.305712E+08  2.531133E+01  5.976693E-01
    228  5.4613076083120016E-01  0.0000000000000000E+00  0.0000000000000000E+00  5.170006E+09  1.749307E+07  6.869977E+24  7.620368E+17  3.194938E+08  7.298878E+08  2.542943E+01  6.233284E-01
    229  5.4634993413844046E-01  0.0000000000000000E+00  0.0000000000000000E+00  5.133752E+09  1.726189E+07  6.698020E+24  7.698413E+17  3.168394E+08  7.255381E+08  2.600706E+01  6.591663E-01
    230  5.4678828075292107E-01  0.0000000000000000E+00  0.0000000000000000E+00  5.061243E+09  1.679953E+07  6.363237E+24  7.831776E+17  3.116133E+08  7.169056E+08  2.722444E+01  6.979256E-01
    231  5.4766497398188219E-01  0.0000000000000000E+00  0.0000000000000000E+00  5.074538E+09  1.607430E+07  6.245097E+24  7.815060E+17  3.217986E+08  7.259138E+08  2.675705E+01  7.357946E-01
    232  5.4941836043980452E-01  0.0000000000000000E+00  0.0000000000000000E+00  4.974796E+09  1.474908E+07  5.656839E+24  7.971001E+17  3.236809E+08  7.212228E+08  2.827690E+01  7.803749E-01
    233  5.5215047504362147E-01  0.0000000000000000E+00  0.0000000000000000E+00  4.875946E+09  1.351542E+07  5.117995E+24  8.118440E+17  3.256674E+08  7.165596E+08  3.002452E+01  8.074147E-01
    234  5.5572126039758918E-01  0.0000000000000000E+00  0.0000000000000000E+00  4.806441E+09  1.275724E+07  4.777778E+24  8.217145E+17  3.263237E+08  7.125563E+08  3.132901E+01  8.237623E-01
    235  5.5928221037891568E-01  0.0000000000000000E+00  0.0000000000000000E+00  4.716225E+09  1.184307E+07  4.368819E+24  8.326175E+17  3.271580E+08  7.071193E+08  3.299510E+01  8.333061E-01
    236  5.5992231129697301E-01  0.0000000000000000E+00  0.0000000000000000E+00  4.699012E+09  1.167890E+07  4.294735E+24  8.349010E+17  3.271951E+08  7.059934E+08  3.337240E+01  8.345883E-01
    237  5.6109049649601850E-01  0.0000000000000000E+00  0.0000000000000000E+00  4.669884E+09  1.138597E+07  4.168485E+24  8.380643E+17  3.277473E+08  7.044001E+08  3.391009E+01  8.365351E-01
    238  5.6342686689410948E-01  0.0000000000000000E+00  0.0000000000000000E+00  4.603674E+09  1.084477E+07  3.912520E+24  8.450457E+17  3.271644E+08  6.992259E+08  3.517278E+01  8.398525E-01
    239  5.6389414097372770E-01  0.0000000000000000E+00  0.0000000000000000E+00  4.585666E+09  1.069910E+07  3.844605E+24  8.471172E+17  3.269920E+08  6.978284E+08  3.556591E+01  8.406219E-01
    240  5.6460303237895582E-01  0.0000000000000000E+00  0.0000000000000000E+00  4.558350E+09  1.047669E+07  3.742896E+24  8.497932E+17  3.269118E+08  6.958032E+08  3.608973E+01  8.415408E-01
    241  5.6602081518941216E-01  0.0000000000000000E+00  0.0000000000000000E+00  4.497164E+09  1.000900E+07  3.526336E+24  8.553793E+17  3.264587E+08  6.909858E+08  3.723668E+01  8.432662E-01
    242  5.6885638081032475E-01  0.0000000000000000E+00  0.0000000000000000E+00  4.382407E+09  9.191389E+06  3.150125E+24  8.651993E+17  3.253358E+08  6.815846E+08  3.943593E+01  8.454088E-01
    243  5.7287799884329915E-01  0.0000000000000000E+00  0.0000000000000000E+00  4.251508E+09  8.339174E+06  2.764288E+24  8.743080E+17  3.239998E+08  6.704183E+08  4.171803E+01  8.477856E-01
    244  5.7846168779971485E-01  0.0000000000000000E+00  0.0000000000000000E+00  4.145556E+09  7.692030E+06  2.480274E+24  8.803853E+17  3.231724E+08  6.613087E+08  4.338651E+01  8.486278E-01
    245  5.7917688493272967E-01  0.0000000000000000E+00  0.0000000000000000E+00  4.127329E+09  7.597541E+06  2.436236E+24  8.809238E+17  3.227996E+08  6.594964E+08  4.354295E+01  8.488833E-01
    246  5.7994950375467125E-01  0.0000000000000000E+00  0.0000000000000000E+00  4.107199E+09  7.485952E+06  2.386720E+24  8.819223E+17  3.225087E+08  6.576233E+08  4.383098E+01  8.490515E-01
    247  5.8149474139855450E-01  0.0000000000000000E+00  0.0000000000000000E+00  4.060388E+09  7.221699E+06  2.273092E+24  8.840459E+17  3.221230E+08  6.534409E+08  4.445562E+01  8.493784E-01
    248  5.8458521668632102E-01  0.0000000000000000E+00  0.0000000000000000E+00  3.946149E+09  6.610393E+06  2.014482E+24  8.884238E+17  3.211591E+08  6.430475E+08  4.579667E+01  8.499469E-01
    249  5.8654596999999997E-01  0.0000000000000000E+00  0.0000000000000000E+00  3.865795E+09  6.210382E+06  1.847962E+24  8.910257E+17  3.203224E+08  6.354692E+08  4.662846E+01  8.501994E-01
