                           time                    temp                     den                    ener                    sdot                   sneut                   s-snu                      ye                   1-sum
      1  1.0175522000000001E-04  6.8824811000000000E+08  2.1267807000000000E+09  1.655443E+18  7.935628E+12  0.000000E+00  7.935628E+12  5.000000E-01  0.000000E+00 -4.318237E-03 -5.441582E-16
      2  1.0175522001017553E-04  6.8824811000000012E+08  2.1267807000000000E+09  1.655443E+18  7.937036E+12  0.000000E+00  7.937036E+12  5.000000E-01  0.000000E+00 -6.465208E+07 -8.145620E-06
      3  1.0175522003052657E-04  6.8824811000000036E+08  2.1267807000000002E+09  1.655443E+18  7.939849E+12  0.000000E+00  7.939849E+12  5.000000E-01  0.000000E+00 -1.938344E+08 -2.441286E-05
      4  1.0175522007122866E-04  6.8824811000000083E+08  2.1267807000000007E+09  1.655443E+18  7.945466E+12  0.000000E+00  7.945466E+12  5.000000E-01  0.000000E+00 -4.517127E+08 -5.685163E-05
      5  1.0175522015263284E-04  6.8824811000000191E+08  2.1267807000000017E+09  1.655443E+18  7.956656E+12  0.000000E+00  7.956656E+12  5.000000E-01  0.000000E+00 -9.655288E+08 -1.213486E-04
      6  1.0175522031544119E-04  6.8824811000000381E+08  2.1267807000000033E+09  1.655443E+18  7.978870E+12  0.000000E+00  7.978870E+12  5.000000E-01  0.000000E+00 -1.985445E+09 -2.488379E-04
      7  1.0175522064105789E-04  6.8824811000000787E+08  2.1267807000000067E+09  1.655443E+18  8.022632E+12  0.000000E+00  8.022632E+12  5.000000E-01  0.000000E+00 -3.994774E+09 -4.979381E-04
      8  1.0175522129229130E-04  6.8824811000001585E+08  2.1267807000000136E+09  1.655443E+18  8.107560E+12  0.000000E+00  8.107560E+12  5.000000E-01  0.000000E+00 -7.894239E+09 -9.736887E-04
      9  1.0175522259475811E-04  6.8824811000003183E+08  2.1267807000000274E+09  1.655443E+18  8.267506E+12  0.000000E+00  8.267506E+12  5.000000E-01  0.000000E+00 -1.523816E+10 -1.843138E-03
     10  1.0175522519969174E-04  6.8824811000006378E+08  2.1267807000000548E+09  1.655443E+18  8.551279E+12  0.000000E+00  8.551279E+12  5.000000E-01 -4.440892E-16 -2.826759E+10 -3.305656E-03
     11  1.0175523040955900E-04  6.8824811000012767E+08  2.1267807000001099E+09  1.655443E+18  8.998664E+12  0.000000E+00  8.998664E+12  5.000000E-01  0.000000E+00 -4.880919E+10 -5.424049E-03
     12  1.0175524082929354E-04  6.8824811000025547E+08  2.1267807000002198E+09  1.655443E+18  9.558511E+12  0.000000E+00  9.558511E+12  5.000000E-01 -2.220446E-16 -7.451445E+10 -7.795613E-03
     13  1.0175526166876259E-04  6.8824811000051105E+08  2.1267807000004399E+09  1.655443E+18  1.000853E+13  0.000000E+00  1.000853E+13  5.000000E-01  0.000000E+00 -9.517665E+10 -9.509555E-03
     14  1.0175530334770070E-04  6.8824811000102222E+08  2.1267807000008800E+09  1.655443E+18  1.016657E+13  0.000000E+00  1.016657E+13  5.000000E-01 -2.220446E-16 -1.024323E+11 -1.007540E-02
     15  1.0175538670557692E-04  6.8824811000204444E+08  2.1267807000017602E+09  1.655443E+18  1.017752E+13  0.000000E+00  1.017752E+13  5.000000E-01 -2.220446E-16 -1.029340E+11 -1.011386E-02
     16  1.0175555342132937E-04  6.8824811000408912E+08  2.1267807000035205E+09  1.655443E+18  1.017754E+13  0.000000E+00  1.017754E+13  5.000000E-01 -2.220446E-16 -1.029320E+11 -1.011364E-02
     17  1.0175588685283427E-04  6.8824811000817835E+08  2.1267807000070410E+09  1.655443E+18  1.017774E+13  0.000000E+00  1.017774E+13  5.000000E-01 -2.220446E-16 -1.029358E+11 -1.011381E-02
     18  1.0175655371584406E-04  6.8824811001635683E+08  2.1267807000140820E+09  1.655443E+18  1.017814E+13  0.000000E+00  1.017814E+13  5.000000E-01 -2.220446E-16 -1.029433E+11 -1.011416E-02
     19  1.0175788744186364E-04  6.8824811003271377E+08  2.1267807000281641E+09  1.655443E+18  1.017895E+13  0.000000E+00  1.017895E+13  5.000000E-01 -4.440892E-16 -1.029585E+11 -1.011484E-02
     20  1.0176055489390281E-04  6.8824811006542754E+08  2.1267807000563283E+09  1.655443E+18  1.018056E+13  0.000000E+00  1.018056E+13  5.000000E-01 -2.220446E-16 -1.029888E+11 -1.011622E-02
     21  1.0176588979798114E-04  6.8824811013085520E+08  2.1267807001126568E+09  1.655443E+18  1.018379E+13  0.000000E+00  1.018379E+13  5.000000E-01  0.000000E+00 -1.030494E+11 -1.011897E-02
     22  1.0177655960613782E-04  6.8824811026171052E+08  2.1267807002253137E+09  1.655443E+18  1.019023E+13  0.000000E+00  1.019023E+13  5.000000E-01  0.000000E+00 -1.031704E+11 -1.012445E-02
     23  1.0179789922245117E-04  6.8824811052342129E+08  2.1267807004506276E+09  1.655443E+18  1.020309E+13  0.000000E+00  1.020309E+13  5.000000E-01  0.000000E+00 -1.034121E+11 -1.013537E-02
     24  1.0184057845507785E-04  6.8824811104684269E+08  2.1267807009012554E+09  1.655443E+18  1.022872E+13  0.000000E+00  1.022872E+13  5.000000E-01 -2.220446E-16 -1.038938E+11 -1.015707E-02
     25  1.0192593692033123E-04  6.8824811209368539E+08  2.1267807018025107E+09  1.655443E+18  1.027963E+13  0.000000E+00  1.027963E+13  5.000000E-01  0.000000E+00 -1.048504E+11 -1.019982E-02
     26  1.0209665385083798E-04  6.8824811418737102E+08  2.1267807036050215E+09  1.655443E+18  1.038002E+13  0.000000E+00  1.038002E+13  5.000000E-01  2.220446E-16 -1.067369E+11 -1.028291E-02
     27  1.0243808771185149E-04  6.8824811837474215E+08  2.1267807072100430E+09  1.655443E+18  1.057522E+13  0.000000E+00  1.057522E+13  5.000000E-01  1.110223E-16 -1.104048E+11 -1.043995E-02
     28  1.0312095543387850E-04  6.8824812674948442E+08  2.1267807144200859E+09  1.655443E+18  1.094426E+13  0.000000E+00  1.094426E+13  5.000000E-01  1.110223E-16 -1.173392E+11 -1.072153E-02
     29  1.0448669087793252E-04  6.8824814349896896E+08  2.1267807288401721E+09  1.655443E+18  1.160387E+13  0.000000E+00  1.160387E+13  5.000000E-01  3.330669E-16 -1.297332E+11 -1.118016E-02
     30  1.0721816176604055E-04  6.8824817699793804E+08  2.1267807576803441E+09  1.655443E+18  1.265904E+13  0.000000E+00  1.265904E+13  5.000000E-01  1.110223E-16 -1.495583E+11 -1.181435E-02
     31  1.1268110354225661E-04  6.8824824399587631E+08  2.1267808153606882E+09  1.655443E+18  1.401783E+13  0.000000E+00  1.401783E+13  5.000000E-01  2.220446E-16 -1.750835E+11 -1.249006E-02
     32  1.2360698709468874E-04  6.8824837799175262E+08  2.1267809307213764E+09  1.655443E+18  1.517123E+13  0.000000E+00  1.517123E+13  5.000000E-01  3.330669E-16 -1.967390E+11 -1.296790E-02
     33  1.4545875419955299E-04  6.8824864598350537E+08  2.1267811614427531E+09  1.655443E+18  1.562011E+13  0.000000E+00  1.562011E+13  5.000000E-01  4.440892E-16 -2.051485E+11 -1.313361E-02
     34  1.8916228840928150E-04  6.8824918196701097E+08  2.1267816228855062E+09  1.655443E+18  1.565953E+13  0.000000E+00  1.565953E+13  5.000000E-01  5.551115E-16 -2.058719E+11 -1.314675E-02
     35  2.7656935682873854E-04  6.8825029310598123E+08  2.1267828327084303E+09  1.655443E+18  1.566008E+13  0.000000E+00  1.566008E+13  5.000000E-01  4.440892E-16 -2.058756E+11 -1.314652E-02
     36  4.5138349366765263E-04  6.8825269535266399E+08  2.1267862492486572E+09  1.655443E+18  1.566154E+13  0.000000E+00  1.566154E+13  5.000000E-01  3.330669E-16 -2.058940E+11 -1.314647E-02
     37  8.0101176734548069E-04  6.8825831970181513E+08  2.1267970098127878E+09  1.655443E+18  1.566492E+13  0.000000E+00  1.566492E+13  5.000000E-01  3.330669E-16 -2.059382E+11 -1.314646E-02
     38  1.5002683147011370E-03  6.8827186183989644E+08  2.1268296424759440E+09  1.655443E+18  1.567344E+13  0.000000E+00  1.567344E+13  5.000000E-01  3.330669E-16 -2.060470E+11 -1.314625E-02
     39  2.8987814094124497E-03  6.8829233330524385E+08  2.1268577285863836E+09  1.655443E+18  1.568562E+13  0.000000E+00  1.568562E+13  5.000000E-01  5.551115E-16 -2.062048E+11 -1.314611E-02
     40  5.6958075988350742E-03  6.8831589482069552E+08  2.1267767986677465E+09  1.655443E+18  1.569777E+13  0.000000E+00  1.569777E+13  5.000000E-01  3.330669E-16 -2.063488E+11 -1.314510E-02
     41  1.1289859977680325E-02  6.8831815880880618E+08  2.1262550726792536E+09  1.655443E+18  1.568886E+13  0.000000E+00  1.568886E+13  5.000000E-01  5.551115E-16 -2.061933E+11 -1.314265E-02
     42  2.1289859754162907E-02  6.8744616464300096E+08  2.1202607501843176E+09  1.655443E+18  1.509263E+13  0.000000E+00  1.509263E+13  5.000000E-01  5.551115E-16 -1.980341E+11 -1.312124E-02
     43  3.1289859530645489E-02  6.8746983496328843E+08  2.1196202408307707E+09  1.655443E+18  1.509411E+13  0.000000E+00  1.509411E+13  5.000000E-01  5.551115E-16 -1.979927E+11 -1.311722E-02
     44  4.1289859307128071E-02  6.8757717263538551E+08  2.1192615309924698E+09  1.655444E+18  1.514526E+13  0.000000E+00  1.514526E+13  5.000000E-01  5.551115E-16 -1.986267E+11 -1.311477E-02
     45  5.1289859083610653E-02  6.8762760889965165E+08  2.1184767127124367E+09  1.655444E+18  1.515703E+13  0.000000E+00  1.515703E+13  5.000000E-01  1.110223E-16 -1.987277E+11 -1.311126E-02
     46  6.1289858860093235E-02  6.8761326742626560E+08  2.1171796547652369E+09  1.655444E+18  1.512309E+13  0.000000E+00  1.512309E+13  5.000000E-01  3.330669E-16 -1.982112E+11 -1.310652E-02
     47  7.1289858636575817E-02  6.8768959955186510E+08  2.1166177445977507E+09  1.655444E+18  1.515343E+13  0.000000E+00  1.515343E+13  5.000000E-01  2.220446E-16 -1.985638E+11 -1.310355E-02
     48  8.1289858413058400E-02  6.8780778676825643E+08  2.1164741046362336E+09  1.655444E+18  1.521560E+13  0.000000E+00  1.521560E+13  5.000000E-01  0.000000E+00 -1.993454E+11 -1.310138E-02
     49  9.1289858189540982E-02  6.8791987222457218E+08  2.1165989618233843E+09  1.655444E+18  1.528150E+13  0.000000E+00  1.528150E+13  5.000000E-01  0.000000E+00 -2.001740E+11 -1.309911E-02
     50  1.0128985796602356E-01  6.8796656744439316E+08  2.1167055415255768E+09  1.655444E+18  1.531337E+13  0.000000E+00  1.531337E+13  5.000000E-01 -2.220446E-16 -2.005377E+11 -1.309559E-02
     51  1.1128985774250615E-01  6.8755850733128595E+08  2.1147977211699190E+09  1.655445E+18  1.506231E+13  0.000000E+00  1.506231E+13  5.000000E-01  2.220446E-16 -1.970660E+11 -1.308339E-02
     52  1.2128985751898873E-01  6.8738598213484454E+08  2.1150488086614866E+09  1.655445E+18  1.498570E+13  0.000000E+00  1.498570E+13  5.000000E-01  1.110223E-16 -1.959499E+11 -1.307579E-02
     53  1.3128985729547132E-01  6.8769028031039488E+08  2.1192106977710772E+09  1.655445E+18  1.524768E+13  0.000000E+00  1.524768E+13  5.000000E-01  2.220446E-16 -1.993991E+11 -1.307734E-02
     54  1.4128985707195391E-01  6.8705445114962780E+08  2.1185232344970012E+09  1.655445E+18  1.491195E+13  0.000000E+00  1.491195E+13  5.000000E-01  1.110223E-16 -1.947628E+11 -1.306085E-02
     55  1.5128985684843649E-01  6.8613186817007756E+08  2.1179734165684853E+09  1.655445E+18  1.444562E+13  0.000000E+00  1.444562E+13  5.000000E-01  0.000000E+00 -1.883577E+11 -1.303909E-02
     56  1.6128985662491907E-01  6.8510427390786707E+08  2.1179375303851550E+09  1.655445E+18  1.395467E+13  0.000000E+00  1.395467E+13  5.000000E-01 -2.220446E-16 -1.816240E+11 -1.301529E-02
     57  1.7128985640140165E-01  6.8381426838063323E+08  2.1178469739783700E+09  1.655445E+18  1.335866E+13  0.000000E+00  1.335866E+13  5.000000E-01  3.330669E-16 -1.734843E+11 -1.298666E-02
     58  1.8128985617788423E-01  6.8220902595324230E+08  2.1178789990014012E+09  1.655446E+18  1.265259E+13  0.000000E+00  1.265259E+13  5.000000E-01  3.330669E-16 -1.638776E+11 -1.295210E-02
     59  1.9128985595436682E-01  6.8022136848784924E+08  2.1177790971363912E+09  1.655446E+18  1.182378E+13  0.000000E+00  1.182378E+13  5.000000E-01  0.000000E+00 -1.526500E+11 -1.291043E-02
     60  2.0128985573084940E-01  6.7780685825306213E+08  2.1178383535501547E+09  1.655446E+18  1.088875E+13  0.000000E+00  1.088875E+13  5.000000E-01  3.330669E-16 -1.400384E+11 -1.286083E-02
     61  2.1128985550733198E-01  6.7485550073472703E+08  2.1172254897150695E+09  1.655446E+18  9.829285E+12  0.000000E+00  9.829285E+12  5.000000E-01  2.220446E-16 -1.258256E+11 -1.280109E-02
     62  2.2128985528381456E-01  6.7135394413484991E+08  2.1170192587492070E+09  1.655446E+18  8.706291E+12  0.000000E+00  8.706291E+12  5.000000E-01  2.220446E-16 -1.108409E+11 -1.273113E-02
     63  2.3128985506029714E-01  6.6716197712520051E+08  2.1163402363054569E+09  1.655446E+18  7.516178E+12  0.000000E+00  7.516178E+12  5.000000E-01  5.551115E-16 -9.506517E+10 -1.264807E-02
     64  2.4128985483677973E-01  6.6212216922413278E+08  2.1156397156622698E+09  1.655446E+18  6.290714E+12  0.000000E+00  6.290714E+12  5.000000E-01  3.330669E-16 -7.894283E+10 -1.254910E-02
     65  2.5128985461326231E-01  6.5613722478593469E+08  2.1151339088317151E+09  1.655446E+18  5.084416E+12  0.000000E+00  5.084416E+12  5.000000E-01  1.110223E-16 -6.321105E+10 -1.243231E-02
     66  2.6128985438974489E-01  6.4903114727156651E+08  2.1142616354746125E+09  1.655446E+18  3.935372E+12  0.000000E+00  3.935372E+12  5.000000E-01  4.440892E-16 -4.838241E+10 -1.229424E-02
     67  2.7128985416622747E-01  6.4075961498640573E+08  2.1134415783357816E+09  1.655446E+18  2.909803E+12  0.000000E+00  2.909803E+12  5.000000E-01  2.220446E-16 -3.530813E+10 -1.213420E-02
     68  2.8128985394271006E-01  6.4086554707352424E+08  2.1118480698375978E+09  1.655446E+18  2.911911E+12  0.000000E+00  2.911911E+12  5.000000E-01  0.000000E+00 -3.532582E+10 -1.213149E-02
     69  2.9128985371919264E-01  6.4540429619633102E+08  2.1101807532482197E+09  1.655446E+18  3.425762E+12  0.000000E+00  3.425762E+12  5.000000E-01  0.000000E+00 -4.185219E+10 -1.221690E-02
     70  3.0128985349567522E-01  6.4993419399257016E+08  2.1082282601860256E+09  1.655446E+18  4.023279E+12  0.000000E+00  4.023279E+12  5.000000E-01  0.000000E+00 -4.950156E+10 -1.230379E-02
     71  3.1128985327215780E-01  6.5411378724330139E+08  2.1049547364628916E+09  1.655446E+18  4.650330E+12  0.000000E+00  4.650330E+12  5.000000E-01  0.000000E+00 -5.759092E+10 -1.238427E-02
     72  3.2128985304864038E-01  6.5842910892818701E+08  2.1023517609404173E+09  1.655446E+18  5.400890E+12  0.000000E+00  5.400890E+12  5.000000E-01  1.110223E-16 -6.732811E+10 -1.246611E-02
     73  3.3128985282512297E-01  6.6267744264952946E+08  2.1003720992052050E+09  1.655447E+18  6.257550E+12  0.000000E+00  6.257550E+12  5.000000E-01  0.000000E+00 -7.851190E+10 -1.254675E-02
     74  3.4128985260160555E-01  6.6634824373723984E+08  2.0962834309487398E+09  1.655447E+18  7.072947E+12  0.000000E+00  7.072947E+12  5.000000E-01  0.000000E+00 -8.923531E+10 -1.261643E-02
     75  3.5128985237808813E-01  6.6958683414350843E+08  2.0920644569405096E+09  1.655447E+18  7.866833E+12  0.000000E+00  7.866833E+12  5.000000E-01  1.110223E-16 -9.972746E+10 -1.267695E-02
     76  3.6128985215457071E-01  6.7359282030621099E+08  2.0938095120207961E+09  1.655447E+18  9.068977E+12  0.000000E+00  9.068977E+12  5.000000E-01  0.000000E+00 -1.156452E+11 -1.275174E-02
     77  3.7128985193105329E-01  6.7978313436570752E+08  2.0902400546772046E+09  1.655447E+18  1.115582E+13  0.000000E+00  1.115582E+13  5.000000E-01  1.110223E-16 -1.435133E+11 -1.286444E-02
     78  3.8128985170753588E-01  6.8131733899300194E+08  2.0793055891736696E+09  1.655447E+18  1.155601E+13  0.000000E+00  1.155601E+13  5.000000E-01  2.220446E-16 -1.490227E+11 -1.289569E-02
     79  3.9128985148401846E-01  6.8422689736159337E+08  2.0791540659957643E+09  1.655447E+18  1.276021E+13  0.000000E+00  1.276021E+13  5.000000E-01  1.110223E-16 -1.652153E+11 -1.294770E-02
     80  4.0128985126050104E-01  6.9047438889164233E+08  2.0803683633444123E+09  1.655447E+18  1.579768E+13  0.000000E+00  1.579768E+13  5.000000E-01  1.110223E-16 -2.063772E+11 -1.306376E-02
     81  4.1128985103698362E-01  6.9567618343682528E+08  2.0693784353179886E+09  1.655447E+18  1.849660E+13  0.000000E+00  1.849660E+13  5.000000E-01  5.551115E-16 -2.435735E+11 -1.316855E-02
     82  4.2128985081346620E-01  7.1449989239173436E+08  2.0569582555161245E+09  1.655448E+18  3.356261E+13  0.000000E+00  3.356261E+13  5.000000E-01  2.220446E-16 -4.530031E+11 -1.349725E-02
     83  4.3128985058994879E-01  7.4279163429752970E+08  2.0560241492000146E+09  1.655448E+18  8.227056E+13  0.000000E+00  8.227056E+13  5.000000E-01  1.110223E-16 -1.154021E+12 -1.402715E-02
     84  4.4128985036643137E-01  7.7633355064952958E+08  2.0578702590792530E+09  1.655450E+18  2.274068E+14  0.000000E+00  2.274068E+14  5.000000E-01 -2.220446E-16 -3.329392E+12 -1.464069E-02
     85  4.4128985136643134E-01  7.7633355427997088E+08  2.0578702589924250E+09  1.655450E+18  2.275389E+14  0.000000E+00  2.275389E+14  5.000000E-01  0.000000E+00 -3.336227E+12 -1.466223E-02
     86  4.4128985336643128E-01  7.7633356154085350E+08  2.0578702588187690E+09  1.655450E+18  2.275391E+14  0.000000E+00  2.275391E+14  5.000000E-01 -2.220446E-16 -3.336244E+12 -1.466229E-02
     87  4.4128985736643117E-01  7.7633357606261873E+08  2.0578702584714572E+09  1.655450E+18  2.275387E+14  0.000000E+00  2.275387E+14  5.000000E-01 -4.440892E-16 -3.336236E+12 -1.466228E-02
     88  4.4128986536643100E-01  7.7633360510614944E+08  2.0578702577768335E+09  1.655450E+18  2.275379E+14  0.000000E+00  2.275379E+14  5.000000E-01 -8.881784E-16 -3.336218E+12 -1.466225E-02
     89  4.4128988136643066E-01  7.7633366319321084E+08  2.0578702563875861E+09  1.655450E+18  2.275363E+14  0.000000E+00  2.275363E+14  5.000000E-01 -6.661338E-16 -3.336184E+12 -1.466221E-02
     90  4.4128991336642992E-01  7.7633377936733341E+08  2.0578702536090913E+09  1.655450E+18  2.275331E+14  0.000000E+00  2.275331E+14  5.000000E-01 -6.661338E-16 -3.336116E+12 -1.466211E-02
     91  4.4128997736642850E-01  7.7633401171557879E+08  2.0578702480521019E+09  1.655450E+18  2.275269E+14  0.000000E+00  2.275269E+14  5.000000E-01 -4.440892E-16 -3.335984E+12 -1.466193E-02
     92  4.4129010536642566E-01  7.7633447641206956E+08  2.0578702369381227E+09  1.655450E+18  2.275151E+14  0.000000E+00  2.275151E+14  5.000000E-01 -4.440892E-16 -3.335730E+12 -1.466157E-02
     93  4.4129036136641991E-01  7.7633540580505085E+08  2.0578702147101645E+09  1.655450E+18  2.274936E+14  0.000000E+00  2.274936E+14  5.000000E-01 -4.440892E-16 -3.335264E+12 -1.466092E-02
     94  4.4129087336640849E-01  7.7633726459101355E+08  2.0578701702542484E+09  1.655450E+18  2.274580E+14  0.000000E+00  2.274580E+14  5.000000E-01 -4.440892E-16 -3.334485E+12 -1.465979E-02
     95  4.4129189736638558E-01  7.7634098216293895E+08  2.0578700813424160E+09  1.655450E+18  2.274107E+14  0.000000E+00  2.274107E+14  5.000000E-01 -4.440892E-16 -3.333411E+12 -1.465811E-02
     96  4.4129394536633981E-01  7.7634841730678988E+08  2.0578699035187511E+09  1.655450E+18  2.273783E+14  0.000000E+00  2.273783E+14  5.000000E-01 -4.440892E-16 -3.332519E+12 -1.465627E-02
     97  4.4129804136624828E-01  7.7636328759449172E+08  2.0578695478714213E+09  1.655450E+18  2.274227E+14  0.000000E+00  2.274227E+14  5.000000E-01  1.110223E-16 -3.332933E+12 -1.465524E-02
     98  4.4130623336606517E-01  7.7639302816989529E+08  2.0578688365767620E+09  1.655450E+18  2.276080E+14  0.000000E+00  2.276080E+14  5.000000E-01  0.000000E+00 -3.335699E+12 -1.465545E-02
     99  4.4132261736569894E-01  7.7645250932070243E+08  2.0578674139874432E+09  1.655450E+18  2.280065E+14  0.000000E+00  2.280065E+14  5.000000E-01 -2.220446E-16 -3.341778E+12 -1.465651E-02
    100  4.4135538536496655E-01  7.7657147162231684E+08  2.0578645688088055E+09  1.655450E+18  2.288047E+14  0.000000E+00  2.288047E+14  5.000000E-01  0.000000E+00 -3.353953E+12 -1.465859E-02
    101  4.4142092136350169E-01  7.7680939622554553E+08  2.0578588784515300E+09  1.655450E+18  2.304077E+14  0.000000E+00  2.304077E+14  5.000000E-01 -2.220446E-16 -3.378399E+12 -1.466270E-02
    102  4.4155199336057199E-01  7.7727592580952561E+08  2.0578323678541694E+09  1.655450E+18  2.335785E+14  0.000000E+00  2.335785E+14  5.000000E-01 -2.220446E-16 -3.426785E+12 -1.467081E-02
    103  4.4181413735471264E-01  7.7820834383204579E+08  2.0577783057958941E+09  1.655450E+18  2.400440E+14  0.000000E+00  2.400440E+14  5.000000E-01 -4.440892E-16 -3.525540E+12 -1.468706E-02
    104  4.4233842534299389E-01  7.8006988195958614E+08  2.0576538324149168E+09  1.655450E+18  2.534623E+14  0.000000E+00  2.534623E+14  5.000000E-01  0.000000E+00 -3.730828E+12 -1.471946E-02
    105  4.4338700131955638E-01  8.1195315264981866E+08  2.0602823025879962E+09  1.655450E+18  6.084657E+14  0.000000E+00  6.084657E+14  5.000000E-01  0.000000E+00 -9.108046E+12 -1.496887E-02
    106  4.4338701492374261E-01  8.1195468213658440E+08  2.0602824601244154E+09  1.655450E+18  6.109417E+14  0.000000E+00  6.109417E+14  5.000000E-01 -2.220446E-16 -9.235956E+12 -1.511757E-02
    107  4.4338704213211505E-01  8.1195774111011600E+08  2.0602827751972535E+09  1.655450E+18  6.113073E+14  0.000000E+00  6.113073E+14  5.000000E-01  3.330669E-16 -9.243489E+12 -1.512085E-02
    108  4.4338709654885999E-01  8.1196385905718553E+08  2.0602834053429303E+09  1.655450E+18  6.120236E+14  0.000000E+00  6.120236E+14  5.000000E-01  0.000000E+00 -9.258226E+12 -1.512724E-02
    109  4.4338720538234988E-01  8.1197609495132434E+08  2.0602846656342843E+09  1.655450E+18  6.133996E+14  0.000000E+00  6.133996E+14  5.000000E-01  0.000000E+00 -9.286492E+12 -1.513938E-02
    110  4.4338742304932960E-01  8.1200056673959589E+08  2.0602871862169912E+09  1.655450E+18  6.159417E+14  0.000000E+00  6.159417E+14  5.000000E-01  2.220446E-16 -9.338533E+12 -1.516139E-02
    111  4.4338785838328909E-01  8.1204951031614518E+08  2.0602922273824058E+09  1.655450E+18  6.203002E+14  0.000000E+00  6.203002E+14  5.000000E-01  0.000000E+00 -9.427094E+12 -1.519763E-02
    112  4.4338872905120807E-01  8.1214739746924376E+08  2.0603023097132347E+09  1.655450E+18  6.268421E+14  0.000000E+00  6.268421E+14  5.000000E-01  2.220446E-16 -9.557678E+12 -1.524735E-02
    113  4.4339047038704599E-01  8.1234317177543461E+08  2.0603224743748922E+09  1.655450E+18  6.349525E+14  0.000000E+00  6.349525E+14  5.000000E-01  3.330669E-16 -9.712410E+12 -1.529628E-02
    114  4.4339395305872181E-01  8.1273472038781631E+08  2.0603628036982074E+09  1.655450E+18  6.442448E+14  0.000000E+00  6.442448E+14  5.000000E-01  3.330669E-16 -9.873397E+12 -1.532554E-02
    115  4.4340091840207346E-01  8.1351781761257970E+08  2.0604434623448374E+09  1.655450E+18  6.588328E+14  0.000000E+00  6.588328E+14  5.000000E-01  2.220446E-16 -1.010882E+13 -1.534353E-02
    116  4.4341484908877676E-01  8.1508401206210649E+08  2.0606047796380975E+09  1.655450E+18  6.882599E+14  0.000000E+00  6.882599E+14  5.000000E-01 -2.220446E-16 -1.058087E+13 -1.537336E-02
    117  4.4344271046218342E-01  8.1821640096116638E+08  2.0609274142246184E+09  1.655450E+18  7.507703E+14  0.000000E+00  7.507703E+14  5.000000E-01 -2.220446E-16 -1.158586E+13 -1.543197E-02
    118  4.4349843320899673E-01  8.2448117875928605E+08  2.0615726833976600E+09  1.655450E+18  8.922502E+14  0.000000E+00  8.922502E+14  5.000000E-01 -4.440892E-16 -1.387328E+13 -1.554865E-02
    119  4.4360987870262331E-01  8.3701073435551929E+08  2.0628632217437429E+09  1.655450E+18  1.254379E+15  0.000000E+00  1.254379E+15  5.000000E-01 -2.220446E-16 -1.979469E+13 -1.578047E-02
    120  4.4383276968987645E-01  8.6206984554798567E+08  2.0654442984359083E+09  1.655451E+18  2.437833E+15  0.000000E+00  2.437833E+15  5.000000E-01 -4.440892E-16 -3.959151E+13 -1.624045E-02
    121  4.4383276973445462E-01  8.6206985055980527E+08  2.0654442989521234E+09  1.655451E+18  2.438375E+15  0.000000E+00  2.438375E+15  5.000000E-01 -4.440892E-16 -3.962268E+13 -1.624962E-02
    122  4.4383276982361103E-01  8.6206986058345079E+08  2.0654442999845543E+09  1.655451E+18  2.438372E+15  0.000000E+00  2.438372E+15  5.000000E-01 -4.440892E-16 -3.962245E+13 -1.624955E-02
    123  4.4383277000192384E-01  8.6206988063074195E+08  2.0654443020494158E+09  1.655451E+18  2.438373E+15  0.000000E+00  2.438373E+15  5.000000E-01 -8.881784E-16 -3.962248E+13 -1.624955E-02
    124  4.4383277035854940E-01  8.6206992072531796E+08  2.0654443061791384E+09  1.655451E+18  2.438376E+15  0.000000E+00  2.438376E+15  5.000000E-01 -6.661338E-16 -3.962253E+13 -1.624956E-02
    125  4.4383277107180058E-01  8.6207000091447616E+08  2.0654443144385841E+09  1.655451E+18  2.438383E+15  0.000000E+00  2.438383E+15  5.000000E-01 -4.440892E-16 -3.962264E+13 -1.624956E-02
    126  4.4383277249830289E-01  8.6207016129278624E+08  2.0654443309574747E+09  1.655451E+18  2.438395E+15  0.000000E+00  2.438395E+15  5.000000E-01 -4.440892E-16 -3.962287E+13 -1.624957E-02
    127  4.4383277535130750E-01  8.6207048204940653E+08  2.0654443639952559E+09  1.655451E+18  2.438420E+15  0.000000E+00  2.438420E+15  5.000000E-01 -2.220446E-16 -3.962332E+13 -1.624959E-02
    128  4.4383278105731677E-01  8.6207112356265330E+08  2.0654444300708194E+09  1.655451E+18  2.438470E+15  0.000000E+00  2.438470E+15  5.000000E-01 -4.440892E-16 -3.962421E+13 -1.624962E-02
    129  4.4383279246933532E-01  8.6207240658914697E+08  2.0654445622219460E+09  1.655451E+18  2.438569E+15  0.000000E+00  2.438569E+15  5.000000E-01 -2.220446E-16 -3.962600E+13 -1.624969E-02
    130  4.4383281529337243E-01  8.6207497264213419E+08  2.0654448265241995E+09  1.655451E+18  2.438766E+15  0.000000E+00  2.438766E+15  5.000000E-01 -2.220446E-16 -3.962955E+13 -1.624984E-02
    131  4.4383286094144664E-01  8.6208010474810863E+08  2.0654453551287062E+09  1.655451E+18  2.439160E+15  0.000000E+00  2.439160E+15  5.000000E-01 -4.440892E-16 -3.963661E+13 -1.625011E-02
    132  4.4383295223759500E-01  8.6209036896005142E+08  2.0654464123377192E+09  1.655451E+18  2.439937E+15  0.000000E+00  2.439937E+15  5.000000E-01 -4.440892E-16 -3.965053E+13 -1.625064E-02
    133  4.4383313482989178E-01  8.6211089738394296E+08  2.0654485267557456E+09  1.655451E+18  2.441461E+15  0.000000E+00  2.441461E+15  5.000000E-01 -2.220446E-16 -3.967765E+13 -1.625160E-02
    134  4.4383350001448529E-01  8.6215195423172009E+08  2.0654527555917981E+09  1.655451E+18  2.444406E+15  0.000000E+00  2.444406E+15  5.000000E-01 -2.220446E-16 -3.972955E+13 -1.625325E-02
    135  4.4383423038367231E-01  8.6223406792727411E+08  2.0654612132639029E+09  1.655451E+18  2.450031E+15  0.000000E+00  2.450031E+15  5.000000E-01 -2.220446E-16 -3.982723E+13 -1.625581E-02
    136  4.4383569112204635E-01  8.6239829531838226E+08  2.0654781286081123E+09  1.655451E+18  2.460819E+15  0.000000E+00  2.460819E+15  5.000000E-01 -4.440892E-16 -4.001190E+13 -1.625959E-02
    137  4.4383861259879448E-01  8.6272675010060477E+08  2.0655119592965319E+09  1.655451E+18  2.482070E+15  0.000000E+00  2.482070E+15  5.000000E-01 -4.440892E-16 -4.037321E+13 -1.626594E-02
    138  4.4384445555229074E-01  8.6338365966504991E+08  2.0655796206733711E+09  1.655451E+18  2.524929E+15  0.000000E+00  2.524929E+15  5.000000E-01 -2.220446E-16 -4.110135E+13 -1.627822E-02
    139  4.4385614145928326E-01  8.6469747879393995E+08  2.0657149434270496E+09  1.655451E+18  2.612575E+15  0.000000E+00  2.612575E+15  5.000000E-01 -2.220446E-16 -4.259096E+13 -1.630229E-02
    140  4.4387951327326824E-01  8.6732511705171394E+08  2.0659855889344058E+09  1.655451E+18  2.796383E+15  0.000000E+00  2.796383E+15  5.000000E-01 -2.220446E-16 -4.572047E+13 -1.634986E-02
    141  4.4392625690123821E-01  8.7258039356726193E+08  2.0665268799491186E+09  1.655451E+18  3.201592E+15  0.000000E+00  3.201592E+15  5.000000E-01  1.110223E-16 -5.265017E+13 -1.644499E-02
    142  4.4392866033025891E-01  8.7285060545790386E+08  2.0665547116470397E+09  1.655451E+18  3.224727E+15  0.000000E+00  3.224727E+15  5.000000E-01  2.220446E-16 -5.305216E+13 -1.645168E-02
    143  4.4393346718830029E-01  8.7339102923918772E+08  2.0666103750428820E+09  1.655451E+18  3.269893E+15  0.000000E+00  3.269893E+15  5.000000E-01 -2.220446E-16 -5.382823E+13 -1.646177E-02
    144  4.4394308090438300E-01  8.7447187680174935E+08  2.0667217018345661E+09  1.655451E+18  3.361758E+15  0.000000E+00  3.361758E+15  5.000000E-01  0.000000E+00 -5.540655E+13 -1.648142E-02
    145  4.4396230833654848E-01  8.7663357192687869E+08  2.0669443554179349E+09  1.655451E+18  3.552616E+15  0.000000E+00  3.552616E+15  5.000000E-01 -2.220446E-16 -5.868976E+13 -1.652015E-02
    146  4.4396615382298160E-01  8.7706591095190704E+08  2.0669888861346090E+09  1.655451E+18  3.592412E+15  0.000000E+00  3.592412E+15  5.000000E-01  0.000000E+00 -5.937769E+13 -1.652864E-02
    147  4.4397384479584778E-01  8.7793058900195754E+08  2.0670779475679562E+09  1.655451E+18  3.672589E+15  0.000000E+00  3.672589E+15  5.000000E-01 -2.220446E-16 -6.076067E+13 -1.654437E-02
    148  4.4398922674158015E-01  9.4229789179694271E+08  2.0676545172142665E+09  1.655451E+18  1.734714E+16  0.000000E+00  1.734714E+16  5.000000E-01  1.110223E-16 -3.109492E+14 -1.792510E-02
    149  4.4399230313072663E-01  9.6739078940623426E+08  2.0678475603092871E+09  1.655451E+18  3.059418E+16  0.000000E+00  3.059418E+16  5.000000E-01  0.000000E+00 -5.544002E+14 -1.812110E-02
    150  4.4399845590901960E-01  1.0175765846248175E+09  2.0682336464993281E+09  1.655452E+18  9.199921E+16  0.000000E+00  9.199921E+16  5.000000E-01 -6.661338E-16 -1.753743E+15 -1.906258E-02
    151  4.4401076146560547E-01  1.1179481750615311E+09  2.0690058188794065E+09  1.655455E+18  6.935477E+17  0.000000E+00  6.935477E+17  5.000000E-01 -1.059570E-10 -1.450703E+16 -2.091713E-02
    152  4.4401322257692266E-01  1.1380224931489642E+09  2.0691602533554230E+09  1.655458E+18  1.006164E+18  0.000000E+00  1.006164E+18  5.000000E-01 -1.059572E-10 -2.131686E+16 -2.118627E-02
    153  4.4401814479955704E-01  1.1781711293238306E+09  2.0694691223074558E+09  1.655465E+18  2.099018E+18  0.000000E+00  2.099018E+18  5.000000E-01 -1.059572E-10 -4.540221E+16 -2.163022E-02
    154  4.4401912924408393E-01  1.1862008565589852E+09  2.0695308960978637E+09  1.655467E+18  2.425243E+18  0.000000E+00  2.425243E+18  5.000000E-01 -1.059572E-10 -5.282459E+16 -2.178115E-02
    155  4.4402109813313767E-01  1.2022603110288413E+09  2.0696544436786761E+09  1.655473E+18  3.229216E+18  0.000000E+00  3.229216E+18  5.000000E-01 -1.059570E-10 -7.077380E+16 -2.191671E-02
    156  4.4402503591124515E-01  1.2343792199685533E+09  2.0699015388403008E+09  1.655490E+18  5.669062E+18  0.000000E+00  5.669062E+18  5.000000E-01 -1.059568E-10 -1.249957E+17 -2.204875E-02
    157  4.4402582346686664E-01  1.2408030017564957E+09  2.0699509578726258E+09  1.655494E+18  6.332595E+18  0.000000E+00  6.332595E+18  5.000000E-01 -1.059570E-10 -1.399507E+17 -2.210005E-02
    158  4.4402739857810963E-01  1.2536505653323805E+09  2.0700497959372756E+09  1.655506E+18  7.897144E+18  0.000000E+00  7.897144E+18  5.000000E-01 -1.059566E-10 -1.746153E+17 -2.211120E-02
    159  4.4403054880059561E-01  1.2793456924841502E+09  2.0702474720665755E+09  1.655537E+18  1.221322E+19  0.000000E+00  1.221322E+19  5.000000E-01 -1.059568E-10 -2.692263E+17 -2.204384E-02
    160  4.4403117884509280E-01  1.2844847179144137E+09  2.0702870072924349E+09  1.655545E+18  1.331174E+19  0.000000E+00  1.331174E+19  5.000000E-01 -1.059566E-10 -2.934785E+17 -2.204659E-02
    161  4.4403243893408717E-01  1.2947627687749405E+09  2.0703660777441535E+09  1.655563E+18  1.581336E+19  0.000000E+00  1.581336E+19  5.000000E-01 -1.059568E-10 -3.476470E+17 -2.198438E-02
    162  4.4403495911207597E-01  1.3153188704964466E+09  2.0705242186475940E+09  1.655611E+18  2.228181E+19  0.000000E+00  2.228181E+19  5.000000E-01 -1.059575E-10 -4.850323E+17 -2.176808E-02
    163  4.4403546314767373E-01  1.3194300908407478E+09  2.0705558468282821E+09  1.655622E+18  2.386762E+19  0.000000E+00  2.386762E+19  5.000000E-01 -1.059568E-10 -5.184139E+17 -2.172038E-02
    164  4.4403647121886924E-01  1.3276525315293505E+09  2.0706191031896584E+09  1.655648E+18  2.738577E+19  0.000000E+00  2.738577E+19  5.000000E-01 -1.059566E-10 -5.908873E+17 -2.157644E-02
    165  4.4403848736126028E-01  1.3440974129065557E+09  2.0707456159124107E+09  1.655712E+18  3.612842E+19  0.000000E+00  3.612842E+19  5.000000E-01 -1.059570E-10 -7.649906E+17 -2.117421E-02
    166  4.4404251964604236E-01  1.3769871756609654E+09  2.0709986413579156E+09  1.655908E+18  6.431460E+19  0.000000E+00  6.431460E+19  5.000000E-01 -1.059579E-10 -1.263469E+18 -1.964513E-02
    167  4.4404332610299879E-01  1.3835651282120287E+09  2.0710492464470181E+09  1.655962E+18  7.190215E+19  0.000000E+00  7.190215E+19  5.000000E-01 -1.059575E-10 -1.398632E+18 -1.945189E-02
    168  4.4404493017189500E-01  1.3966488879882803E+09  2.0711499016013587E+09  1.656092E+18  9.079049E+19  0.000000E+00  9.079049E+19  5.000000E-01 -1.059570E-10 -1.699097E+18 -1.871448E-02
    169  4.4404813830968742E-01  1.4228164075407832E+09  2.0713512119100394E+09  1.656462E+18  1.430409E+20  0.000000E+00  1.430409E+20  5.000000E-01 -1.059575E-10 -2.482590E+18 -1.735580E-02
    170  4.4405455458527221E-01  1.4751514466453364E+09  2.0717538325273976E+09  1.657874E+18  3.117431E+20  0.000000E+00  3.117431E+20  5.000000E-01 -1.058194E-10 -5.095139E+18 -1.634403E-02
    171  4.4405583784038916E-01  1.4856184544661565E+09  2.0718343566508687E+09  1.658303E+18  3.567132E+20  0.000000E+00  3.567132E+20  5.000000E-01 -1.058187E-10 -5.925938E+18 -1.661261E-02
    172  4.4405609449141253E-01  1.4877118560302300E+09  2.0718504614755621E+09  1.658396E+18  3.663544E+20  0.000000E+00  3.663544E+20  5.000000E-01 -1.058196E-10 -6.094509E+18 -1.663555E-02
    173  4.4405660779345929E-01  1.4918986591583767E+09  2.0718826711249492E+09  1.658589E+18  3.861922E+20  0.000000E+00  3.861922E+20  5.000000E-01 -1.058189E-10 -6.439661E+18 -1.667476E-02
    174  4.4405763439755286E-01  1.5002722654151235E+09  2.0719470904237266E+09  1.659007E+18  4.289598E+20  0.000000E+00  4.289598E+20  5.000000E-01 -1.058198E-10 -7.183688E+18 -1.674676E-02
    175  4.4405968760573999E-01  1.5170194779286165E+09  2.0720759290212815E+09  1.659983E+18  5.252313E+20  0.000000E+00  5.252313E+20  5.000000E-01 -1.058200E-10 -8.901553E+18 -1.694787E-02
    176  4.4406379402211427E-01  1.5505139029556031E+09  2.0723336062163913E+09  1.662624E+18  7.740009E+20  0.000000E+00  7.740009E+20  5.000000E-01 -1.058196E-10 -1.341495E+19 -1.733195E-02
    177  4.4406461530538910E-01  1.5572127879608192E+09  2.0723851416554120E+09  1.663284E+18  8.340944E+20  0.000000E+00  8.340944E+20  5.000000E-01 -1.058191E-10 -1.452386E+19 -1.741273E-02
    178  4.4406625787193882E-01  1.5706105579717045E+09  2.0724882125334566E+09  1.664760E+18  9.648471E+20  0.000000E+00  9.648471E+20  5.000000E-01 -1.058189E-10 -1.694304E+19 -1.756034E-02
    179  4.4406954300503826E-01  1.5974060979934747E+09  2.0726943542895458E+09  1.668417E+18  1.271979E+21  0.000000E+00  1.271979E+21  5.000000E-01 -1.058189E-10 -2.270916E+19 -1.785341E-02
    180  4.4407020003165815E-01  1.6027652059978290E+09  2.0727355826407638E+09  1.669275E+18  1.340750E+21  0.000000E+00  1.340750E+21  5.000000E-01 -1.058187E-10 -2.400908E+19 -1.790721E-02
    181  4.4407129143590962E-01  1.6116673616837869E+09  2.0728040681426268E+09  1.670803E+18  1.460216E+21  0.000000E+00  1.460216E+21  5.000000E-01 -1.058185E-10 -2.628548E+19 -1.800109E-02
    182  4.4407347424441257E-01  1.6294716730557036E+09  2.0729410391463530E+09  1.674268E+18  1.717750E+21  0.000000E+00  1.717750E+21  5.000000E-01 -1.058180E-10 -3.123962E+19 -1.818637E-02
    183  4.4407783986141847E-01  1.6650802957995365E+09  2.0732149811538053E+09  1.682999E+18  2.292685E+21  0.000000E+00  2.292685E+21  5.000000E-01 -1.058185E-10 -4.249207E+19 -1.853376E-02
    184  4.4407871298481966E-01  1.6722020203483934E+09  2.0732697695552964E+09  1.685053E+18  2.412181E+21  0.000000E+00  2.412181E+21  5.000000E-01 -1.058185E-10 -4.486687E+19 -1.860012E-02
    185  4.4407995765709724E-01  1.6823543231070013E+09  2.0733478726096597E+09  1.688162E+18  2.582632E+21  0.000000E+00  2.582632E+21  5.000000E-01 -1.058174E-10 -4.830777E+19 -1.870486E-02
    186  4.4408244700165239E-01  1.7026589286242168E+09  2.0735040787183859E+09  1.695013E+18  2.919391E+21  0.000000E+00  2.919391E+21  5.000000E-01 -1.058178E-10 -5.519672E+19 -1.890693E-02
    187  4.4408742569076270E-01  1.7432681396586475E+09  2.0738164909358385E+09  1.711081E+18  3.505422E+21  0.000000E+00  3.505422E+21  5.000000E-01 -1.058180E-10 -6.722101E+19 -1.917629E-02
    188  4.4408831940929716E-01  1.7505578506180897E+09  2.0738725716797733E+09  1.714256E+18  3.594407E+21  0.000000E+00  3.594407E+21  5.000000E-01 -1.058167E-10 -6.930860E+19 -1.928235E-02
    189  4.4408977357275892E-01  1.7624188906606748E+09  2.0739638202838857E+09  1.719575E+18  3.717081E+21  0.000000E+00  3.717081E+21  5.000000E-01 -1.058169E-10 -7.194227E+19 -1.935450E-02
    190  4.4409268189968243E-01  1.7861409707458448E+09  2.0741463174921105E+09  1.730669E+18  3.894745E+21  0.000000E+00  3.894745E+21  5.000000E-01 -1.058162E-10 -7.582392E+19 -1.946826E-02
    191  4.4409824985401536E-01  1.8315565866893377E+09  2.0744957060402369E+09  1.752731E+18  3.966769E+21  0.000000E+00  3.966769E+21  5.000000E-01 -1.058165E-10 -7.756839E+19 -1.955455E-02
    192  4.4409909244933482E-01  1.8384293056694698E+09  2.0745485788078139E+09  1.756069E+18  3.952534E+21  0.000000E+00  3.952534E+21  5.000000E-01 -1.058176E-10 -7.766690E+19 -1.964990E-02
    193  4.4410058577750305E-01  1.8506097968356788E+09  2.0746422849931340E+09  1.761937E+18  3.902668E+21  0.000000E+00  3.902668E+21  5.000000E-01 -1.058180E-10 -7.672294E+19 -1.965910E-02
    194  4.4410357243383952E-01  1.8749707791680965E+09  2.0748296973637743E+09  1.773377E+18  3.745319E+21  0.000000E+00  3.745319E+21  5.000000E-01 -1.058178E-10 -7.370463E+19 -1.967914E-02
    195  4.4410954574651246E-01  1.9236927438329320E+09  2.0752045221050546E+09  1.794364E+18  3.319683E+21  0.000000E+00  3.319683E+21  5.000000E-01 -1.058182E-10 -7.297412E+19 -2.198225E-02
    196  4.4411038030712641E-01  1.9304999268768957E+09  2.0752568906957068E+09  1.797041E+18  3.162886E+21  0.000000E+00  3.162886E+21  5.000000E-01 -1.058196E-10 -6.224301E+19 -1.967919E-02
    197  4.4411141100889523E-01  1.9389069562607908E+09  2.0753215671231749E+09  1.800250E+18  3.060302E+21  0.000000E+00  3.060302E+21  5.000000E-01 -1.058194E-10 -6.046021E+19 -1.975629E-02
    198  4.4411347241243287E-01  1.9557210150285814E+09  2.0754509199781115E+09  1.806335E+18  2.843900E+21  0.000000E+00  2.843900E+21  4.999999E-01 -1.058198E-10 -5.639549E+19 -1.983033E-02
    199  4.4411759521950822E-01  1.9893491325646150E+09  2.0757096256879878E+09  1.817136E+18  2.406049E+21  0.000000E+00  2.406049E+21  4.999999E-01 -1.058198E-10 -4.884700E+19 -2.030174E-02
    200  4.4411826464654691E-01  1.9948093859132402E+09  2.0757516321641800E+09  1.818717E+18  2.325300E+21  0.000000E+00  2.325300E+21  4.999999E-01 -1.058198E-10 -4.623114E+19 -1.988179E-02
    201  4.4411943534368720E-01  2.0043583025404599E+09  2.0758250932864671E+09  1.821363E+18  2.197836E+21  0.000000E+00  2.197836E+21  4.999999E-01 -1.058196E-10 -4.348932E+19 -1.978734E-02
    202  4.4412135014890780E-01  2.0199766164320164E+09  2.0759452471124449E+09  1.825389E+18  2.005855E+21  0.000000E+00  2.005855E+21  4.999999E-01 -1.058202E-10 -4.017579E+19 -2.002926E-02
    203  4.4412517975934901E-01  2.0512132442151289E+09  2.0761855547644005E+09  1.832354E+18  1.640862E+21  0.000000E+00  1.640862E+21  4.999999E-01 -1.058207E-10 -3.327439E+19 -2.027860E-02
    204  4.4413271896324968E-01  2.1127075684138246E+09  2.0766586390153446E+09  1.842399E+18  1.123628E+21  0.000000E+00  1.123628E+21  4.999999E-01 -1.058211E-10 -2.946752E+19 -2.622533E-02
    205  4.4414007169180370E-01  2.1726808864726286E+09  2.0771200219579201E+09  1.848656E+18  6.474356E+20  0.000000E+00  6.474356E+20  4.999999E-01 -1.058214E-10 -9.948571E+18 -1.536612E-02
    206  4.4414714904781638E-01  2.2304080989008164E+09  2.0775641253025222E+09  1.852493E+18  3.878818E+20  0.000000E+00  3.878818E+20  4.999999E-01 -1.058200E-10 -2.636530E+18 -6.797250E-03
    207  4.4415735740722995E-01  2.3136736759544401E+09  2.0782046987808576E+09  1.855781E+18  2.195861E+20  0.000000E+00  2.195861E+20  4.999999E-01 -2.858661E-08 -3.672055E+18 -1.672262E-02
    208  4.4416673573795795E-01  2.3901690351234488E+09  2.0787931880465698E+09  1.857524E+18  1.408241E+20  0.000000E+00  1.408241E+20  4.999998E-01 -3.006375E-08 -2.638783E+18 -1.873816E-02
    209  4.4418073736524233E-01  2.5043748078918023E+09  2.0796717886843953E+09  1.859079E+18  8.408012E+19  0.000000E+00  8.408012E+19  4.999998E-01 -3.435106E-08 -5.733521E+17 -6.819117E-03
    210  4.4419306787895391E-01  2.6049499637976351E+09  2.0804455271214836E+09  1.860026E+18  6.772762E+19  0.000000E+00  6.772762E+19  4.999998E-01 -3.470813E-08 -1.330183E+18 -1.964018E-02
    211  4.4420430387973847E-01  2.6965976077724795E+09  2.0811505849876459E+09  1.860878E+18  8.933875E+19  0.000000E+00  8.933875E+19  4.999998E-01 -3.490172E-08 -1.114780E+18 -1.247812E-02
    212  4.4420632497793344E-01  2.7130829116953259E+09  2.0812774086865735E+09  1.861061E+18  9.488015E+19  0.000000E+00  9.488015E+19  4.999997E-01 -3.490172E-08 -1.064312E+18 -1.121744E-02
    213  4.4420925437592895E-01  2.7369768602363372E+09  2.0814612281023474E+09  1.861361E+18  1.109220E+20  0.000000E+00  1.109220E+20  4.999997E-01 -3.490172E-08 -1.200481E+18 -1.082275E-02
    214  4.4421511317191997E-01  2.7847647573183594E+09  2.0818288669338953E+09  1.862144E+18  1.616105E+20  0.000000E+00  1.616105E+20  4.999997E-01 -3.490172E-08 -1.712373E+18 -1.059567E-02
    215  4.4422617051481506E-01  2.8749551590802026E+09  2.0825227140363042E+09  1.864807E+18  3.271418E+20  0.000000E+00  3.271418E+20  4.999997E-01 -3.490454E-08 -2.428889E+18 -7.424577E-03
    216  4.4422789958388381E-01  2.8890584961535683E+09  2.0826312129383104E+09  1.865437E+18  3.853343E+20  0.000000E+00  3.853343E+20  4.999997E-01 -3.490454E-08 -4.325300E+18 -1.122480E-02
    217  4.4423114565744132E-01  2.9155354428375807E+09  2.0828349037122560E+09  1.866833E+18  4.783163E+20  0.000000E+00  4.783163E+20  4.999997E-01 -3.490454E-08 -5.575985E+18 -1.165753E-02
    218  4.4423763780455633E-01  2.9684893362056060E+09  2.0832422852601471E+09  1.870686E+18  7.278302E+20  0.000000E+00  7.278302E+20  4.999997E-01 -3.490454E-08 -9.247363E+18 -1.270539E-02
    219  4.4423884990489942E-01  2.9783759624915705E+09  2.0833183444290509E+09  1.871599E+18  7.818087E+20  0.000000E+00  7.818087E+20  4.999997E-01 -3.490454E-08 -9.669054E+18 -1.236754E-02
    220  4.4424092757928174E-01  2.9953227361468215E+09  2.0834487182777774E+09  1.873332E+18  8.891818E+20  0.000000E+00  8.891818E+20  4.999997E-01 -3.490454E-08 -1.125914E+19 -1.266236E-02
    221  4.4424508292804638E-01  3.0292162834573236E+09  2.0837094659752302E+09  1.877532E+18  1.144592E+21  0.000000E+00  1.144592E+21  4.999997E-01 -3.490454E-08 -1.535266E+19 -1.341322E-02
    222  4.4425339362557564E-01  3.0970033780783286E+09  2.0842309613701358E+09  1.889689E+18  1.822821E+21  0.000000E+00  1.822821E+21  4.999996E-01 -3.490454E-08 -2.748682E+19 -1.507928E-02
    223  4.4425454308694667E-01  3.1063790828788977E+09  2.0843030899501381E+09  1.891853E+18  1.940506E+21  0.000000E+00  1.940506E+21  4.999996E-01 -3.490454E-08 -2.843802E+19 -1.465495E-02
    224  4.4425639376666137E-01  3.1214743502125554E+09  2.0844192199073725E+09  1.895625E+18  2.137707E+21  0.000000E+00  2.137707E+21  4.999996E-01 -3.490454E-08 -3.210354E+19 -1.501774E-02
    225  4.4426009512609071E-01  3.1516648848794179E+09  2.0846514798218374E+09  1.904320E+18  2.572213E+21  0.000000E+00  2.572213E+21  4.999996E-01 -3.490454E-08 -4.061704E+19 -1.579070E-02
    226  4.4426749784494945E-01  3.2120459542135949E+09  2.0851159996507709E+09  1.926957E+18  3.575280E+21  0.000000E+00  3.575280E+21  4.999996E-01 -3.490454E-08 -6.230772E+19 -1.742737E-02
    227  4.4427905098461506E-01  3.3062803754429002E+09  2.0858409579483266E+09  1.977967E+18  5.115826E+21  0.000000E+00  5.115826E+21  4.999996E-01 -3.490454E-08 -8.048419E+19 -1.573239E-02
    228  4.4428017441258255E-01  3.3154437359988222E+09  2.0859114529349976E+09  1.983906E+18  5.358208E+21  0.000000E+00  5.358208E+21  4.999995E-01 -3.490454E-08 -1.098333E+20 -2.049813E-02
    229  4.4428165700228262E-01  3.3275366376991196E+09  2.0860044852825706E+09  1.991967E+18  5.518187E+21  0.000000E+00  5.518187E+21  4.999995E-01 -3.490454E-08 -1.149007E+20 -2.082219E-02
    230  4.4428462218168274E-01  3.3517224410997143E+09  2.0861905499777169E+09  2.008757E+18  5.789853E+21  0.000000E+00  5.789853E+21  4.999995E-01 -3.490454E-08 -1.243463E+20 -2.147659E-02
    231  4.4429055254048300E-01  3.4000940479009042E+09  2.0865626793680093E+09  2.044128E+18  6.021291E+21  0.000000E+00  6.021291E+21  4.999995E-01 -3.490454E-08 -1.378940E+20 -2.290108E-02
    232  4.4430025549958968E-01  3.4792372732140765E+09  2.0871715390303028E+09  2.101907E+18  6.128577E+21  0.000000E+00  6.128577E+21  4.999995E-01 -3.490454E-08 -1.744222E+20 -2.846047E-02
    233  4.4431002055027252E-01  3.5588869551192975E+09  2.0877842949324625E+09  2.152154E+18  4.903994E+21  0.000000E+00  4.903994E+21  4.999995E-01 -3.490454E-08 -1.428745E+20 -2.913430E-02
    234  4.4431916307737568E-01  3.6334589567634673E+09  2.0883579875455439E+09  2.188204E+18  2.938313E+21  0.000000E+00  2.938313E+21  4.999994E-01 -1.399002E-08 -6.993772E+19 -2.380200E-02
    235  4.4432040768430708E-01  3.6436107265190158E+09  2.0884360864994416E+09  2.192282E+18  3.200744E+21  0.000000E+00  3.200744E+21  4.999994E-01 -1.401258E-08 -8.727493E+19 -2.726708E-02
    236  4.4432181071929072E-01  3.6550547316530623E+09  2.0885241267969356E+09  2.196656E+18  3.033243E+21  0.000000E+00  3.033243E+21  4.999994E-01 -1.401258E-08 -8.318265E+19 -2.742367E-02
    237  4.4432461678925794E-01  3.6779427419207029E+09  2.0887002073919199E+09  2.204722E+18  2.711549E+21  0.000000E+00  2.711549E+21  4.999994E-01 -1.401258E-08 -7.425108E+19 -2.738327E-02
    238  4.4433022892919244E-01  3.7237187624564366E+09  2.0890523685818920E+09  2.218355E+18  2.224114E+21  0.000000E+00  2.224114E+21  4.999994E-01 -1.401258E-08 -6.175567E+19 -2.776641E-02
    239  4.4433924455886387E-01  3.7972557116057348E+09  2.0896180983944941E+09  2.234434E+18  1.115420E+21  0.000000E+00  1.115420E+21  4.999994E-01 -1.401258E-08  7.853452E+18  7.040805E-03
    240  4.4434816947969213E-01  3.8700527843592758E+09  2.0901781362367387E+09  2.245067E+18  8.537296E+20  0.000000E+00  8.537296E+20  4.999994E-01 -1.345236E-08 -5.882987E+19 -6.890925E-02
    241  4.4434939202123180E-01  3.8800245753835340E+09  2.0902548505896282E+09  2.246213E+18  9.059145E+20  0.000000E+00  9.059145E+20  4.999994E-01 -1.345237E-08 -2.735926E+19 -3.020071E-02
    242  4.4435109756283575E-01  3.8939360081699696E+09  2.0903618731456947E+09  2.247706E+18  8.369269E+20  0.000000E+00  8.369269E+20  4.999994E-01 -1.345236E-08 -2.424177E+19 -2.896521E-02
    243  4.4435450864604370E-01  3.9217588737432933E+09  2.0905759182578313E+09  2.250361E+18  6.779519E+20  0.000000E+00  6.779519E+20  4.999993E-01 -1.345236E-08 -1.372118E+19 -2.023917E-02
    244  4.4436133081245954E-01  3.9774046048894882E+09  2.0910040084821012E+09  2.254565E+18  2.343808E+20  0.000000E+00  2.343808E+20  4.999993E-01 -1.345236E-08  4.094215E+19  1.746822E-01
    245  4.4436255397139240E-01  3.9873814317474513E+09  2.0910807615763485E+09  2.255189E+18  4.923314E+20  0.000000E+00  4.923314E+20  4.999993E-01 -1.345236E-08 -1.441670E+19 -2.928250E-02
    246  4.4436407632609748E-01  3.9997986809706607E+09  2.0911762891737990E+09  2.255918E+18  4.580751E+20  0.000000E+00  4.580751E+20  4.999993E-01 -1.345236E-08 -1.330855E+19 -2.905320E-02
    247  4.4436712103550763E-01  4.0246331794170790E+09  2.0913673443687003E+09  2.257233E+18  3.664945E+20  0.000000E+00  3.664945E+20  4.999993E-01 -1.345236E-08 -6.304733E+18 -1.720280E-02
    248  4.4437321045432793E-01  4.0743021763099151E+09  2.0917494547585025E+09  2.259376E+18  2.096458E+20  0.000000E+00  2.096458E+20  4.999993E-01 -1.345236E-08  1.265081E+19  6.034373E-02
    249  4.4438388548658087E-01  4.1613742203668399E+09  2.0924193119083712E+09  2.261965E+18  5.471303E+20  0.000000E+00  5.471303E+20  4.999993E-01 -1.345236E-08 -6.271910E+19 -1.146329E-01
    250  4.4439240340891473E-01  4.2308515663039751E+09  2.0929538106379459E+09  2.263300E+18 -9.820520E+20  0.000000E+00 -9.820520E+20  4.999993E-01 -1.345236E-08  1.924475E+20 -1.959646E-01
    251  4.4439356759891796E-01  4.2403474067708049E+09  2.0930268634380682E+09  2.263445E+18  1.085041E+20  0.000000E+00  1.085041E+20  4.999993E-01 -1.345236E-08 -2.562596E+18 -2.361750E-02
    252  4.4439517100522724E-01  4.2534257620857887E+09  2.0931274770151484E+09  2.263633E+18  1.177570E+20  0.000000E+00  1.177570E+20  4.999993E-01 -1.345236E-08 -5.673405E+18 -4.817892E-02
    253  4.4439837781784580E-01  4.2795824727157569E+09  2.0933287041693091E+09  2.263968E+18  1.845495E+20  0.000000E+00  1.845495E+20  4.999993E-01 -1.345236E-08 -3.131940E+19 -1.697073E-01
    254  4.4440479144308292E-01  4.3318958939756927E+09  2.0937311584776306E+09  2.264494E+18 -1.109449E+21  0.000000E+00 -1.109449E+21  4.999993E-01 -1.345236E-08  2.992230E+20 -2.697041E-01
    255  4.4441464813290649E-01  4.4122930403483791E+09  2.0943496647262216E+09  2.264994E+18  4.715935E+21  0.000000E+00  4.715935E+21  4.999992E-01 -1.345236E-08 -8.484241E+20 -1.799058E-01
    256  4.4442352709095145E-01  4.4847152127364902E+09  2.0949068184086535E+09  2.265207E+18  3.613976E+21  0.000000E+00  3.613976E+21  4.999992E-01 -1.345236E-08 -1.229325E+21 -3.401586E-01
    257  4.4442434875877429E-01  4.4914172343486977E+09  2.0949583779780209E+09  2.265218E+18  9.510274E+17  0.000000E+00  9.510274E+17  4.999992E-01 -1.345236E-08 -3.311348E+18 -3.481864E+00
    258  4.4442551666779184E-01  4.5009434093541908E+09  2.0950316641459000E+09  2.265232E+18  1.198339E+19  0.000000E+00  1.198339E+19  4.999992E-01 -1.345236E-08 -1.780920E+18 -1.486157E-01
    259  4.4442785248582695E-01  4.5199957593651762E+09  2.0951782364816582E+09  2.265254E+18  5.147203E+19  0.000000E+00  5.147203E+19  4.999992E-01 -1.345236E-08 -2.102307E+19 -4.084368E-01
    260  4.4443252412189710E-01  4.5581004593866959E+09  2.0954713811531711E+09  2.265277E+18  2.220789E+20  0.000000E+00  2.220789E+20  4.999992E-01 -1.345236E-08 -7.393003E+19 -3.328998E-01
    261  4.4444021019898988E-01  4.6207927705095539E+09  2.0959536816814551E+09  2.265289E+18  5.640513E+20  0.000000E+00  5.640513E+20  4.999992E-01 -1.345236E-08 -9.220713E+20 -1.634730E+00
    262  4.4444672177967876E-01  4.6739051759044600E+09  2.0963622826840601E+09  2.265304E+18 -2.550898E+21  0.000000E+00 -2.550898E+21  4.999992E-01 -1.345236E-08 -2.447458E+20  9.594497E-02
    263  4.4445292661111213E-01  4.7245155481386070E+09  2.0967516352031808E+09  2.265346E+18 -2.288802E+21  0.000000E+00 -2.288802E+21  4.999992E-01 -1.345236E-08  1.582117E+21 -6.912424E-01
    264  4.4445377396866204E-01  4.7314271107614708E+09  2.0968048068002167E+09  2.265355E+18  1.715287E+19  0.000000E+00  1.715287E+19  4.999992E-01 -1.345236E-08  1.119583E+19  6.527090E-01
    265  4.4445501725990183E-01  4.7415681489374580E+09  2.0968828231946044E+09  2.265370E+18  1.125949E+19  0.000000E+00  1.125949E+19  4.999991E-01 -1.345236E-08 -8.853711E+18 -7.863330E-01
    266  4.4445666492439279E-01  4.7550075008521137E+09  2.0969862139679248E+09  2.265393E+18 -2.146464E+18  0.000000E+00 -2.146464E+18  4.999991E-01 -1.345236E-08 -3.441187E+19  1.603189E+01
    267  4.4445996025337475E-01  4.7818862046818771E+09  2.0971929955145690E+09  2.265452E+18 -2.385558E+20  0.000000E+00 -2.385558E+20  4.999991E-01 -1.345236E-08 -2.372505E+20  9.945285E-01
    268  4.4446614714143651E-01  4.8323502198833361E+09  2.0975812220890098E+09  2.265628E+18 -6.092116E+20  0.000000E+00 -6.092116E+20  4.999991E-01 -1.345236E-08  2.142367E+21 -3.516622E+00
    269  4.4446703369358354E-01  4.8395814774360752E+09  2.0976368531428883E+09  2.265663E+18  5.839457E+19  0.000000E+00  5.839457E+19  4.999991E-01 -1.345236E-08  1.873993E+19  3.209190E-01
    270  4.4446837800496658E-01  4.8505464972315397E+09  2.0977212085406282E+09  2.265719E+18 -3.120884E+18  0.000000E+00 -3.120884E+18  4.999991E-01 -1.345236E-08 -1.757884E+19  5.632646E+00
    271  4.4447106662773272E-01  4.8724765368229218E+09  2.0978899193361115E+09  2.265850E+18 -4.100595E+20  0.000000E+00 -4.100595E+20  4.999991E-01 -1.345236E-08 -1.180668E+20  2.879260E-01
    272  4.4447644387326496E-01  4.9163366160052347E+09  2.0982273409270744E+09  2.266206E+18 -7.530113E+20  0.000000E+00 -7.530113E+20  4.999991E-01 -1.345236E-08  2.454533E+20 -3.259624E-01
    273  4.4447727452664909E-01  4.9231119293106585E+09  2.0982794643394668E+09  2.266274E+18  5.881295E+19  0.000000E+00  5.881295E+19  4.999991E-01 -1.345236E-08 -1.030532E+19 -1.752220E-01
    274  4.4447843627337680E-01  4.9325878409389391E+09  2.0983523638243070E+09  2.266376E+18 -1.178282E+19  0.000000E+00 -1.178282E+19  4.999991E-01 -1.345236E-08 -2.215293E+19  1.880105E+00
    275  4.4448075976683227E-01  4.9515396641959534E+09  2.0984981627939909E+09  2.266606E+18 -7.353540E+20  0.000000E+00 -7.353540E+20  4.999991E-01 -1.345236E-08 -1.629506E+20  2.215948E-01
    276  4.4448540675374321E-01  4.9894433107099819E+09  2.0987897607333584E+09  2.267184E+18 -2.420374E+21  0.000000E+00 -2.420374E+21  4.999990E-01 -1.345236E-08  7.367914E+18 -3.044122E-03
    277  4.4448612559341505E-01  4.9953066034938831E+09  2.0988348678470778E+09  2.267289E+18  6.670672E+19  0.000000E+00  6.670672E+19  4.999990E-01 -1.345236E-08 -1.668892E+19 -2.501835E-01
    278  4.4448718933875192E-01  5.0039831562801189E+09  2.0989016177549620E+09  2.267454E+18  8.007392E+21  0.000000E+00  8.007392E+21  4.999990E-01 -1.345236E-08 -1.875515E+21 -2.342230E-01
    279  4.4448875247797159E-01  5.0167330687654009E+09  2.0989997045764093E+09  2.267715E+18  7.654680E+19  0.000000E+00  7.654680E+19  4.999990E-01 -1.345236E-08 -7.509141E+19 -9.809870E-01
    280  4.4449187875641089E-01  5.0422328937355118E+09  2.0991958782193005E+09  2.268315E+18  2.461420E+20  0.000000E+00  2.461420E+20  4.999990E-01 -1.345236E-08  8.947153E+19  3.634956E-01
    281  4.4449715177945293E-01  5.0852428710124760E+09  2.0995267598599777E+09  2.269597E+18  2.889264E+22  0.000000E+00  2.889264E+22  4.999989E-01 -1.345236E-08  3.466750E+21  1.199873E-01
    282  4.4449791025776120E-01  5.0914294805804110E+09  2.0995743542939594E+09  2.269815E+18  7.382357E+20  0.000000E+00  7.382357E+20  4.999989E-01 -1.345236E-08  4.360026E+19  5.906007E-02
    283  4.4449891680220377E-01  5.0996394681450653E+09  2.0996375148517489E+09  2.270116E+18 -3.572205E+19  0.000000E+00 -3.572205E+19  4.999989E-01 -1.345236E-08 -4.973382E+19  1.392244E+00
    284  4.4450092989108891E-01  5.1160594432743721E+09  2.0997638359673283E+09  2.270770E+18 -2.531075E+21  0.000000E+00 -2.531075E+21  4.999989E-01 -1.345236E-08 -3.233182E+20  1.277395E-01
    285  4.4450495606885926E-01  5.1488993935334396E+09  2.1000164781984901E+09  2.272300E+18  3.155238E+22  0.000000E+00  3.155238E+22  4.999989E-01 -1.345236E-08  1.290419E+21  4.089768E-02
    286  4.4450551158148227E-01  5.1534304917483273E+09  2.1000513365570929E+09  2.272537E+18  7.900286E+20  0.000000E+00  7.900286E+20  4.999989E-01 -1.345236E-08  6.607145E+18  8.363172E-03
    287  4.4450628204105003E-01  5.1597148277426529E+09  2.1000996828138456E+09  2.272877E+18  1.271091E+20  0.000000E+00  1.271091E+20  4.999989E-01 -1.345236E-08 -4.547325E+19 -3.577499E-01
    288  4.4450782296018554E-01  5.1722834997313042E+09  2.1001963753273516E+09  2.273598E+18 -2.084458E+21  0.000000E+00 -2.084458E+21  4.999988E-01 -1.345236E-08 -2.023696E+20  9.708503E-02
    289  4.4451090479845662E-01  5.1974208437090616E+09  2.1003897603543668E+09  2.275215E+18  2.164963E+22  0.000000E+00  2.164963E+22  4.999988E-01 -1.345236E-08 -1.203604E+20 -5.559468E-03
    290  4.4451135373809642E-01  5.2010826679704838E+09  2.1004179312694938E+09  2.275472E+18  7.401224E+20  0.000000E+00  7.401224E+20  4.999988E-01 -1.345236E-08 -2.662325E+19 -3.597142E-02
    291  4.4451198435402289E-01  5.2062263543249836E+09  2.1004575023524811E+09  2.275842E+18  3.021733E+20  0.000000E+00  3.021733E+20  4.999988E-01 -1.345236E-08 -4.932640E+19 -1.632388E-01
    292  4.4451324558587585E-01  5.2165137270339842E+09  2.1005366445184555E+09  2.276618E+18 -1.602127E+21  0.000000E+00 -1.602127E+21  4.999988E-01 -1.345236E-08 -1.543207E+20  9.632240E-02
    293  4.4451576804958171E-01  5.2370884724515324E+09  2.1006949288504009E+09  2.278316E+18 -3.988127E+21  0.000000E+00 -3.988127E+21  4.999987E-01 -1.345236E-08 -9.334774E+20  2.340641E-01
    294  4.4451617317243036E-01  5.2403929003624640E+09  2.1007203502664976E+09  2.278607E+18  4.646906E+20  0.000000E+00  4.646906E+20  4.999987E-01 -1.345236E-08 -5.897142E+19 -1.269047E-01
    295  4.4451673113418050E-01  5.2449439751450777E+09  2.1007553623075695E+09  2.279019E+18  4.783099E+20  0.000000E+00  4.783099E+20  4.999987E-01 -1.345236E-08 -6.189560E+19 -1.294048E-01
    296  4.4451784705768077E-01  5.2540461247103043E+09  2.1008253863897128E+09  2.279875E+18 -1.226856E+21  0.000000E+00 -1.226856E+21  4.999987E-01 -1.345236E-08 -1.703038E+20  1.388131E-01
    297  4.4452007890468132E-01  5.2722504238407574E+09  2.1009654345539999E+09  2.281724E+18 -5.991732E+21  0.000000E+00 -5.991732E+21  4.999986E-01 -1.345236E-08 -8.468977E+20  1.413444E-01
    298  4.4452045335928569E-01  5.2753047029321270E+09  2.1009889315409973E+09  2.282054E+18  5.950691E+20  0.000000E+00  5.950691E+20  4.999986E-01 -1.345236E-08 -6.870370E+19 -1.154550E-01
    299  4.4452100085192253E-01  5.2797703852706928E+09  2.1010232866463118E+09  2.282545E+18  5.506857E+20  0.000000E+00  5.506857E+20  4.999986E-01 -1.345237E-08 -6.938725E+19 -1.260015E-01
    300  4.4452209583719621E-01  5.2887017499478245E+09  2.1010919968569410E+09  2.283566E+18 -1.599544E+21  0.000000E+00 -1.599544E+21  4.999986E-01 -1.345236E-08 -1.722761E+20  1.077033E-01
    301  4.4452428580774356E-01  5.3065644793020878E+09  2.1012294172781992E+09  2.285761E+18 -1.602558E+22  0.000000E+00 -1.602558E+22  4.999985E-01 -1.345237E-08 -1.182411E+21  7.378270E-02
    302  4.4452467581552119E-01  5.3097456195170860E+09  2.1012538902251806E+09  2.286174E+18  4.683801E+20  0.000000E+00  4.683801E+20  4.999985E-01 -1.345237E-08 -9.012014E+19 -1.924081E-01
    303  4.4452519257299944E-01  5.3139606072423725E+09  2.1012863167025301E+09  2.286733E+18  7.580010E+20  0.000000E+00  7.580010E+20  4.999985E-01 -1.345237E-08 -8.798968E+19 -1.160812E-01
    304  4.4452622608795589E-01  5.3223905826924915E+09  2.1013511696572256E+09  2.287887E+18 -1.317669E+21  0.000000E+00 -1.317669E+21  4.999985E-01 -1.345237E-08 -2.192036E+20  1.663572E-01
    305  4.4452829311786879E-01  5.3392505335927315E+09  2.1014808755666170E+09  2.290350E+18 -1.658201E+22  0.000000E+00 -1.658201E+22  4.999984E-01 -1.345236E-08 -1.216427E+21  7.335823E-02
    306  4.4452867479626795E-01  5.3423637343400574E+09  2.1015048258459766E+09  2.290827E+18  6.350298E+20  0.000000E+00  6.350298E+20  4.999984E-01 -1.345236E-08 -1.022685E+20 -1.610452E-01
    307  4.4452917817513710E-01  5.3464695980070553E+09  2.1015364128170133E+09  2.291468E+18  9.309213E+20  0.000000E+00  9.309213E+20  4.999984E-01 -1.345236E-08 -1.029773E+20 -1.106187E-01
    308  4.4453018493287544E-01  5.3546813253415051E+09  2.1015995867590899E+09  2.292787E+18 -1.265266E+21  0.000000E+00 -1.265266E+21  4.999983E-01 -1.345236E-08 -2.524989E+20  1.995619E-01
    309  4.4453219844835212E-01  5.3711047800104027E+09  2.1017259346432433E+09  2.295576E+18 -1.772598E+22  0.000000E+00 -1.772598E+22  4.999983E-01 -1.345236E-08 -1.356597E+21  7.653160E-02
    310  4.4453258006858853E-01  5.3742175063470078E+09  2.1017498812728963E+09  2.296127E+18  7.850715E+20  0.000000E+00  7.850715E+20  4.999982E-01 -1.345237E-08 -1.168335E+20 -1.488189E-01
    311  4.4453308321355867E-01  5.3783214621916656E+09  2.1017814535667946E+09  2.296864E+18  1.092562E+21  0.000000E+00  1.092562E+21  4.999982E-01 -1.345236E-08 -1.201823E+20 -1.100004E-01
    312  4.4453408950349893E-01  5.3865293738809814E+09  2.1018445981545911E+09  2.298377E+18 -1.326822E+21  0.000000E+00 -1.326822E+21  4.999982E-01 -1.345237E-08 -3.017976E+20  2.274589E-01
    313  4.4453610208337946E-01  5.4029451972596130E+09  2.1019708873301842E+09  2.301550E+18 -1.960973E+22  0.000000E+00 -1.960973E+22  4.999981E-01 -1.345237E-08 -1.612108E+21  8.220958E-02
    314  4.4453648656382788E-01  5.4060812532218723E+09  2.1019950134378400E+09  2.302178E+18  9.150445E+20  0.000000E+00  9.150445E+20  4.999981E-01 -1.345237E-08 -1.329630E+20 -1.453077E-01
    315  4.4453698155778687E-01  5.4101187244710178E+09  2.1020260742566471E+09  2.302997E+18  1.272664E+21  0.000000E+00  1.272664E+21  4.999980E-01 -1.345237E-08 -1.361978E+20 -1.070179E-01
    316  4.4453797154570479E-01  5.4181936669688549E+09  2.1020881958942583E+09  2.304669E+18 -1.184842E+21  0.000000E+00 -1.184842E+21  4.999980E-01 -1.345237E-08 -3.441718E+20  2.904790E-01
    317  4.4453995152154063E-01  5.4343435519645290E+09  2.1022124391694803E+09  2.308143E+18 -2.311186E+22  0.000000E+00 -2.311186E+22  4.999979E-01 -1.345237E-08 -1.964858E+21  8.501516E-02
    318  4.4454034751670779E-01  5.4375735289635735E+09  2.1022372878245239E+09  2.308857E+18  9.706668E+20  0.000000E+00  9.706668E+20  4.999978E-01 -1.345237E-08 -1.491020E+20 -1.536078E-01
    319  4.4454075937342225E-01  5.4409328823722067E+09  2.1022631317899904E+09  2.309607E+18  1.580631E+21  0.000000E+00  1.580631E+21  4.999978E-01 -1.345237E-08 -1.380883E+20 -8.736278E-02
    320  4.4454158308685121E-01  5.4476515891899261E+09  2.1023148197209270E+09  2.311126E+18  1.748871E+20  0.000000E+00  1.748871E+20  4.999978E-01 -1.345237E-08 -2.823949E+20 -1.614727E+00
    321  4.4454323051370909E-01  5.4610890028249102E+09  2.1024181955827968E+09  2.314240E+18 -1.255591E+22  0.000000E+00 -1.255591E+22  4.999976E-01 -1.345237E-08 -1.371012E+21  1.091926E-01
    322  4.4454652536742489E-01  5.4879638300953312E+09  2.1026249473065395E+09  2.320718E+18  2.244464E+22  0.000000E+00  2.244464E+22  4.999974E-01 -1.345237E-08 -8.969966E+21 -3.996484E-01
    323  4.4454703618018904E-01  5.4921303291231966E+09  2.1026570007537045E+09  2.321746E+18  1.550080E+21  0.000000E+00  1.550080E+21  4.999973E-01 -1.345237E-08 -2.476193E+20 -1.597461E-01
    324  4.4454778775780113E-01  5.4982606524235420E+09  2.1027041621697276E+09  2.323267E+18  6.816831E+20  0.000000E+00  6.816831E+20  4.999973E-01 -1.345237E-08 -2.495391E+20 -3.660631E-01
    325  4.4454929091302531E-01  5.5105212990242329E+09  2.1027984850017736E+09  2.326336E+18 -7.774364E+21  0.000000E+00 -7.774364E+21  4.999971E-01 -1.345237E-08 -1.164324E+21  1.497645E-01
    326  4.4455229722347361E-01  5.5350425922251625E+09  2.1029871306658623E+09  2.332524E+18 -1.194532E+22  0.000000E+00 -1.194532E+22  4.999968E-01 -1.345237E-08 -7.833907E+21  6.558139E-01
    327  4.4455725439492672E-01  5.5754762921836233E+09  2.1032981926525903E+09  2.342591E+18 -5.008748E+23  0.000000E+00 -5.008748E+23  4.999963E-01 -1.345237E-08  2.661565E+22 -5.313832E-02
    328  4.4456156860813517E-01  5.6106656343473692E+09  2.1035689090771658E+09  2.350867E+18  3.237525E+23  0.000000E+00  3.237525E+23  4.999957E-01 -1.345236E-08 -1.492990E+22 -4.611516E-02
    329  4.4456220053721340E-01  5.6158200315648127E+09  2.1036085625602872E+09  2.352024E+18  7.059692E+21  0.000000E+00  7.059692E+21  4.999956E-01 -1.345236E-08 -1.543561E+20 -2.186442E-02
    330  4.4456308407942713E-01  5.6230267382741508E+09  2.1036640047411680E+09  2.353615E+18  1.038191E+21  0.000000E+00  1.038191E+21  4.999955E-01 -1.345236E-08 -4.093922E+20 -3.943325E-01
    331  4.4456485116385458E-01  5.6374401516928282E+09  2.1037748891029294E+09  2.356697E+18 -4.907414E+21  0.000000E+00 -4.907414E+21  4.999952E-01 -1.345236E-08 -2.568468E+21  5.233851E-01
    332  4.4456838533270948E-01  5.6662669785301819E+09  2.1039966578264523E+09  2.362439E+18 -4.302062E+22  0.000000E+00 -4.302062E+22  4.999947E-01 -1.345237E-08 -1.985407E+22  4.615012E-01
    333  4.4456901585156366E-01  5.6714098731041126E+09  2.1040362228181634E+09  2.363399E+18  4.265185E+20  0.000000E+00  4.265185E+20  4.999946E-01 -1.345237E-08 -4.655619E+20 -1.091540E+00
    334  4.4456980221112219E-01  5.6778238990763140E+09  2.1040855667976627E+09  2.364573E+18  1.282343E+21  0.000000E+00  1.282343E+21  4.999944E-01 -1.345237E-08 -4.514510E+20 -3.520516E-01
    335  4.4457137493023924E-01  5.6906519510207157E+09  2.1041842547566617E+09  2.366829E+18 -2.928637E+21  0.000000E+00 -2.928637E+21  4.999942E-01 -1.345237E-08 -2.536790E+21  8.662016E-01
    336  4.4457452036847328E-01  5.7163080549090652E+09  2.1043816306746562E+09  2.370973E+18 -2.553190E+22  0.000000E+00 -2.553190E+22  4.999936E-01 -1.345238E-08 -1.504304E+22  5.891861E-01
    337  4.4458056339403479E-01  5.7655986402170362E+09  2.1047608298923542E+09  2.377549E+18  1.287024E+23  0.000000E+00  1.287024E+23  4.999925E-01 -1.345241E-08  2.447522E+22  1.901691E-01
    338  4.4458138689516041E-01  5.7723156153598080E+09  2.1048125045012784E+09  2.378314E+18  1.035182E+22  0.000000E+00  1.035182E+22  4.999923E-01 -1.345241E-08  3.999610E+20  3.863680E-02
    339  4.4458253493337191E-01  5.7816797120071869E+09  2.1048845437781699E+09  2.379327E+18  1.181469E+21  0.000000E+00  1.181469E+21  4.999921E-01 -1.345241E-08 -9.456918E+20 -8.004371E-01
    340  4.4458406634027314E-01  5.7941707964380217E+09  2.1049806393999763E+09  2.380595E+18 -1.371440E+21  0.000000E+00 -1.371440E+21  4.999917E-01 -1.345241E-08 -2.517215E+21  1.835455E+00
    341  4.4458712915407567E-01  5.8191529653001423E+09  2.1051728306435926E+09  2.382864E+18 -3.891934E+22  0.000000E+00 -3.891934E+22  4.999911E-01 -1.345239E-08 -1.533959E+22  3.941380E-01
    342  4.4458774171683618E-01  5.8241493990726566E+09  2.1052112688923166E+09  2.383276E+18  9.364924E+20  0.000000E+00  9.364924E+20  4.999910E-01 -1.345239E-08 -5.644549E+20 -6.027331E-01
    343  4.4458854912116741E-01  5.8307350789876728E+09  2.1052619334290872E+09  2.383803E+18  7.406475E+20  0.000000E+00  7.406475E+20  4.999908E-01 -1.345239E-08 -5.150228E+20 -6.953683E-01
    344  4.4459016392982986E-01  5.8439064388177052E+09  2.1053632625026286E+09  2.384796E+18 -2.379800E+21  0.000000E+00 -2.379800E+21  4.999905E-01 -1.345239E-08 -2.817913E+21  1.184096E+00
    345  4.4459339354715477E-01  5.8702491584777699E+09  2.1055659206497114E+09  2.386557E+18 -4.590605E+22  0.000000E+00 -4.590605E+22  4.999897E-01 -1.345239E-08 -1.702316E+22  3.708261E-01
    346  4.4459403947061976E-01  5.8755177024098740E+09  2.1056064522791286E+09  2.386874E+18  8.312001E+20  0.000000E+00  8.312001E+20  4.999896E-01 -1.345239E-08 -7.167269E+20 -8.622796E-01
    347  4.4459492928821265E-01  5.8827755949215412E+09  2.1056622882393909E+09  2.387295E+18  4.525900E+20  0.000000E+00  4.525900E+20  4.999894E-01 -1.345239E-08 -6.508315E+20 -1.438016E+00
    348  4.4459670892339848E-01  5.8972913799453306E+09  2.1057739601599190E+09  2.388080E+18 -4.534916E+21  0.000000E+00 -4.534916E+21  4.999890E-01 -1.345239E-08 -3.525759E+21  7.774696E-01
    349  4.4460026819377013E-01  5.9263229499929075E+09  2.1059973040009751E+09  2.389436E+18 -6.640052E+22  0.000000E+00 -6.640052E+22  4.999882E-01 -1.345238E-08 -2.095962E+22  3.156544E-01
    350  4.4460098004784449E-01  5.9321292640026045E+09  2.1060419727691877E+09  2.389673E+18  6.334291E+20  0.000000E+00  6.334291E+20  4.999880E-01 -1.345238E-08 -1.035625E+21 -1.634950E+00
    351  4.4460202355468847E-01  5.9406407393537502E+09  2.1061074527137744E+09  2.390005E+18 -5.207843E+19  0.000000E+00 -5.207843E+19  4.999878E-01 -1.345238E-08 -9.489864E+20  1.822225E+01
    352  4.4460411056837645E-01  5.9576636900560398E+09  2.1062384126029477E+09  2.390611E+18 -9.461206E+21  0.000000E+00 -9.461206E+21  4.999873E-01 -1.345238E-08 -5.092746E+21  5.382766E-01
    353  4.4460828459575241E-01  5.9917095914606209E+09  2.1065003323812945E+09  2.391623E+18 -1.068872E+23  0.000000E+00 -1.068872E+23  4.999862E-01 -1.345240E-08 -2.990494E+22  2.797804E-01
    354  4.4460911940122760E-01  5.9985187717415371E+09  2.1065527163369639E+09  2.391793E+18  3.283398E+20  0.000000E+00  3.283398E+20  4.999860E-01 -1.345240E-08 -1.766861E+21 -5.381197E+00
    355  4.4461038901637684E-01  6.0088745237046394E+09  2.1066323845538971E+09  2.392041E+18 -7.237242E+20  0.000000E+00 -7.237242E+20  4.999857E-01 -1.345240E-08 -1.484497E+21  2.051191E+00
    356  4.4461292824667537E-01  6.0295860276312990E+09  2.1067917209877672E+09  2.392482E+18 -1.639069E+22  0.000000E+00 -1.639069E+22  4.999851E-01 -1.345239E-08 -7.971913E+21  4.863684E-01
    357  4.4461800670727242E-01  6.0710090354846172E+09  2.1071103938555074E+09  2.393158E+18 -1.370257E+23  0.000000E+00 -1.370257E+23  4.999838E-01 -1.345244E-08 -3.709752E+22  2.707340E-01
    358  4.4461895591532863E-01  6.0787513526721716E+09  2.1071699565610900E+09  2.393248E+18  3.370862E+20  0.000000E+00  3.370862E+20  4.999836E-01 -1.345244E-08 -2.346759E+21 -6.961896E+00
    359  4.4462048721907815E-01  6.0912415957350388E+09  2.1072660457101374E+09  2.393380E+18 -2.518645E+21  0.000000E+00 -2.518645E+21  4.999832E-01 -1.345244E-08 -2.386052E+21  9.473555E-01
    360  4.4462354982657715E-01  6.1162220818603191E+09  2.1074582240082290E+09  2.393569E+18 -3.868684E+22  0.000000E+00 -3.868684E+22  4.999824E-01 -1.345245E-08 -1.259268E+22  3.255030E-01
    361  4.4462416234807695E-01  6.1212181790853748E+09  2.1074966596678474E+09  2.393594E+18  2.363009E+20  0.000000E+00  2.363009E+20  4.999822E-01 -1.345245E-08 -7.295758E+20 -3.087486E+00
    362  4.4462527346291286E-01  6.1302811062646923E+09  2.1075663820068088E+09  2.393633E+18 -6.952595E+20  0.000000E+00 -6.952595E+20  4.999819E-01 -1.345245E-08 -1.145114E+21  1.647031E+00
    363  4.4462749569258470E-01  6.1484069606233253E+09  2.1077058266847317E+09  2.393677E+18 -1.279329E+22  0.000000E+00 -1.279329E+22  4.999813E-01 -1.345245E-08 -5.785320E+21  4.522152E-01
    364  4.4463194015192836E-01  6.1846586693405924E+09  2.1079847160405777E+09  2.393643E+18 -1.383415E+23  0.000000E+00 -1.383415E+23  4.999802E-01 -1.345247E-08 -3.033853E+22  2.193018E-01
    365  4.4463282904379708E-01  6.1919090110839558E+09  2.1080404939117460E+09  2.393612E+18 -4.246138E+20  0.000000E+00 -4.246138E+20  4.999799E-01 -1.345247E-08 -2.392206E+21  5.633839E+00
    366  4.4463449065782862E-01  6.2054621439205809E+09  2.1081447600172691E+09  2.393547E+18 -4.256464E+21  0.000000E+00 -4.256464E+21  4.999795E-01 -1.345248E-08 -3.052180E+21  7.170695E-01
    367  4.4463781388589169E-01  6.2325684095938320E+09  2.1083532922283149E+09  2.393358E+18 -5.077807E+22  0.000000E+00 -5.077807E+22  4.999786E-01 -1.345247E-08 -1.493777E+22  2.941776E-01
    368  4.4463847853150429E-01  6.2379896627283916E+09  2.1083949986705234E+09  2.393308E+18  1.958741E+19  0.000000E+00  1.958741E+19  4.999784E-01 -1.345247E-08 -1.024855E+21 -5.232214E+01
    369  4.4463980782272949E-01  6.2488321689975100E+09  2.1084784115549402E+09  2.393203E+18 -1.930541E+21  0.000000E+00 -1.930541E+21  4.999780E-01 -1.345248E-08 -1.897610E+21  9.829419E-01
    370  4.4464246640517996E-01  6.2705171815362015E+09  2.1086452373237777E+09  2.392955E+18 -2.415580E+22  0.000000E+00 -2.415580E+22  4.999773E-01 -1.345247E-08 -9.121684E+21  3.776188E-01
    371  4.4464778357008083E-01  6.3138872066131306E+09  2.1089788888614488E+09  2.392336E+18 -2.293403E+23  0.000000E+00 -2.293403E+23  4.999758E-01 -1.345239E-08 -4.152235E+22  1.810513E-01
    372  4.4464884700306101E-01  6.3225612116285172E+09  2.1090456191689830E+09  2.392188E+18 -1.582333E+21  0.000000E+00 -1.582333E+21  4.999755E-01 -1.345239E-08 -4.456555E+21  2.816445E+00
    373  4.4465095678069472E-01  6.3397698388925648E+09  2.1091780074933541E+09  2.391893E+18 -6.240677E+21  0.000000E+00 -6.240677E+21  4.999749E-01 -1.345239E-08 -5.402339E+21  8.656654E-01
    374  4.4465513001971751E-01  6.3738093100101452E+09  2.1094398778026228E+09  2.391256E+18 -3.746400E+22  0.000000E+00 -3.746400E+22  4.999737E-01 -1.345238E-08 -2.193927E+22  5.856093E-01
    375  4.4465596466752205E-01  6.3806172042334795E+09  2.1094922518644753E+09  2.391116E+18  6.866536E+20  0.000000E+00  6.866536E+20  4.999735E-01 -1.345238E-08 -1.926045E+21 -2.804973E+00
    376  4.4465763396313118E-01  6.3942329926806021E+09  2.1095969999881835E+09  2.390831E+18 -4.285141E+20  0.000000E+00 -4.285141E+20  4.999730E-01 -1.345238E-08 -3.102042E+21  7.239067E+00
    377  4.4466097255434939E-01  6.4214645695743942E+09  2.1098064962355964E+09  2.390218E+18  3.560614E+21  0.000000E+00  3.560614E+21  4.999720E-01 -1.345238E-08 -1.352413E+22 -3.798259E+00
    378  4.4466164027259303E-01  6.4269108849531536E+09  2.1098483954850791E+09  2.390086E+18 -5.619071E+19  0.000000E+00 -5.619071E+19  4.999718E-01 -1.345238E-08 -9.594330E+20  1.707458E+01
    379  4.4466297570908031E-01  6.4378035157106705E+09  2.1099321939840443E+09  2.389815E+18 -1.424424E+21  0.000000E+00 -1.424424E+21  4.999714E-01 -1.345238E-08 -2.130970E+21  1.496022E+00
    380  4.4466564658205487E-01  6.4595887772257042E+09  2.1100997909819748E+09  2.389239E+18 -7.472833E+21  0.000000E+00 -7.472833E+21  4.999707E-01 -1.345238E-08 -1.007921E+22  1.348780E+00
    381  4.4467098832800406E-01  6.5031593002562246E+09  2.1104349849778390E+09  2.387974E+18 -1.281627E+22  0.000000E+00 -1.281627E+22  4.999691E-01 -1.345230E-08 -3.657784E+22  2.854016E+00
    382  4.4467205667719389E-01  6.5118734048623295E+09  2.1105020237770119E+09  2.387695E+18  6.573673E+20  0.000000E+00  6.573673E+20  4.999687E-01 -1.345229E-08 -5.249757E+21 -7.986033E+00
    383  4.4467419337557357E-01  6.5293016140745373E+09  2.1106361013753576E+09  2.387134E+18 -3.273530E+21  0.000000E+00 -3.273530E+21  4.999681E-01 -1.345228E-08 -7.278401E+21  2.223411E+00
    384  4.4467846677233291E-01  6.5641580324989538E+09  2.1109042565720491E+09  2.385944E+18  4.799192E+22  0.000000E+00  4.799192E+22  4.999668E-01 -1.345233E-08 -2.676654E+22 -5.577301E-01
    385  4.4467932145168476E-01  6.5711293161836557E+09  2.1109578876113861E+09  2.385691E+18 -1.256168E+21  0.000000E+00 -1.256168E+21  4.999666E-01 -1.345234E-08 -2.840388E+21  2.261153E+00
    386  4.4468103081038851E-01  6.5850718835535126E+09  2.1110651496900632E+09  2.385179E+18 -4.869735E+21  0.000000E+00 -4.869735E+21  4.999660E-01 -1.345235E-08 -4.996522E+21  1.026036E+00
    387  4.4468444952779596E-01  6.6129570182927742E+09  2.1112796738474145E+09  2.384104E+18  3.181669E+22  0.000000E+00  3.181669E+22  4.999650E-01 -1.345234E-08 -2.024980E+22 -6.364520E-01
    388  4.4469128696261090E-01  6.6687272877717505E+09  2.1117087221621201E+09  2.381730E+18  8.081694E+23  0.000000E+00  8.081694E+23  4.999629E-01 -1.345254E-08  1.546669E+22  1.913793E-02
    389  4.4469249670754224E-01  6.6785947018894329E+09  2.1117846335291843E+09  2.381265E+18  1.046983E+22  0.000000E+00  1.046983E+22  4.999625E-01 -1.345259E-08 -9.851177E+21 -9.409109E-01
    390  4.4469491619740498E-01  6.6983295301252499E+09  2.1119364562633164E+09  2.380327E+18  6.378618E+21  0.000000E+00  6.378618E+21  4.999617E-01 -1.345258E-08 -1.431833E+22 -2.244738E+00
    391  4.4469972702092025E-01  6.7375695274523821E+09  2.1122383349323554E+09  2.378358E+18  4.300319E+23  0.000000E+00  4.300319E+23  4.999602E-01 -1.345258E-08 -4.667136E+22 -1.085300E-01
    392  4.4470068918562333E-01  6.7454175269179897E+09  2.1122987106661646E+09  2.377942E+18 -4.659024E+21  0.000000E+00 -4.659024E+21  4.999599E-01 -1.345266E-08 -6.033930E+21  1.295106E+00
    393  4.4470261351502943E-01  6.7611135258487530E+09  2.1124194621337795E+09  2.377107E+18 -1.375728E+22  0.000000E+00 -1.375728E+22  4.999593E-01 -1.345270E-08 -1.062298E+22  7.721719E-01
    394  4.4470646217384163E-01  6.7925055237102785E+09  2.1126609650690093E+09  2.375390E+18  2.100033E+23  0.000000E+00  2.100033E+23  4.999581E-01 -1.345277E-08 -4.241611E+22 -2.019783E-01
    395  4.4471415949146603E-01  6.8552895194333286E+09  2.1131439709394691E+09  2.371724E+18  3.801971E+24  0.000000E+00  3.801971E+24  4.999556E-01 -1.345312E-08  3.276554E+23  8.618041E-02
    396  4.4472576103727968E-01  6.9499187705942354E+09  2.1138719667177169E+09  2.365591E+18  4.764960E+24  0.000000E+00  4.764960E+24  4.999517E-01 -1.345423E-08 -1.478331E+24 -3.102504E-01
    397  4.4473635307040676E-01  7.0363138233904819E+09  2.1145366156811779E+09  2.359323E+18  1.400946E+25  0.000000E+00  1.400946E+25  4.999482E-01 -1.345601E-08 -2.761611E+23 -1.971247E-02
    398  4.4474605874821688E-01  7.1154792240993948E+09  2.1151456459418252E+09  2.353035E+18  1.382959E+25  0.000000E+00  1.382959E+25  4.999449E-01 -1.345956E-08  2.039157E+24  1.474489E-01
    399  4.4474738442080153E-01  7.1262922145392160E+09  2.1152288317569284E+09  2.352152E+18 -9.583546E+22  0.000000E+00 -9.583546E+22  4.999445E-01 -1.345971E-08  3.644086E+22 -3.802440E-01
    400  4.4474964511733045E-01  7.1447318279381771E+09  2.1153706902260833E+09  2.350609E+18 -3.754974E+23  0.000000E+00 -3.754974E+23  4.999437E-01 -1.345963E-08 -3.884469E+22  1.034486E-01
    401  4.4475416651038829E-01  7.1816110547360983E+09  2.1156544071643932E+09  2.347450E+18  3.957842E+23  0.000000E+00  3.957842E+23  4.999421E-01 -1.345914E-08 -2.158399E+23 -5.453476E-01
    402  4.4475507078899984E-01  7.1889869000955009E+09  2.1157111505520539E+09  2.346801E+18 -1.507054E+23  0.000000E+00 -1.507054E+23  4.999418E-01 -1.345913E-08 -7.059857E+21  4.684543E-02
    403  4.4475687934622299E-01  7.2037385908147602E+09  2.1158246373273785E+09  2.345499E+18 -4.250398E+23  0.000000E+00 -4.250398E+23  4.999412E-01 -1.345920E-08 -2.283452E+22  5.372325E-02
    404  4.4476041168361430E-01  7.2325504791231451E+09  2.1160462911267538E+09  2.342913E+18 -7.176574E+23  0.000000E+00 -7.176574E+23  4.999400E-01 -1.345962E-08 -1.512878E+23  2.108079E-01
    405  4.4476747635839686E-01  7.2901742557394609E+09  2.1164895987255011E+09  2.337568E+18  1.014797E+25  0.000000E+00  1.014797E+25  4.999375E-01 -1.345596E-08 -4.332249E+23 -4.269079E-02
    406  4.4476875648920361E-01  7.3006157797894707E+09  2.1165699267988360E+09  2.336556E+18 -4.176923E+23  0.000000E+00 -4.176923E+23  4.999370E-01 -1.345603E-08 -4.634227E+22  1.109484E-01
    407  4.4477131675081716E-01  7.3214988278899412E+09  2.1167305829455092E+09  2.334538E+18 -1.288743E+24  0.000000E+00 -1.288743E+24  4.999361E-01 -1.345605E-08 -8.251773E+22  6.402963E-02
    408  4.4477643727404426E-01  7.3632649240908833E+09  2.1170518952388558E+09  2.330409E+18 -6.878148E+22  0.000000E+00 -6.878148E+22  4.999343E-01 -1.345682E-08 -4.269079E+23  6.206727E+00
    409  4.4478667832049840E-01  7.4467971164923153E+09  2.1176945198255455E+09  2.321711E+18  4.799139E+25  0.000000E+00  4.799139E+25  4.999307E-01 -1.346110E-08  3.788848E+24  7.894850E-02
    410  4.4478807595433623E-01  7.4581970666020164E+09  2.1177822212017086E+09  2.320503E+18 -3.674583E+23  0.000000E+00 -3.674583E+23  4.999302E-01 -1.346117E-08  1.153389E+23 -3.138831E-01
    411  4.4479055290444031E-01  7.4784005754513597E+09  2.1179376495599349E+09  2.318303E+18 -2.696641E+24  0.000000E+00 -2.696641E+24  4.999293E-01 -1.346107E-08 -8.115315E+22  3.009416E-02
    412  4.4479550680464847E-01  7.5188075931500454E+09  2.1182485062763872E+09  2.313802E+18 -5.079796E+24  0.000000E+00 -5.079796E+24  4.999275E-01 -1.346121E-08 -6.030463E+23  1.187147E-01
    413  4.4480541460506479E-01  7.5996216285474176E+09  2.1188702197092922E+09  2.304345E+18  6.900593E+25  0.000000E+00  6.900593E+25  4.999238E-01 -1.345959E-08  4.025482E+24  5.833530E-02
    414  4.4480680894110075E-01  7.6109946797829552E+09  2.1189577141487355E+09  2.302993E+18 -2.460065E+23  0.000000E+00 -2.460065E+23  4.999233E-01 -1.346063E-08  1.746747E+23 -7.100411E-01
    415  4.4480940013025549E-01  7.6321299916860704E+09  2.1191203109953623E+09  2.300407E+18 -5.583817E+24  0.000000E+00 -5.583817E+24  4.999224E-01 -1.346056E-08 -9.212150E+22  1.649795E-02
    416  4.4481458250856498E-01  7.6744006154923019E+09  2.1194455046886160E+09  2.295111E+18 -1.487103E+25  0.000000E+00 -1.487103E+25  4.999205E-01 -1.345943E-08 -9.223612E+23  6.202401E-02
    417  4.4482494726518390E-01  7.7589418631043110E+09  2.1200958920751197E+09  2.283949E+18  8.713458E+25  0.000000E+00  8.713458E+25  4.999166E-01 -1.347468E-08  5.297494E+24  6.079668E-02
    418  4.4482635122609165E-01  7.7703934206375856E+09  2.1201839904742546E+09  2.282412E+18  1.427777E+22  0.000000E+00  1.427777E+22  4.999161E-01 -1.347569E-08  3.027551E+23  2.120465E+01
    419  4.4482841365671127E-01  7.7872158569095240E+09  2.1203134077784767E+09  2.280089E+18 -6.237388E+24  0.000000E+00 -6.237388E+24  4.999153E-01 -1.347526E-08  4.715907E+22 -7.560707E-03
    420  4.4483253851795046E-01  7.8208607294529486E+09  2.1205722423869178E+09  2.275353E+18 -2.589541E+25  0.000000E+00 -2.589541E+25  4.999137E-01 -1.347314E-08 -6.097041E+23  2.354487E-02
    421  4.4484078824042889E-01  7.8550945104744806E+09  2.1206779910312102E+09  2.270320E+18 -2.369067E+26  0.000000E+00 -2.369067E+26  4.999106E-01 -1.345704E-08  6.768781E+23 -2.857151E-03
    422  4.4485255637031251E-01  7.8662990668743992E+09  2.1203599271297917E+09  2.268715E+18 -7.697833E+23  0.000000E+00 -7.697833E+23  4.999061E-01 -1.345402E-08  2.286638E+23 -2.970496E-01
    423  4.4487609263007971E-01  7.8887081796741829E+09  2.1197237993269563E+09  2.265419E+18 -1.453017E+25  0.000000E+00 -1.453017E+25  4.998971E-01 -1.345416E-08 -1.953008E+22  1.344105E-03
    424  4.4492167310021791E-01  7.9321058098370476E+09  2.1184918701840925E+09  2.258854E+18 -2.939099E+25  0.000000E+00 -2.939099E+25  4.998796E-01 -1.345080E-08 -4.145272E+23  1.410389E-02
    425  4.4499756198465062E-01  8.0043603901451979E+09  2.1164407783882287E+09  2.247391E+18  2.176873E+25  0.000000E+00  2.176873E+25  4.998503E-01 -1.342745E-08  4.013594E+24  1.843743E-01
    426  4.4500788086583076E-01  8.0141851020841589E+09  2.1161618841510911E+09  2.245789E+18  6.347289E+24  0.000000E+00  6.347289E+24  4.998463E-01 -1.342895E-08  5.395893E+23  8.501099E-02
    427  4.4502253013705195E-01  8.0281328225154133E+09  2.1157659500134137E+09  2.243480E+18 -8.768186E+24  0.000000E+00 -8.768186E+24  4.998407E-01 -1.341962E-08  2.449352E+23 -2.793453E-02
    428  4.4505182867949439E-01  8.0560282633779755E+09  2.1149740817380574E+09  2.238783E+18 -5.298695E+25  0.000000E+00 -5.298695E+25  4.998293E-01 -1.345940E-08 -2.125240E+23  4.010874E-03
    429  4.4510549104732988E-01  8.1071207507070370E+09  2.1135237185756948E+09  2.229902E+18 -1.263341E+26  0.000000E+00 -1.263341E+26  4.998084E-01 -1.357402E-08 -9.679886E+23  7.662135E-03
    430  4.4511398450724965E-01  8.1152074604597807E+09  2.1132941610312643E+09  2.228465E+18 -8.316833E+23  0.000000E+00 -8.316833E+23  4.998050E-01 -1.358058E-08  2.440085E+23 -2.933911E-01
    431  4.4512361195504796E-01  8.1243738516289940E+09  2.1130339545551536E+09  2.226821E+18 -1.770468E+24  0.000000E+00 -1.770468E+24  4.998013E-01 -1.360319E-08  3.414345E+23 -1.928499E-01
    432  4.4514286685064458E-01  8.1427066339674215E+09  2.1125135416029317E+09  2.223500E+18 -2.549454E+25  0.000000E+00 -2.549454E+25  4.997937E-01 -1.358317E-08  3.843798E+23 -1.507695E-02
    433  4.4518019029883682E-01  8.1782426693821230E+09  2.1115047796616712E+09  2.216918E+18 -1.125557E+26  0.000000E+00 -1.125557E+26  4.997791E-01 -1.349477E-08 -2.548855E+23  2.264527E-03
    434  4.4518765498847529E-01  8.1853498764650841E+09  2.1113030272734184E+09  2.215582E+18  3.291762E+22  0.000000E+00  3.291762E+22  4.997761E-01 -1.349745E-08  2.681011E+23  8.144607E+00
    435  4.4519641508063268E-01  8.1936904494887142E+09  2.1110662633087173E+09  2.214001E+18 -2.185002E+23  0.000000E+00 -2.185002E+23  4.997727E-01 -1.349907E-08  4.045189E+23 -1.851344E+00
    436  4.4521393526494746E-01  8.2103715955359745E+09  2.1105927353793151E+09  2.210810E+18 -2.241074E+25  0.000000E+00 -2.241074E+25  4.997658E-01 -1.349758E-08  5.938918E+23 -2.650032E-02
    437  4.4524876494704430E-01  8.2435332908354282E+09  2.1096513738645768E+09  2.204328E+18 -1.351454E+26  0.000000E+00 -1.351454E+26  4.997520E-01 -1.357798E-08  4.022007E+23 -2.976059E-03
    438  4.4531145327741323E-01  8.3032194890828371E+09  2.1079570609085059E+09  2.192229E+18 -3.668479E+26  0.000000E+00 -3.668479E+26  4.997271E-01 -1.398364E-08  3.162111E+23 -8.619677E-04
    439  4.4532125210383200E-01  8.3125490515832386E+09  2.1076922224855027E+09  2.190287E+18  1.659422E+24  0.000000E+00  1.659422E+24  4.997232E-01 -1.400127E-08  5.103024E+23  3.075182E-01
    440  4.4533352701000084E-01  8.3242361148492413E+09  2.1073604616548340E+09  2.187836E+18 -5.916978E+24  0.000000E+00 -5.916978E+24  4.997183E-01 -1.401922E-08  8.212626E+23 -1.387976E-01
    441  4.4535807682233847E-01  8.3476102413811932E+09  2.1066969399934986E+09  2.182866E+18 -7.795880E+25  0.000000E+00 -7.795880E+25  4.997085E-01 -1.402475E-08  1.364361E+24 -1.750106E-02
    442  4.4540717644701372E-01  8.3943584944450979E+09  2.1053698966708272E+09  2.172644E+18 -3.744830E+26  0.000000E+00 -3.744830E+26  4.996889E-01 -1.394891E-08  1.333406E+24 -3.560658E-03
    443  4.4541578209541932E-01  8.4025520199986000E+09  2.1051373069447460E+09  2.170818E+18  1.195265E+24  0.000000E+00  1.195265E+24  4.996854E-01 -1.396002E-08  4.588663E+23  3.839033E-01
    444  4.4542618866573014E-01  8.4124602216525850E+09  2.1048560426838841E+09  2.168594E+18  1.709541E+24  0.000000E+00  1.709541E+24  4.996813E-01 -1.394057E-08  9.822079E+23  5.745448E-01
    445  4.4543651778608856E-01  8.4222946824175444E+09  2.1045768717066848E+09  2.166370E+18  4.291580E+24  0.000000E+00  4.291580E+24  4.996771E-01 -1.394006E-08  1.291676E+24  3.009792E-01
    446  4.4545717602680546E-01  8.4419636039475155E+09  2.1040185297522845E+09  2.161857E+18 -6.082555E+25  0.000000E+00 -6.082555E+25  4.996688E-01 -1.390591E-08  2.296118E+24 -3.774923E-02
    447  4.4549849250823925E-01  8.4813014470074577E+09  2.1029018458434844E+09  2.152624E+18 -4.164581E+26  0.000000E+00 -4.164581E+26  4.996521E-01 -1.387686E-08  3.041691E+24 -7.303715E-03
    448  4.4558112547110679E-01  8.5599771331272898E+09  2.1006684780258851E+09  2.133296E+18 -1.684006E+27  0.000000E+00 -1.684006E+27  4.996187E-01 -1.245488E-08  7.389642E+24 -4.388134E-03
    449  4.4559365012260793E-01  8.5719019814695187E+09  2.1003299671868858E+09  2.130274E+18  1.823995E+25  0.000000E+00  1.823995E+25  4.996136E-01 -1.242995E-08  1.420774E+24  7.789354E-02
    450  4.4560802265905286E-01  8.5855862198998861E+09  2.0999415125165040E+09  2.126777E+18 -3.535655E+24  0.000000E+00 -3.535655E+24  4.996077E-01 -1.245581E-08  3.003516E+24 -8.494933E-01
    451  4.4563676773194266E-01  8.6129546967605686E+09  2.0991646031757419E+09  2.119669E+18 -2.370235E+26  0.000000E+00 -2.370235E+26  4.995960E-01 -1.248505E-08  5.101869E+24 -2.152474E-02
    452  4.4564251674652061E-01  8.6184283921326942E+09  2.0990092213075900E+09  2.118219E+18  2.384606E+25  0.000000E+00  2.384606E+25  4.995937E-01 -1.246864E-08  1.084551E+24  4.548134E-02
    453  4.4564986547150082E-01  8.6254251880826397E+09  2.0988106031617358E+09  2.116374E+18  3.310837E+25  0.000000E+00  3.310837E+25  4.995907E-01 -1.245970E-08  1.818339E+24  5.492083E-02
    454  4.4566456292146123E-01  8.6394187799825306E+09  2.0984133668700278E+09  2.112649E+18 -1.341275E+24  0.000000E+00 -1.341275E+24  4.995847E-01 -1.246280E-08  3.565872E+24 -2.658570E+00
    455  4.4569395782138210E-01  8.6630891642129345E+09  2.0976103582275629E+09  2.106219E+18  7.747305E+26  0.000000E+00  7.747305E+26  4.995726E-01 -1.205309E-08 -1.680296E+25 -2.168878E-02
    456  4.4575274762122385E-01  8.6628896016858444E+09  2.0959103344765232E+09  2.106389E+18  3.047142E+25  0.000000E+00  3.047142E+25  4.995486E-01 -1.211147E-08  8.919280E+23  2.927097E-02
    457  4.4587032722090736E-01  8.6624904766316605E+09  2.0925102869744434E+09  2.106669E+18  1.228198E+25  0.000000E+00  1.228198E+25  4.995007E-01 -1.199072E-08  3.561871E+23  2.900078E-02
    458  4.4610548642027437E-01  8.6616922265232944E+09  2.0857101919702840E+09  2.107221E+18  2.638709E+25  0.000000E+00  2.638709E+25  4.994057E-01 -1.181195E-08  8.313441E+23  3.150572E-02
    459  4.4657580481900833E-01  8.6601147226914406E+09  2.0721536440132520E+09  2.108278E+18  4.683187E+25  0.000000E+00  4.683187E+25  4.992184E-01 -1.217312E-08  1.809337E+24  3.863473E-02
    460  4.4751644161647625E-01  8.6576831247959194E+09  2.0467082838104260E+09  2.110231E+18  5.129018E+25  0.000000E+00  5.129018E+25  4.988545E-01 -7.941758E-09  3.852106E+24  7.510415E-02
    461  4.4939771521141214E-01  8.6599979900486622E+09  2.0111514044951377E+09  2.113618E+18 -1.490530E+26  0.000000E+00 -1.490530E+26  4.981635E-01  6.693271E-09  8.480042E+24 -5.689280E-02
    462  4.4977396993039931E-01  8.6619185595202885E+09  2.0067387811727345E+09  2.114131E+18  2.843460E+25  0.000000E+00  2.843460E+25  4.980325E-01  7.060281E-09  8.808625E+23  3.097854E-02
    463  4.5006332706154806E-01  8.6638775827500057E+09  2.0041110110970211E+09  2.114459E+18  2.923332E+25  0.000000E+00  2.923332E+25  4.979357E-01  8.402651E-09  9.633253E+23  3.295299E-02
    464  4.5064204132384555E-01  8.6697217599306717E+09  2.0019153501698239E+09  2.114980E+18  3.646603E+25  0.000000E+00  3.646603E+25  4.977435E-01  5.737655E-09  2.239963E+24  6.142601E-02
    465  4.5179946984844055E-01  8.6896389836399384E+09  2.0105723712678697E+09  2.115462E+18 -9.376951E+25  0.000000E+00 -9.376951E+25  4.973633E-01  3.438691E-09  4.011522E+24 -4.278067E-02
    466  4.5411432689763059E-01  8.7531296925008812E+09  2.0649899755972676E+09  2.115293E+18 -5.055637E+26  0.000000E+00 -5.055637E+26  4.965639E-01  1.137948E-08  2.341210E+24 -4.630890E-03
    467  4.5782553277877502E-01  8.7723661179102249E+09  2.0249724233468411E+09  2.120084E+18  7.315006E+26  0.000000E+00  7.315006E+26  4.953094E-01  5.694117E-08 -4.343174E+23 -5.937349E-04
    468  4.5819712580541566E-01  8.7667588054007492E+09  2.0099703222910185E+09  2.120917E+18  7.040382E+25  0.000000E+00  7.040382E+25  4.951962E-01  5.742774E-08  1.673170E+24  2.376533E-02
    469  4.5866010258481876E-01  8.7585297766368351E+09  1.9900017428532646E+09  2.122086E+18 -2.537865E+25  0.000000E+00 -2.537865E+25  4.950602E-01  5.974206E-08 -2.712072E+24  1.068643E-01
    470  4.5923241990266639E-01  8.7455696900119972E+09  1.9624525300192831E+09  2.123842E+18  4.285549E+25  0.000000E+00  4.285549E+25  4.948967E-01  6.112150E-08  6.609071E+23  1.542176E-02
    471  4.6037705453836164E-01  8.7169319523632507E+09  1.9057897776289184E+09  2.127547E+18  2.180792E+26  0.000000E+00  2.180792E+26  4.945852E-01  6.105220E-08 -1.630526E+23 -7.476760E-04
    472  4.6266632380975220E-01  8.6695316577109013E+09  1.8077911462007582E+09  2.133194E+18  1.269186E+27  0.000000E+00  1.269186E+27  4.940178E-01  6.028577E-08  8.358342E+24  6.585593E-03
    473  4.6724486235253332E-01  8.6486448045517273E+09  1.7308897040250816E+09  2.139220E+18  1.846301E+26  0.000000E+00  1.846301E+26  4.930175E-01  7.708330E-08  8.998036E+24  4.873548E-02
    474  4.7564392737460759E-01  8.6621659377761688E+09  1.6711635912990720E+09  2.145267E+18 -2.768536E+27  0.000000E+00 -2.768536E+27  4.913782E-01  3.521490E-07  2.415959E+25 -8.726487E-03
    475  4.7664392735225586E-01  8.6585912169134445E+09  1.6591960644479959E+09  2.146342E+18  4.903655E+25  0.000000E+00  4.903655E+25  4.912006E-01  3.501256E-07  6.898271E+22  1.406761E-03
    476  4.7740423903821155E-01  8.6556359726081963E+09  1.6501267094101782E+09  2.147253E+18  3.831360E+25  0.000000E+00  3.831360E+25  4.910680E-01  3.479403E-07  1.053006E+24  2.748388E-02
    477  4.7892486241012294E-01  8.6475587118846016E+09  1.6303080698958297E+09  2.149308E+18  4.346305E+25  0.000000E+00  4.346305E+25  4.908095E-01  3.456237E-07  1.011500E+24  2.327264E-02
    478  4.8196610915394578E-01  8.6309332068019180E+09  1.5902692135618577E+09  2.153031E+18 -2.217673E+25  0.000000E+00 -2.217673E+25  4.903189E-01  3.335436E-07  3.214775E+24 -1.449616E-01
    479  4.8691958737806329E-01  8.6101444244529495E+09  1.5363312878134322E+09  2.158141E+18  7.215303E+25  0.000000E+00  7.215303E+25  4.895844E-01  3.743127E-07  1.294670E+24  1.794339E-02
    480  4.9547855494314247E-01  8.5685307554184351E+09  1.4434555603676121E+09  2.165932E+18 -2.303456E+24  0.000000E+00 -2.303456E+24  4.884708E-01  3.277520E-07 -8.555950E+23  3.714396E-01
    481  5.0547855471962500E-01  8.4844566094502525E+09  1.3128045354147277E+09  2.177175E+18 -1.797453E+27  0.000000E+00 -1.797453E+27  4.874009E-01  3.297660E-07  2.244779E+25 -1.248867E-02
    482  5.1537115226348695E-01  8.3846217479776287E+09  1.1851912945868523E+09  2.188370E+18 -1.837650E+27  0.000000E+00 -1.837650E+27  4.865601E-01  4.769989E-07 -1.054685E+25  5.739317E-03
    483  5.2537115203996954E-01  8.2762980162068596E+09  1.0671851501928482E+09  2.200622E+18 -1.563403E+26  0.000000E+00 -1.563403E+26  4.858829E-01  4.830362E-07  3.957280E+24 -2.531197E-02
    484  5.3537115181645212E-01  8.1887576788008051E+09  9.7962873472308958E+08  2.210521E+18  2.835954E+26  0.000000E+00  2.835954E+26  4.853319E-01  5.334456E-07 -2.402265E+24 -8.470750E-03
    485  5.4537115159293470E-01  8.0868182238724670E+09  8.9027915202968633E+08  2.221702E+18  4.381161E+26  0.000000E+00  4.381161E+26  4.848763E-01  5.502330E-07  1.582604E+24  3.612294E-03
    486  5.5537115136941728E-01  7.9704357403078184E+09  8.0079643849896204E+08  2.234101E+18  5.520707E+26  0.000000E+00  5.520707E+26  4.845051E-01  5.570611E-07  1.137459E+24  2.060350E-03
    487  5.6537115114589986E-01  7.8586551682066460E+09  7.2257419918661439E+08  2.245796E+18  7.342659E+26  0.000000E+00  7.342659E+26  4.842036E-01  5.327541E-07  1.513911E+24  2.061801E-03
    488  5.7537115092238245E-01  7.7448407851181402E+09  6.5031032827023971E+08  2.257436E+18  4.556003E+26  0.000000E+00  4.556003E+26  4.839574E-01  5.171549E-07 -4.239006E+24 -9.304220E-03
    489  5.8537115069886503E-01  7.6249461937786493E+09  5.8204406009181321E+08  2.269739E+18  6.211113E+26  0.000000E+00  6.211113E+26  4.837581E-01  4.838914E-07 -1.687507E+23 -2.716915E-04
    490  5.8654596999999997E-01  7.6111521000000000E+09  5.7476619000000000E+08  2.271183E+18 -1.788606E+25  0.000000E+00 -1.788606E+25  4.837373E-01  4.833182E-07 -1.659062E+23  9.275726E-03
