                           time                     pos                     vel                    temp                     den                    pres                    ener                    entr                      cs
      1  1.0175522000000001E-04  0.0000000000000000E+00  0.0000000000000000E+00  1.002631E+09  2.051720E+09  1.271492E+27  1.638951E+18  6.757439E+07  9.107713E+08  1.371429E+01  2.022900E-26
      2  1.0175522001017553E-04  0.0000000000000000E+00  0.0000000000000000E+00  1.002631E+09  2.051720E+09  1.271492E+27  1.638951E+18  6.757439E+07  9.107713E+08  1.371429E+01  2.022901E-26
      3  1.0175522003052657E-04  0.0000000000000000E+00  0.0000000000000000E+00  1.002631E+09  2.051720E+09  1.271492E+27  1.638951E+18  6.757439E+07  9.107713E+08  1.371429E+01  2.022904E-26
      4  1.0175522007122866E-04  0.0000000000000000E+00  0.0000000000000000E+00  1.002631E+09  2.051720E+09  1.271492E+27  1.638951E+18  6.757439E+07  9.107713E+08  1.371429E+01  2.022909E-26
      5  1.0175522015263284E-04  0.0000000000000000E+00  0.0000000000000000E+00  1.002631E+09  2.051720E+09  1.271492E+27  1.638951E+18  6.757439E+07  9.107713E+08  1.371429E+01  2.022919E-26
      6  1.0175522031544119E-04  0.0000000000000000E+00  0.0000000000000000E+00  1.002631E+09  2.051720E+09  1.271492E+27  1.638951E+18  6.757439E+07  9.107713E+08  1.371429E+01  2.022940E-26
      7  1.0175522064105789E-04  0.0000000000000000E+00  0.0000000000000000E+00  1.002631E+09  2.051720E+09  1.271492E+27  1.638951E+18  6.757439E+07  9.107713E+08  1.371429E+01  2.022982E-26
      8  1.0175522129229130E-04  0.0000000000000000E+00  0.0000000000000000E+00  1.002631E+09  2.051720E+09  1.271492E+27  1.638951E+18  6.757439E+07  9.107713E+08  1.371429E+01  2.023065E-26
      9  1.0175522259475811E-04  0.0000000000000000E+00  0.0000000000000000E+00  1.002631E+09  2.051720E+09  1.271492E+27  1.638951E+18  6.757439E+07  9.107713E+08  1.371429E+01  2.023231E-26
     10  1.0175522519969174E-04  0.0000000000000000E+00  0.0000000000000000E+00  1.002631E+09  2.051720E+09  1.271492E+27  1.638951E+18  6.757439E+07  9.107713E+08  1.371429E+01  2.023564E-26
     11  1.0175523040955900E-04  0.0000000000000000E+00  0.0000000000000000E+00  1.002631E+09  2.051720E+09  1.271492E+27  1.638951E+18  6.757439E+07  9.107713E+08  1.371429E+01  2.024229E-26
     12  1.0175524082929354E-04  0.0000000000000000E+00  0.0000000000000000E+00  1.002631E+09  2.051720E+09  1.271492E+27  1.638951E+18  6.757439E+07  9.107713E+08  1.371429E+01  2.025559E-26
     13  1.0175526166876259E-04  0.0000000000000000E+00  0.0000000000000000E+00  1.002631E+09  2.051720E+09  1.271492E+27  1.638951E+18  6.757439E+07  9.107713E+08  1.371429E+01  2.028219E-26
     14  1.0175530334770070E-04  0.0000000000000000E+00  0.0000000000000000E+00  1.002631E+09  2.051720E+09  1.271492E+27  1.638951E+18  6.757439E+07  9.107713E+08  1.371429E+01  2.033538E-26
     15  1.0175538670557692E-04  0.0000000000000000E+00  0.0000000000000000E+00  1.002631E+09  2.051720E+09  1.271492E+27  1.638951E+18  6.757439E+07  9.107713E+08  1.371429E+01  2.044179E-26
     16  1.0175555342132937E-04  0.0000000000000000E+00  0.0000000000000000E+00  1.002631E+09  2.051720E+09  1.271492E+27  1.638951E+18  6.757439E+07  9.107713E+08  1.371429E+01  2.065468E-26
     17  1.0175588685283427E-04  0.0000000000000000E+00  0.0000000000000000E+00  1.002631E+09  2.051720E+09  1.271492E+27  1.638951E+18  6.757439E+07  9.107713E+08  1.371429E+01  2.108057E-26
     18  1.0175655371584406E-04  0.0000000000000000E+00  0.0000000000000000E+00  1.002631E+09  2.051720E+09  1.271492E+27  1.638951E+18  6.757439E+07  9.107713E+08  1.371429E+01  2.193134E-26
     19  1.0175788744186364E-04  0.0000000000000000E+00  0.0000000000000000E+00  1.002631E+09  2.051720E+09  1.271492E+27  1.638951E+18  6.757439E+07  9.107713E+08  1.371429E+01  2.360462E-26
     20  1.0176055489390281E-04  0.0000000000000000E+00  0.0000000000000000E+00  1.002631E+09  2.051720E+09  1.271492E+27  1.638951E+18  6.757439E+07  9.107713E+08  1.371429E+01  2.676111E-26
     21  1.0176588979798114E-04  0.0000000000000000E+00  0.0000000000000000E+00  1.002631E+09  2.051720E+09  1.271492E+27  1.638951E+18  6.757439E+07  9.107713E+08  1.371429E+01  3.222483E-26
     22  1.0177655960613782E-04  0.0000000000000000E+00  0.0000000000000000E+00  1.002631E+09  2.051720E+09  1.271492E+27  1.638951E+18  6.757439E+07  9.107713E+08  1.371429E+01  4.061289E-26
     23  1.0179789922245117E-04  0.0000000000000000E+00  0.0000000000000000E+00  1.002631E+09  2.051720E+09  1.271492E+27  1.638951E+18  6.757439E+07  9.107713E+08  1.371429E+01  5.204946E-26
     24  1.0184057845507785E-04  0.0000000000000000E+00  0.0000000000000000E+00  1.002631E+09  2.051720E+09  1.271492E+27  1.638951E+18  6.757439E+07  9.107713E+08  1.371429E+01  6.633185E-26
     25  1.0192593692033123E-04  0.0000000000000000E+00  0.0000000000000000E+00  1.002631E+09  2.051720E+09  1.271492E+27  1.638951E+18  6.757440E+07  9.107713E+08  1.371429E+01  8.320713E-26
     26  1.0209665385083798E-04  0.0000000000000000E+00  0.0000000000000000E+00  1.002632E+09  2.051720E+09  1.271492E+27  1.638951E+18  6.757440E+07  9.107714E+08  1.371429E+01  1.025166E-25
     27  1.0243808771185149E-04  0.0000000000000000E+00  0.0000000000000000E+00  1.002633E+09  2.051720E+09  1.271492E+27  1.638951E+18  6.757442E+07  9.107714E+08  1.371429E+01  1.241771E-25
     28  1.0312095543387850E-04  0.0000000000000000E+00  0.0000000000000000E+00  1.002635E+09  2.051720E+09  1.271492E+27  1.638951E+18  6.757445E+07  9.107714E+08  1.371429E+01  1.481114E-25
     29  1.0448669087793252E-04  0.0000000000000000E+00  0.0000000000000000E+00  1.002638E+09  2.051720E+09  1.271492E+27  1.638951E+18  6.757450E+07  9.107714E+08  1.371429E+01  1.741703E-25
     30  1.0721816176604055E-04  0.0000000000000000E+00  0.0000000000000000E+00  1.002645E+09  2.051721E+09  1.271493E+27  1.638951E+18  6.757461E+07  9.107715E+08  1.371430E+01  2.021295E-25
     31  1.1268110354225661E-04  0.0000000000000000E+00  0.0000000000000000E+00  1.002660E+09  2.051723E+09  1.271494E+27  1.638951E+18  6.757484E+07  9.107717E+08  1.371431E+01  2.317715E-25
     32  1.2360698709468874E-04  0.0000000000000000E+00  0.0000000000000000E+00  1.002689E+09  2.051725E+09  1.271497E+27  1.638952E+18  6.757529E+07  9.107721E+08  1.371433E+01  2.629011E-25
     33  1.4545875419955299E-04  0.0000000000000000E+00  0.0000000000000000E+00  1.002747E+09  2.051731E+09  1.271503E+27  1.638954E+18  6.757619E+07  9.107729E+08  1.371437E+01  2.953590E-25
     34  1.8916228840928150E-04  0.0000000000000000E+00  0.0000000000000000E+00  1.002862E+09  2.051742E+09  1.271514E+27  1.638956E+18  6.757798E+07  9.107745E+08  1.371445E+01  3.290163E-25
     35  2.7656935682873854E-04  0.0000000000000000E+00  0.0000000000000000E+00  1.003094E+09  2.051762E+09  1.271535E+27  1.638962E+18  6.758158E+07  9.107776E+08  1.371462E+01  3.637887E-25
     36  4.5138349366765263E-04  0.0000000000000000E+00  0.0000000000000000E+00  1.003556E+09  2.051797E+09  1.271572E+27  1.638974E+18  6.758878E+07  9.107834E+08  1.371495E+01  3.995857E-25
     37  8.0101176734548069E-04  0.0000000000000000E+00  0.0000000000000000E+00  1.004480E+09  2.051848E+09  1.271630E+27  1.638999E+18  6.760321E+07  9.107936E+08  1.371563E+01  4.365005E-25
     38  1.5002683147011370E-03  0.0000000000000000E+00  0.0000000000000000E+00  1.006336E+09  2.051903E+09  1.271708E+27  1.639051E+18  6.763224E+07  9.108104E+08  1.371702E+01  4.745890E-25
     39  2.8987814094124497E-03  0.0000000000000000E+00  0.0000000000000000E+00  1.010079E+09  2.051834E+09  1.271716E+27  1.639166E+18  6.769094E+07  9.108310E+08  1.371997E+01  5.134707E-25
     40  5.6958075988350742E-03  0.0000000000000000E+00  0.0000000000000000E+00  1.017773E+09  2.051573E+09  1.271633E+27  1.639441E+18  6.780940E+07  9.108644E+08  1.372664E+01  5.510014E-25
     41  1.1289859977680325E-02  0.0000000000000000E+00  0.0000000000000000E+00  1.032646E+09  2.048213E+09  1.269104E+27  1.640246E+18  6.803459E+07  9.107165E+08  1.374348E+01  6.878219E-25
     42  2.1289859754162907E-02  0.0000000000000000E+00  0.0000000000000000E+00  1.060275E+09  2.042741E+09  1.265016E+27  1.642860E+18  6.839005E+07  9.104864E+08  1.378898E+01  8.282965E-25
     43  3.1289859530645489E-02  0.0000000000000000E+00  0.0000000000000000E+00  1.090720E+09  2.041587E+09  1.264482E+27  1.647488E+18  6.864447E+07  9.105677E+08  1.386774E+01  8.619701E-25
     44  4.1289859307128071E-02  0.0000000000000000E+00  0.0000000000000000E+00  1.123325E+09  2.040816E+09  1.264187E+27  1.655286E+18  6.871710E+07  9.106464E+08  1.400379E+01  9.053765E-25
     45  5.1289859083610653E-02  0.0000000000000000E+00  0.0000000000000000E+00  1.158012E+09  2.039453E+09  1.263251E+27  1.667885E+18  6.849541E+07  9.106216E+08  1.423145E+01  9.533572E-25
     46  6.1289858860093235E-02  0.0000000000000000E+00  0.0000000000000000E+00  1.195093E+09  2.038201E+09  1.262181E+27  1.686717E+18  6.786993E+07  9.105162E+08  1.458912E+01  1.125254E-24
     47  7.1289858636575817E-02  0.0000000000000000E+00  0.0000000000000000E+00  1.234578E+09  2.037037E+09  1.260925E+27  1.711675E+18  6.681667E+07  9.103148E+08  1.509818E+01  1.298934E-24
     48  8.1289858413058400E-02  0.0000000000000000E+00  0.0000000000000000E+00  1.276683E+09  2.036620E+09  1.260090E+27  1.740566E+18  6.547181E+07  9.100920E+08  1.573659E+01  1.484656E-24
     49  9.1289858189540982E-02  0.0000000000000000E+00  0.0000000000000000E+00  1.320930E+09  2.036287E+09  1.259288E+27  1.769838E+18  6.411141E+07  9.098614E+08  1.642697E+01  1.781357E-24
     50  1.0128985796602356E-01  0.0000000000000000E+00  0.0000000000000000E+00  1.366242E+09  2.035883E+09  1.258603E+27  1.794831E+18  6.305855E+07  9.096940E+08  1.704706E+01  2.883264E-24
     51  1.1128985774250615E-01  0.0000000000000000E+00  0.0000000000000000E+00  1.411587E+09  2.034309E+09  1.257263E+27  1.812669E+18  6.249194E+07  9.095609E+08  1.750589E+01  7.653082E-24
     52  1.2128985751898873E-01  0.0000000000000000E+00  0.0000000000000000E+00  1.457592E+09  2.035949E+09  1.258889E+27  1.823821E+18  6.235794E+07  9.097869E+08  1.779927E+01  1.909692E-23
     53  1.3128985729547132E-01  0.0000000000000000E+00  0.0000000000000000E+00  1.502264E+09  2.037209E+09  1.260406E+27  1.830185E+18  6.251414E+07  9.100638E+08  1.796870E+01  3.329861E-23
     54  1.4128985707195391E-01  0.0000000000000000E+00  0.0000000000000000E+00  1.546058E+09  2.038998E+09  1.262485E+27  1.833711E+18  6.283445E+07  9.104276E+08  1.806270E+01  4.354497E-23
     55  1.5128985684843649E-01  0.0000000000000000E+00  0.0000000000000000E+00  1.593469E+09  2.038638E+09  1.262943E+27  1.835657E+18  6.330430E+07  9.106914E+08  1.811432E+01  4.798864E-23
     56  1.6128985662491907E-01  0.0000000000000000E+00  0.0000000000000000E+00  1.686266E+09  2.037348E+09  1.263511E+27  1.837000E+18  6.436166E+07  9.112239E+08  1.814938E+01  5.252713E-23
     57  1.7128985640140165E-01  0.0000000000000000E+00  0.0000000000000000E+00  1.785726E+09  2.036315E+09  1.264478E+27  1.837836E+18  6.550004E+07  9.118457E+08  1.817044E+01  5.478222E-23
     58  1.8128985617788423E-01  0.0000000000000000E+00  0.0000000000000000E+00  1.891276E+09  2.035000E+09  1.265391E+27  1.838288E+18  6.670484E+07  9.125140E+08  1.818101E+01  5.473296E-23
     59  1.9128985595436682E-01  0.0000000000000000E+00  0.0000000000000000E+00  2.006011E+09  2.033768E+09  1.266611E+27  1.838590E+18  6.799400E+07  9.132779E+08  1.818668E+01  5.793198E-23
     60  2.0128985573084940E-01  0.0000000000000000E+00  0.0000000000000000E+00  2.134576E+09  2.031660E+09  1.267445E+27  1.839140E+18  6.940847E+07  9.141056E+08  1.819173E+01  1.369230E-22
     61  2.0228985570849767E-01  0.0000000000000000E+00  0.0000000000000000E+00  2.148566E+09  2.031390E+09  1.267506E+27  1.839262E+18  6.955950E+07  9.141939E+08  1.819266E+01  1.732533E-22
     62  2.0368479858266064E-01  0.0000000000000000E+00  0.0000000000000000E+00  2.168405E+09  2.031005E+09  1.267591E+27  1.839476E+18  6.977228E+07  9.143192E+08  1.819426E+01  2.624815E-22
     63  2.0647468433098656E-01  0.0000000000000000E+00  0.0000000000000000E+00  2.208763E+09  2.030283E+09  1.267816E+27  1.840125E+18  7.019863E+07  9.145793E+08  1.819900E+01  9.019273E-22
     64  2.1205445582763843E-01  0.0000000000000000E+00  0.0000000000000000E+00  2.290887E+09  2.028837E+09  1.268289E+27  1.843120E+18  7.102646E+07  9.151074E+08  1.822039E+01  1.051641E-19
     65  2.1305445580528670E-01  0.0000000000000000E+00  0.0000000000000000E+00  2.305682E+09  2.028549E+09  1.268348E+27  1.844064E+18  7.116700E+07  9.151991E+08  1.822714E+01  3.295722E-19
     66  2.1451533488669247E-01  0.0000000000000000E+00  0.0000000000000000E+00  2.327336E+09  2.028092E+09  1.268400E+27  1.845778E+18  7.136576E+07  9.153290E+08  1.823952E+01  1.944759E-18
     67  2.1743709304950404E-01  0.0000000000000000E+00  0.0000000000000000E+00  2.370697E+09  2.027112E+09  1.268429E+27  1.850786E+18  7.172939E+07  9.155753E+08  1.827689E+01  8.042569E-17
     68  2.2328060937512714E-01  0.0000000000000000E+00  0.0000000000000000E+00  2.464805E+09  2.024557E+09  1.267937E+27  1.871504E+18  7.226102E+07  9.160002E+08  1.845604E+01  1.756552E-13
     69  2.2398021165508744E-01  0.0000000000000000E+00  0.0000000000000000E+00  2.476783E+09  2.024198E+09  1.267811E+27  1.875514E+18  7.228557E+07  9.160377E+08  1.849570E+01  3.834477E-13
     70  2.2511954388132849E-01  0.0000000000000000E+00  0.0000000000000000E+00  2.496087E+09  2.023603E+09  1.267563E+27  1.882966E+18  7.228959E+07  9.160849E+08  1.857384E+01  1.312933E-12
     71  2.2739820833381055E-01  0.0000000000000000E+00  0.0000000000000000E+00  2.533585E+09  2.022211E+09  1.266739E+27  1.901503E+18  7.213227E+07  9.161013E+08  1.879364E+01  1.090785E-11
     72  2.3195553723877471E-01  0.0000000000000000E+00  0.0000000000000000E+00  2.610393E+09  2.019425E+09  1.264331E+27  1.954605E+18  7.096404E+07  9.158341E+08  1.961599E+01  2.710737E-10
     73  2.3284884405225725E-01  0.0000000000000000E+00  0.0000000000000000E+00  2.625764E+09  2.018840E+09  1.263677E+27  1.967540E+18  7.057467E+07  9.157199E+08  1.985611E+01  4.653466E-10
     74  2.3463545767922234E-01  0.0000000000000000E+00  0.0000000000000000E+00  2.656779E+09  2.017621E+09  1.262178E+27  1.995503E+18  6.964346E+07  9.154283E+08  2.042301E+01  1.317510E-09
     75  2.3820868493315248E-01  0.0000000000000000E+00  0.0000000000000000E+00  2.719793E+09  2.015166E+09  1.258690E+27  2.056333E+18  6.735051E+07  9.146577E+08  2.186809E+01  9.654439E-09
     76  2.4535513944101278E-01  0.0000000000000000E+00  0.0000000000000000E+00  2.847849E+09  2.009896E+09  1.251332E+27  2.162044E+18  6.305348E+07  9.130602E+08  2.514612E+01  3.074332E-07
     77  2.4616908586118222E-01  0.0000000000000000E+00  0.0000000000000000E+00  2.862349E+09  2.009292E+09  1.250609E+27  2.170708E+18  6.270695E+07  9.129246E+08  2.547277E+01  4.174559E-07
     78  2.4756828184301000E-01  0.0000000000000000E+00  0.0000000000000000E+00  2.887152E+09  2.008278E+09  1.249467E+27  2.183868E+18  6.219533E+07  9.127248E+08  2.599031E+01  6.704112E-07
     79  2.5036667380666555E-01  0.0000000000000000E+00  0.0000000000000000E+00  2.936378E+09  2.006297E+09  1.247530E+27  2.204246E+18  6.147388E+07  9.124482E+08  2.684779E+01  1.388880E-06
     80  2.5596345773397672E-01  0.0000000000000000E+00  0.0000000000000000E+00  3.033487E+09  2.002137E+09  1.244511E+27  2.227713E+18  6.097050E+07  9.122764E+08  2.792526E+01  3.008749E-06
     81  2.5679726273315601E-01  0.0000000000000000E+00  0.0000000000000000E+00  3.047878E+09  2.001514E+09  1.244145E+27  2.229865E+18  6.097158E+07  9.122846E+08  2.802920E+01  3.257907E-06
     82  2.5802533282481666E-01  0.0000000000000000E+00  0.0000000000000000E+00  3.069029E+09  2.000588E+09  1.243631E+27  2.232610E+18  6.099832E+07  9.123078E+08  2.816240E+01  3.565757E-06
     83  2.6048147300813795E-01  0.0000000000000000E+00  0.0000000000000000E+00  3.111252E+09  1.998652E+09  1.242623E+27  2.236852E+18  6.112555E+07  9.123828E+08  2.836995E+01  4.132848E-06
     84  2.6539375337478055E-01  0.0000000000000000E+00  0.0000000000000000E+00  3.195850E+09  1.994393E+09  1.240550E+27  2.241999E+18  6.158313E+07  9.126066E+08  2.862171E+01  5.135502E-06
     85  2.7115904595594670E-01  0.0000000000000000E+00  0.0000000000000000E+00  3.297329E+09  1.989537E+09  1.238539E+27  2.245013E+18  6.231951E+07  9.129984E+08  2.876425E+01  6.730275E-06
     86  2.7183503612029414E-01  0.0000000000000000E+00  0.0000000000000000E+00  3.309473E+09  1.988937E+09  1.238294E+27  2.245243E+18  6.241525E+07  9.130483E+08  2.877476E+01  7.131673E-06
     87  2.7282450628730320E-01  0.0000000000000000E+00  0.0000000000000000E+00  3.327340E+09  1.988041E+09  1.237927E+27  2.245544E+18  6.255807E+07  9.131225E+08  2.878856E+01  7.537269E-06
     88  2.7480344662132133E-01  0.0000000000000000E+00  0.0000000000000000E+00  3.363659E+09  1.986234E+09  1.237205E+27  2.246039E+18  6.285424E+07  9.132789E+08  2.881129E+01  8.614877E-06
     89  2.7876132728935765E-01  0.0000000000000000E+00  0.0000000000000000E+00  3.472136E+09  1.980854E+09  1.235149E+27  2.246730E+18  6.377672E+07  9.137824E+08  2.884470E+01  1.496296E-05
     90  2.7941582283766148E-01  0.0000000000000000E+00  0.0000000000000000E+00  3.489926E+09  1.979891E+09  1.234752E+27  2.246811E+18  6.392944E+07  9.138615E+08  2.884899E+01  1.753077E-05
     91  2.8055406354053058E-01  0.0000000000000000E+00  0.0000000000000000E+00  3.520305E+09  1.978176E+09  1.234018E+27  2.246934E+18  6.419125E+07  9.139931E+08  2.885561E+01  2.410596E-05
     92  2.8283054494626880E-01  0.0000000000000000E+00  0.0000000000000000E+00  3.578563E+09  1.974730E+09  1.232495E+27  2.247122E+18  6.469618E+07  9.142393E+08  2.886595E+01  5.079708E-05
     93  2.8738350775774529E-01  0.0000000000000000E+00  0.0000000000000000E+00  3.684054E+09  1.968457E+09  1.229750E+27  2.247352E+18  6.561580E+07  9.146989E+08  2.887814E+01  2.124327E-04
     94  2.8803662755180487E-01  0.0000000000000000E+00  0.0000000000000000E+00  3.698235E+09  1.967592E+09  1.229367E+27  2.247373E+18  6.573994E+07  9.147606E+08  2.887926E+01  2.529736E-04
     95  2.8904655999316586E-01  0.0000000000000000E+00  0.0000000000000000E+00  3.719708E+09  1.966229E+09  1.228743E+27  2.247405E+18  6.592833E+07  9.148509E+08  2.888078E+01  3.265470E-04
     96  2.9106642487588791E-01  0.0000000000000000E+00  0.0000000000000000E+00  3.760671E+09  1.963413E+09  1.227383E+27  2.247462E+18  6.628927E+07  9.150095E+08  2.888322E+01  5.249477E-04
     97  2.9510615464133194E-01  0.0000000000000000E+00  0.0000000000000000E+00  3.834799E+09  1.957719E+09  1.224442E+27  2.247573E+18  6.694647E+07  9.152590E+08  2.888658E+01  1.196162E-03
     98  2.9591410059442075E-01  0.0000000000000000E+00  0.0000000000000000E+00  3.848289E+09  1.956542E+09  1.223792E+27  2.247593E+18  6.706693E+07  9.152949E+08  2.888712E+01  1.380914E-03
     99  2.9738450636252489E-01  0.0000000000000000E+00  0.0000000000000000E+00  3.871665E+09  1.954360E+09  1.222551E+27  2.247638E+18  6.727648E+07  9.153472E+08  2.888806E+01  1.769913E-03
    100  3.0032531789873324E-01  0.0000000000000000E+00  0.0000000000000000E+00  3.914265E+09  1.950046E+09  1.220011E+27  2.247746E+18  6.765997E+07  9.154188E+08  2.889006E+01  2.737524E-03
    101  3.0091348020597491E-01  0.0000000000000000E+00  0.0000000000000000E+00  3.922189E+09  1.949227E+09  1.219526E+27  2.247769E+18  6.773127E+07  9.154310E+08  2.889053E+01  2.957694E-03
    102  3.0208980482045827E-01  0.0000000000000000E+00  0.0000000000000000E+00  3.937584E+09  1.947633E+09  1.218580E+27  2.247821E+18  6.786965E+07  9.154545E+08  2.889155E+01  3.426477E-03
    103  3.0444245404942494E-01  0.0000000000000000E+00  0.0000000000000000E+00  3.966077E+09  1.944600E+09  1.216760E+27  2.247938E+18  6.812543E+07  9.154916E+08  2.889411E+01  4.449680E-03
    104  3.0491298389521826E-01  0.0000000000000000E+00  0.0000000000000000E+00  3.974971E+09  1.943838E+09  1.216347E+27  2.247962E+18  6.820430E+07  9.155180E+08  2.889472E+01  4.664927E-03
    105  3.0584003158080941E-01  0.0000000000000000E+00  0.0000000000000000E+00  4.003855E+09  1.941802E+09  1.215376E+27  2.248014E+18  6.845825E+07  9.156387E+08  2.889617E+01  5.130169E-03
    106  3.0769412695199172E-01  0.0000000000000000E+00  0.0000000000000000E+00  4.074325E+09  1.937060E+09  1.213203E+27  2.248156E+18  6.907388E+07  9.159556E+08  2.890128E+01  6.252957E-03
    107  3.0806494602622819E-01  0.0000000000000000E+00  0.0000000000000000E+00  4.088088E+09  1.936112E+09  1.212763E+27  2.248188E+18  6.919340E+07  9.160163E+08  2.890289E+01  6.499179E-03
    108  3.0862832990035460E-01  0.0000000000000000E+00  0.0000000000000000E+00  4.108573E+09  1.934674E+09  1.212084E+27  2.248250E+18  6.937074E+07  9.161049E+08  2.890586E+01  6.901077E-03
    109  3.0975509764860737E-01  0.0000000000000000E+00  0.0000000000000000E+00  4.148730E+09  1.931802E+09  1.210709E+27  2.248406E+18  6.971553E+07  9.162747E+08  2.891417E+01  7.758617E-03
    110  3.1200863314511290E-01  0.0000000000000000E+00  0.0000000000000000E+00  4.224382E+09  1.926103E+09  1.207869E+27  2.248882E+18  7.034784E+07  9.165693E+08  2.894499E+01  9.546596E-03
    111  3.1245934024441402E-01  0.0000000000000000E+00  0.0000000000000000E+00  4.238865E+09  1.924972E+09  1.207289E+27  2.249004E+18  7.046487E+07  9.166214E+08  2.895432E+01  9.873196E-03
    112  3.1313338619466263E-01  0.0000000000000000E+00  0.0000000000000000E+00  4.259833E+09  1.923296E+09  1.206413E+27  2.249221E+18  7.063084E+07  9.166923E+08  2.897086E+01  1.036166E-02
    113  3.1448147809515986E-01  0.0000000000000000E+00  0.0000000000000000E+00  4.300030E+09  1.919989E+09  1.204638E+27  2.249778E+18  7.093469E+07  9.168143E+08  2.901469E+01  1.134091E-02
    114  3.1717766189615437E-01  0.0000000000000000E+00  0.0000000000000000E+00  4.372311E+09  1.913730E+09  1.201091E+27  2.251508E+18  7.140618E+07  9.169712E+08  2.915659E+01  1.383626E-02
    115  3.1751618483068383E-01  0.0000000000000000E+00  0.0000000000000000E+00  4.380628E+09  1.912990E+09  1.200654E+27  2.251801E+18  7.145159E+07  9.169829E+08  2.918032E+01  1.429972E-02
    116  3.1819323069974270E-01  0.0000000000000000E+00  0.0000000000000000E+00  4.396401E+09  1.911563E+09  1.199795E+27  2.252426E+18  7.152987E+07  9.169987E+08  2.923201E+01  1.534133E-02
    117  3.1954732243786044E-01  0.0000000000000000E+00  0.0000000000000000E+00  4.425590E+09  1.908836E+09  1.198092E+27  2.253873E+18  7.164556E+07  9.170039E+08  2.935267E+01  1.791824E-02
    118  3.2225550591409591E-01  0.0000000000000000E+00  0.0000000000000000E+00  4.473259E+09  1.903722E+09  1.194568E+27  2.257473E+18  7.171007E+07  9.168834E+08  2.965985E+01  2.563697E-02
    119  3.2595740516992777E-01  0.0000000000000000E+00  0.0000000000000000E+00  4.514720E+09  1.896872E+09  1.189041E+27  2.263594E+18  7.148686E+07  9.164023E+08  3.018709E+01  4.306900E-02
    120  3.2648210669599581E-01  0.0000000000000000E+00  0.0000000000000000E+00  4.519513E+09  1.895860E+09  1.188184E+27  2.264512E+18  7.144174E+07  9.163147E+08  3.026729E+01  4.624183E-02
    121  3.2753150974813189E-01  0.0000000000000000E+00  0.0000000000000000E+00  4.545056E+09  1.893008E+09  1.186185E+27  2.266491E+18  7.147344E+07  9.162331E+08  3.044263E+01  5.287179E-02
    122  3.2963031585240399E-01  0.0000000000000000E+00  0.0000000000000000E+00  4.620648E+09  1.886070E+09  1.181571E+27  2.272108E+18  7.157641E+07  9.161278E+08  3.095294E+01  7.408247E-02
    123  3.3005007707325840E-01  0.0000000000000000E+00  0.0000000000000000E+00  4.635661E+09  1.884684E+09  1.180591E+27  2.273557E+18  7.155907E+07  9.160826E+08  3.109046E+01  7.869567E-02
    124  3.3079777972339780E-01  0.0000000000000000E+00  0.0000000000000000E+00  4.662224E+09  1.882225E+09  1.178794E+27  2.276523E+18  7.149231E+07  9.159783E+08  3.136972E+01  9.070473E-02
    125  3.3229318502367661E-01  0.0000000000000000E+00  0.0000000000000000E+00  4.714166E+09  1.877367E+09  1.174976E+27  2.283914E+18  7.120138E+07  9.156622E+08  3.208234E+01  1.235104E-01
    126  3.3259226608373238E-01  0.0000000000000000E+00  0.0000000000000000E+00  4.724418E+09  1.876402E+09  1.174172E+27  2.285620E+18  7.111654E+07  9.155802E+08  3.225293E+01  1.305406E-01
    127  3.3319042820384387E-01  0.0000000000000000E+00  0.0000000000000000E+00  4.744398E+09  1.874501E+09  1.172526E+27  2.289326E+18  7.091655E+07  9.153936E+08  3.262441E+01  1.479260E-01
    128  3.3438675244406690E-01  0.0000000000000000E+00  0.0000000000000000E+00  4.783267E+09  1.870753E+09  1.169057E+27  2.297777E+18  7.040334E+07  9.149329E+08  3.349752E+01  1.897201E-01
    129  3.3677940092451297E-01  0.0000000000000000E+00  0.0000000000000000E+00  4.852931E+09  1.863548E+09  1.161443E+27  2.317784E+18  6.898834E+07  9.136561E+08  3.574060E+01  2.903532E-01
    130  3.4013901345523434E-01  0.0000000000000000E+00  0.0000000000000000E+00  4.926478E+09  1.854123E+09  1.150001E+27  2.346586E+18  6.677473E+07  9.113750E+08  3.940047E+01  4.480800E-01
    131  3.4455401201550095E-01  0.0000000000000000E+00  0.0000000000000000E+00  5.012031E+09  1.841760E+09  1.135378E+27  2.375576E+18  6.473523E+07  9.085294E+08  4.366718E+01  6.075126E-01
    132  3.4507259668785062E-01  0.0000000000000000E+00  0.0000000000000000E+00  5.033500E+09  1.839717E+09  1.133731E+27  2.378934E+18  6.464386E+07  9.083691E+08  4.413622E+01  6.455344E-01
    133  3.4564480751455740E-01  0.0000000000000000E+00  0.0000000000000000E+00  5.057625E+09  1.837441E+09  1.131878E+27  2.381859E+18  6.453273E+07  9.081821E+08  4.468836E+01  6.604101E-01
    134  3.4678922916797100E-01  0.0000000000000000E+00  0.0000000000000000E+00  5.105766E+09  1.832914E+09  1.128143E+27  2.388168E+18  6.429497E+07  9.077878E+08  4.585573E+01  7.027427E-01
    135  3.4907807247479822E-01  0.0000000000000000E+00  0.0000000000000000E+00  5.200363E+09  1.824070E+09  1.120951E+27  2.399624E+18  6.393624E+07  9.070580E+08  4.809244E+01  7.793707E-01
    136  3.5310656242029637E-01  0.0000000000000000E+00  0.0000000000000000E+00  5.356121E+09  1.809416E+09  1.109865E+27  2.413599E+18  6.389834E+07  9.061882E+08  5.096808E+01  8.774353E-01
    137  3.5364845645094223E-01  0.0000000000000000E+00  0.0000000000000000E+00  5.375459E+09  1.807473E+09  1.108568E+27  2.414726E+18  6.399384E+07  9.061457E+08  5.112423E+01  8.880885E-01
    138  3.5473224451223390E-01  0.0000000000000000E+00  0.0000000000000000E+00  5.412256E+09  1.803524E+09  1.105898E+27  2.416377E+18  6.418338E+07  9.060459E+08  5.141048E+01  9.003172E-01
    139  3.5689982063481729E-01  0.0000000000000000E+00  0.0000000000000000E+00  5.478291E+09  1.795425E+09  1.100313E+27  2.419200E+18  6.456175E+07  9.057959E+08  5.186205E+01  9.199840E-01
    140  3.6123497287998402E-01  0.0000000000000000E+00  0.0000000000000000E+00  5.636583E+09  1.775628E+09  1.087501E+27  2.422920E+18  6.577631E+07  9.055336E+08  5.228174E+01  9.502148E-01
    141  3.6190294209998564E-01  0.0000000000000000E+00  0.0000000000000000E+00  5.666767E+09  1.772223E+09  1.085472E+27  2.423450E+18  6.604047E+07  9.055615E+08  5.228351E+01  9.538223E-01
    142  3.6320507718187189E-01  0.0000000000000000E+00  0.0000000000000000E+00  5.727002E+09  1.765606E+09  1.081630E+27  2.424076E+18  6.659177E+07  9.056596E+08  5.223019E+01  9.604779E-01
    143  3.6580934734564446E-01  0.0000000000000000E+00  0.0000000000000000E+00  5.849422E+09  1.752418E+09  1.074224E+27  2.424921E+18  6.778622E+07  9.059646E+08  5.195731E+01  9.716891E-01
    144  3.6633020137839900E-01  0.0000000000000000E+00  0.0000000000000000E+00  5.873640E+09  1.749757E+09  1.072756E+27  2.424927E+18  6.804027E+07  9.060380E+08  5.186598E+01  9.737584E-01
    145  3.6728999013869945E-01  0.0000000000000000E+00  0.0000000000000000E+00  5.917585E+09  1.744830E+09  1.070024E+27  2.425019E+18  6.850791E+07  9.061693E+08  5.168943E+01  9.768774E-01
    146  3.6920956765930035E-01  0.0000000000000000E+00  0.0000000000000000E+00  6.002139E+09  1.734952E+09  1.064524E+27  2.425092E+18  6.945001E+07  9.064256E+08  5.127213E+01  9.816826E-01
    147  3.7304872270050221E-01  0.0000000000000000E+00  0.0000000000000000E+00  6.157353E+09  1.714456E+09  1.052840E+27  2.424270E+18  7.136670E+07  9.068528E+08  5.019010E+01  9.878143E-01
    148  3.7368253749648506E-01  0.0000000000000000E+00  0.0000000000000000E+00  6.184251E+09  1.710855E+09  1.050850E+27  2.423971E+18  7.173065E+07  9.069567E+08  4.994493E+01  9.883006E-01
    149  3.7495016708845075E-01  0.0000000000000000E+00  0.0000000000000000E+00  6.239349E+09  1.703511E+09  1.046834E+27  2.423149E+18  7.248922E+07  9.071894E+08  4.942568E+01  9.889671E-01
    150  3.7748542627238213E-01  0.0000000000000000E+00  0.0000000000000000E+00  6.353040E+09  1.688196E+09  1.038604E+27  2.420943E+18  7.413761E+07  9.077464E+08  4.823984E+01  9.896172E-01
    151  3.7799247810916842E-01  0.0000000000000000E+00  0.0000000000000000E+00  6.375929E+09  1.685059E+09  1.036951E+27  2.420326E+18  7.449432E+07  9.078768E+08  4.796284E+01  9.895697E-01
    152  3.7899368932044397E-01  0.0000000000000000E+00  0.0000000000000000E+00  6.420985E+09  1.678831E+09  1.033650E+27  2.419186E+18  7.519406E+07  9.081284E+08  4.743402E+01  9.895448E-01
    153  3.8099611174299503E-01  0.0000000000000000E+00  0.0000000000000000E+00  6.509487E+09  1.666556E+09  1.027216E+27  2.416713E+18  7.662067E+07  9.086632E+08  4.634080E+01  9.894263E-01
    154  3.8500095658809713E-01  0.0000000000000000E+00  0.0000000000000000E+00  6.657800E+09  1.642569E+09  1.013818E+27  2.412222E+18  7.918739E+07  9.093595E+08  4.439969E+01  9.892686E-01
    155  3.8580192555711756E-01  0.0000000000000000E+00  0.0000000000000000E+00  6.689480E+09  1.637420E+09  1.011086E+27  2.410722E+18  7.981757E+07  9.095791E+08  4.387667E+01  9.890339E-01
    156  3.8710199760062763E-01  0.0000000000000000E+00  0.0000000000000000E+00  6.742785E+09  1.628705E+09  1.006402E+27  2.408480E+18  8.084660E+07  9.099262E+08  4.307663E+01  9.888810E-01
    157  3.8970214168764772E-01  0.0000000000000000E+00  0.0000000000000000E+00  6.857893E+09  1.610161E+09  9.967396E+26  2.402949E+18  8.319009E+07  9.108204E+08  4.127460E+01  9.886105E-01
    158  3.9490242986168789E-01  0.0000000000000000E+00  0.0000000000000000E+00  7.042011E+09  1.573702E+09  9.760601E+26  2.393383E+18  8.730419E+07  9.118453E+08  3.834692E+01  9.896827E-01
    159  3.9590242983933616E-01  0.0000000000000000E+00  0.0000000000000000E+00  7.074852E+09  1.566666E+09  9.722238E+26  2.390342E+18  8.824755E+07  9.121282E+08  3.762302E+01  9.885054E-01
    160  3.9790242979463269E-01  0.0000000000000000E+00  0.0000000000000000E+00  7.143009E+09  1.552489E+09  9.643232E+26  2.385513E+18  9.001120E+07  9.126181E+08  3.642132E+01  9.884238E-01
    161  4.0190242970522572E-01  0.0000000000000000E+00  0.0000000000000000E+00  7.285485E+09  1.522116E+09  9.475998E+26  2.373890E+18  9.399039E+07  9.138049E+08  3.387076E+01  9.885541E-01
    162  4.0270242968734432E-01  0.0000000000000000E+00  0.0000000000000000E+00  7.313314E+09  1.515836E+09  9.441680E+26  2.371083E+18  9.486383E+07  9.140712E+08  3.332645E+01  9.886217E-01
    163  4.0430242965158153E-01  0.0000000000000000E+00  0.0000000000000000E+00  7.367367E+09  1.503006E+09  9.369693E+26  2.365779E+18  9.655895E+07  9.145274E+08  3.232828E+01  9.887253E-01
    164  4.0750242958005595E-01  0.0000000000000000E+00  0.0000000000000000E+00  7.463477E+09  1.476760E+09  9.215949E+26  2.355525E+18  9.980012E+07  9.151562E+08  3.055179E+01  9.889559E-01
    165  4.1390242943700478E-01  0.0000000000000000E+00  0.0000000000000000E+00  7.598403E+09  1.424312E+09  8.880484E+26  2.338959E+18  1.051193E+08  9.149838E+08  2.800471E+01  9.895238E-01
    166  4.2390242921348736E-01  0.0000000000000000E+00  0.0000000000000000E+00  7.817180E+09  1.333295E+09  8.310648E+26  2.301312E+18  1.156202E+08  9.153671E+08  2.379149E+01  9.898228E-01
    167  4.3390242898996995E-01  0.0000000000000000E+00  0.0000000000000000E+00  7.910171E+09  1.234667E+09  7.618123E+26  2.278952E+18  1.227923E+08  9.111330E+08  2.171771E+01  9.915543E-01
    168  4.4390242876645253E-01  0.0000000000000000E+00  0.0000000000000000E+00  7.953241E+09  1.128796E+09  6.860871E+26  2.259621E+18  1.292239E+08  9.046946E+08  2.024567E+01  9.914274E-01
    169  4.5390242854293511E-01  0.0000000000000000E+00  0.0000000000000000E+00  8.107811E+09  1.127748E+09  6.934973E+26  2.230131E+18  1.357719E+08  9.103081E+08  1.845619E+01  9.907139E-01
    170  4.6390242831941769E-01  0.0000000000000000E+00  0.0000000000000000E+00  8.096356E+09  1.015069E+09  6.119261E+26  2.212621E+18  1.419433E+08  9.017104E+08  1.747677E+01  9.914651E-01
    171  4.7390242809590027E-01  0.0000000000000000E+00  0.0000000000000000E+00  8.118866E+09  9.688804E+08  5.800415E+26  2.201791E+18  1.455839E+08  8.988073E+08  1.690980E+01  9.915145E-01
    172  4.8390242787238286E-01  0.0000000000000000E+00  0.0000000000000000E+00  8.140243E+09  9.217149E+08  5.480525E+26  2.187974E+18  1.498071E+08  8.960026E+08  1.626307E+01  9.914727E-01
    173  4.9390242764886544E-01  0.0000000000000000E+00  0.0000000000000000E+00  7.787866E+09  6.707630E+08  3.660047E+26  2.219394E+18  1.516238E+08  8.586518E+08  1.750894E+01  9.925476E-01
    174  5.0390242742534808E-01  0.0000000000000000E+00  0.0000000000000000E+00  7.698278E+09  6.061862E+08  3.225912E+26  2.225923E+18  1.531139E+08  8.481126E+08  1.776155E+01  9.927072E-01
    175  5.1390242720183066E-01  0.0000000000000000E+00  0.0000000000000000E+00  7.566387E+09  5.297124E+08  2.724781E+26  2.236647E+18  1.545953E+08  8.339895E+08  1.823127E+01  9.930186E-01
    176  5.2390242697831324E-01  0.0000000000000000E+00  0.0000000000000000E+00  7.424267E+09  4.610608E+08  2.288979E+26  2.250442E+18  1.555917E+08  8.194684E+08  1.889538E+01  9.933238E-01
    177  5.3390242675479582E-01  0.0000000000000000E+00  0.0000000000000000E+00  7.259172E+09  3.960068E+08  1.889530E+26  2.268265E+18  1.560854E+08  8.034997E+08  1.984887E+01  9.936569E-01
    178  5.4390242653127840E-01  0.0000000000000000E+00  0.0000000000000000E+00  7.091569E+09  3.384083E+08  1.550448E+26  2.287886E+18  1.564137E+08  7.874737E+08  2.102696E+01  9.939334E-01
    179  5.5390242630776099E-01  0.0000000000000000E+00  0.0000000000000000E+00  6.940404E+09  2.932748E+08  1.295805E+26  2.304847E+18  1.568838E+08  7.734421E+08  2.216500E+01  9.941529E-01
    180  5.6390242608424357E-01  0.0000000000000000E+00  0.0000000000000000E+00  6.784879E+09  2.541408E+08  1.082463E+26  2.323166E+18  1.570274E+08  7.594958E+08  2.354921E+01  9.943688E-01
    181  5.7390242586072615E-01  0.0000000000000000E+00  0.0000000000000000E+00  6.618612E+09  2.192048E+08  8.985095E+25  2.342794E+18  1.569348E+08  7.451708E+08  2.524391E+01  9.945941E-01
    182  5.8390242563720873E-01  0.0000000000000000E+00  0.0000000000000000E+00  6.460032E+09  1.886204E+08  7.449508E+25  2.360809E+18  1.573331E+08  7.315800E+08  2.702626E+01  9.947956E-01
    183  5.8654596999999997E-01  0.0000000000000000E+00  0.0000000000000000E+00  6.425199E+09  1.812498E+08  7.095428E+25  2.365157E+18  1.576718E+08  7.283865E+08  2.749003E+01  9.948858E-01
