    1   2  8.694290E-09 h2   
    1   3  3.560383E-12 h3   
    2   3  1.066438E-09 he3  
    3   6  3.409376E-12 li6  
    3   7  8.422061E-15 li7  
    4   7  5.939779E-13 be7  
    4   9  7.810157E-14 be9  
    5   8  4.975242E-18 b8   
    5   9  3.463936E-12 b9   
    5  10  1.795556E-13 b10  
    5  11  1.150591E-14 b11  
    6  11  2.042530E-12 c11  
    6  12  1.004866E-06 c12  
    6  13  5.617738E-11 c13  
    6  14  2.450818E-13 c14  
    7  12  2.190560E-17 n12  
    7  13  3.182506E-10 n13  
    7  14  3.239472E-10 n14  
    7  15  2.615804E-10 n15  
    8  14  3.209842E-12 o14  
    8  15  5.843248E-10 o15  
    8  16  1.961477E-06 o16  
    8  17  7.316793E-11 o17  
    8  18  9.029079E-14 o18  
    8  19  1.215285E-13 o19  
    9  17  1.626844E-10 f17  
    9  18  3.988889E-12 f18  
    9  19  1.552228E-12 f19  
    9  20  1.153109E-10 f20  
    9  21  1.603642E-12 f21  
   10  17  6.616435E-20 ne17 
   10  18  9.023180E-14 ne18 
   10  19  3.315184E-12 ne19 
   10  20  4.362764E-08 ne20 
   10  21  8.955387E-11 ne21 
   10  22  1.166865E-11 ne22 
   10  23  2.344396E-15 ne23 
   10  24  1.015064E-17 ne24 
   11  19  3.837666E-18 na19 
   11  20  9.978108E-16 na20 
   11  21  5.560776E-11 na21 
   11  22  1.849292E-10 na22 
   11  23  2.144182E-09 na23 
   11  24  3.567645E-12 na24 
   11  25  1.167250E-13 na25 
   11  26  1.504608E-17 na26 
   11  27  5.612496E-21 na27 
   12  20  3.922829E-22 mg20 
   12  21  1.022041E-18 mg21 
   12  22  1.473968E-12 mg22 
   12  23  4.920415E-10 mg23 
   12  24  2.717046E-06 mg24 
   12  25  3.380321E-08 mg25 
   12  26  8.896774E-09 mg26 
   12  27  8.813314E-12 mg27 
   12  28  5.357758E-14 mg28 
   12  29  7.626926E-19 mg29 
   13  22  4.889082E-24 al22 
   13  23  4.148642E-17 al23 
   13  24  1.284789E-13 al24 
   13  25  5.035204E-09 al25 
   13  26  2.892887E-08 al26 
   13  27  7.902405E-07 al27 
   13  28  5.326560E-09 al28 
   13  29  2.216761E-10 al29 
   13  30  4.142791E-14 al30 
   13  31  3.130882E-17 al31 
   14  23  1.771325E-28 si23 
   14  24  1.131517E-20 si24 
   14  25  1.677916E-16 si25 
   14  26  7.955824E-11 si26 
   14  27  4.502400E-08 si27 
   14  28  7.348830E-04 si28 
   14  29  2.401733E-05 si29 
   14  30  6.952851E-06 si30 
   14  31  1.518445E-08 si31 
   14  32  1.924486E-10 si32 
   14  33  9.184560E-15 si33 
   14  34  5.020462E-18 si34 
   15  27  8.880023E-15 p27  
   15  28  1.193582E-11 p28  
   15  29  1.059553E-06 p29  
   15  30  5.190360E-06 p30  
   15  31  4.239734E-05 p31  
   15  32  8.540008E-07 p32  
   15  33  6.529419E-08 p33  
   15  34  4.505183E-11 p34  
   15  35  1.792132E-13 p35  
   15  36  1.898917E-18 p36  
   15  37  3.881770E-22 p37  
   15  38  2.931331E-27 p38  
   16  28  7.232747E-19 s28  
   16  29  1.498632E-14 s29  
   16  30  6.561022E-09 s30  
   16  31  9.084277E-07 s31  
   16  32  8.025600E-04 s32  
   16  33  6.967979E-05 s33  
   16  34  4.918716E-05 s34  
   16  35  1.937728E-07 s35  
   16  36  8.099824E-09 s36  
   16  37  6.457711E-13 s37  
   16  38  6.513376E-16 s38  
   16  39  2.561131E-20 s39  
   16  40  1.802997E-23 s40  
   16  41  4.581901E-28 s41  
   16  42  1.141856E-30 s42  
   17  31  3.040951E-13 cl31 
   17  32  2.479648E-10 cl32 
   17  33  1.094442E-06 cl33 
   17  34  8.052260E-06 cl34 
   17  35  1.010002E-04 cl35 
   17  36  3.082436E-06 cl36 
   17  37  6.406338E-07 cl37 
   17  38  3.917080E-10 cl38 
   17  39  1.821327E-12 cl39 
   17  40  4.119002E-16 cl40 
   17  41  9.949068E-19 cl41 
   17  42  1.603261E-22 cl42 
   17  43  6.770529E-26 cl43 
   17  44  2.955102E-30 cl44 
   17  45  1.205064E-30 cl45 
   18  32  2.284092E-17 ar32 
   18  33  3.332396E-13 ar33 
   18  34  6.030992E-09 ar34 
   18  35  8.298966E-07 ar35 
   18  36  5.977270E-04 ar36 
   18  37  6.673141E-05 ar37 
   18  38  9.503522E-05 ar38 
   18  39  3.922372E-07 ar39 
   18  40  1.169929E-08 ar40 
   18  41  2.387193E-11 ar41 
   18  42  2.095360E-13 ar42 
   18  43  8.711915E-17 ar43 
   18  44  1.593421E-19 ar44 
   18  45  3.926018E-23 ar45 
   18  46  6.345755E-26 ar46 
   19  35  1.895431E-13 k35  
   19  36  1.940846E-10 k36  
   19  37  4.013427E-07 k37  
   19  38  7.297295E-06 k38  
   19  39  1.828314E-04 k39  
   19  40  3.943393E-06 k40  
   19  41  3.917139E-07 k41  
   19  42  5.454278E-09 k42  
   19  43  1.866276E-10 k43  
   19  44  5.141701E-13 k44  
   19  45  6.589148E-15 k45  
   19  46  8.442792E-18 k46  
   19  47  3.061156E-20 k47  
   19  48  1.618441E-24 k48  
   19  49  1.796151E-28 k49  
   20  36  1.785752E-17 ca36 
   20  37  1.499913E-13 ca37 
   20  38  1.707354E-09 ca38 
   20  39  5.464940E-07 ca39 
   20  40  8.056087E-04 ca40 
   20  41  8.135850E-05 ca41 
   20  42  5.029156E-05 ca42 
   20  43  2.715105E-06 ca43 
   20  44  5.764171E-07 ca44 
   20  45  8.995054E-09 ca45 
   20  46  4.670303E-10 ca46 
   20  47  3.791674E-12 ca47 
   20  48  9.363674E-14 ca48 
   20  49  1.324095E-17 ca49 
   21  40  3.086535E-11 sc40 
   21  41  2.608468E-07 sc41 
   21  42  1.116480E-06 sc42 
   21  43  2.593712E-05 sc43 
   21  44  8.571878E-06 sc44 
   21  45  9.973451E-06 sc45 
   21  46  6.384757E-07 sc46 
   21  47  9.569673E-08 sc47 
   21  48  2.604327E-09 sc48 
   21  49  1.437178E-10 sc49 
   21  50  6.930983E-14 sc50 
   21  51  2.862283E-17 sc51 
   22  41  7.132531E-15 ti41 
   22  42  2.249796E-10 ti42 
   22  43  2.297559E-08 ti43 
   22  44  8.104921E-05 ti44 
   22  45  1.002199E-04 ti45 
   22  46  6.601239E-04 ti46 
   22  47  1.283769E-04 ti47 
   22  48  7.851222E-05 ti48 
   22  49  3.113928E-06 ti49 
   22  50  4.698294E-07 ti50 
   22  51  6.239818E-10 ti51 
   22  52  9.839860E-13 ti52 
   22  53  1.910205E-16 ti53 
   23  43  2.268529E-15 v43  
   23  44  2.606556E-12 v44  
   23  45  8.684498E-08 v45  
   23  46  3.491440E-06 v46  
   23  47  4.400058E-04 v47  
   23  48  4.378017E-04 v48  
   23  49  9.312739E-04 v49  
   23  50  1.151159E-04 v50  
   23  51  5.184426E-05 v51  
   23  52  3.153121E-07 v52  
   23  53  1.913643E-09 v53  
   23  54  5.589409E-13 v54  
   23  55  6.234177E-16 v55  
   24  44  3.115013E-19 cr44 
   24  45  6.974731E-15 cr45 
   24  46  1.784536E-10 cr46 
   24  47  1.248242E-07 cr47 
   24  48  5.736988E-04 cr48 
   24  49  1.950510E-03 cr49 
   24  50  1.898368E-02 cr50 
   24  51  5.892059E-03 cr51 
   24  52  6.336863E-03 cr52 
   24  53  1.618821E-04 cr53 
   24  54  6.854018E-06 cr54 
   24  55  8.987561E-09 cr55 
   24  56  1.522072E-11 cr56 
   24  57  3.201955E-15 cr57 
   24  58  1.197344E-18 cr58 
   25  46  1.020238E-19 mn46 
   25  47  2.593490E-14 mn47 
   25  48  1.019857E-10 mn48 
   25  49  7.059196E-07 mn49 
   25  50  5.293511E-05 mn50 
   25  51  7.848941E-03 mn51 
   25  52  1.143792E-02 mn52 
   25  53  3.901243E-02 mn53 
   25  54  4.058992E-03 mn54 
   25  55  5.267062E-04 mn55 
   25  56  3.209666E-06 mn56 
   25  57  1.661916E-08 mn57 
   25  58  1.119168E-11 mn58 
   25  59  2.099000E-14 mn59 
   25  60  2.398422E-18 mn60 
   25  61  1.258128E-21 mn61 
   26  47  7.730970E-24 fe47 
   26  48  4.528557E-18 fe48 
   26  49  4.592333E-14 fe49 
   26  50  1.062809E-09 fe50 
   26  51  1.590628E-06 fe51 
   26  52  4.236329E-03 fe52 
   26  53  1.809477E-02 fe53 
   26  54  2.435507E-01 fe54 
   26  55  7.814413E-02 fe55 
   26  56  4.429884E-02 fe56 
   26  57  1.121838E-03 fe57 
   26  58  3.919097E-05 fe58 
   26  59  8.955940E-08 fe59 
   26  60  4.191929E-10 fe60 
   26  61  1.509023E-13 fe61 
   26  62  1.921383E-16 fe62 
   26  63  2.596437E-20 fe63 
   27  50  1.444996E-18 co50 
   27  51  3.199280E-13 co51 
   27  52  1.940138E-10 co52 
   27  53  1.602574E-06 co53 
   27  54  3.288251E-04 co54 
   27  55  6.640440E-02 co55 
   27  56  5.743630E-02 co56 
   27  57  6.397408E-02 co57 
   27  58  5.393571E-03 co58 
   27  59  6.271130E-04 co59 
   27  60  6.832386E-06 co60 
   27  61  9.724938E-08 co61 
   27  62  1.490321E-10 co62 
   27  63  7.703711E-13 co63 
   27  64  3.025151E-16 co64 
   27  65  4.295191E-19 co65 
   28  51  2.718412E-23 ni51 
   28  52  9.057336E-18 ni52 
   28  53  7.604057E-14 ni53 
   28  54  1.486437E-09 ni54 
   28  55  4.952358E-06 ni55 
   28  56  1.999957E-02 ni56 
   28  57  4.074060E-02 ni57 
   28  58  1.335637E-01 ni58 
   28  59  3.590069E-02 ni59 
   28  60  1.461464E-02 ni60 
   28  61  6.379680E-04 ni61 
   28  62  4.462484E-05 ni62 
   28  63  2.961138E-07 ni63 
   28  64  3.340600E-09 ni64 
   28  65  6.441793E-12 ni65 
   28  66  2.073429E-14 ni66 
   28  67  8.624553E-18 ni67 
   29  55  8.168875E-15 cu55 
   29  56  6.753764E-11 cu56 
   29  57  1.998099E-06 cu57 
   29  58  7.439077E-05 cu58 
   29  59  1.942009E-03 cu59 
   29  60  2.209922E-03 cu60 
   29  61  2.785621E-03 cu61 
   29  62  4.420769E-04 cu62 
   29  63  8.372601E-05 cu63 
   29  64  1.807710E-06 cu64 
   29  65  7.315442E-08 cu65 
   29  66  3.380557E-10 cu66 
   29  67  4.972473E-12 cu67 
   29  68  4.827146E-15 cu68 
   29  69  9.949023E-18 cu69 
   30  57  3.924242E-15 zn57 
   30  58  2.008934E-10 zn58 
   30  59  7.392077E-08 zn59 
   30  60  2.997112E-05 zn60 
   30  61  1.042607E-04 zn61 
   30  62  5.449798E-04 zn62 
   30  63  2.148361E-04 zn63 
   30  64  1.534692E-04 zn64 
   30  65  1.009631E-05 zn65 
   30  66  1.288677E-06 zn66 
   30  67  1.940422E-08 zn67 
   30  68  4.208894E-10 zn68 
   30  69  1.717939E-12 zn69 
   30  70  1.192087E-14 zn70 
   30  71  1.429865E-17 zn71 
   30  72  3.776269E-20 zn72 
   31  59  5.102503E-16 ga59 
   31  60  8.645743E-13 ga60 
   31  61  8.801698E-10 ga61 
   31  62  2.007029E-07 ga62 
   31  63  3.467902E-06 ga63 
   31  64  3.995182E-06 ga64 
   31  65  9.769193E-06 ga65 
   31  66  1.524503E-06 ga66 
   31  67  8.699890E-07 ga67 
   31  68  2.761330E-08 ga68 
   31  69  3.055092E-09 ga69 
   31  70  2.124296E-11 ga70 
   31  71  6.697082E-13 ga71 
   31  72  1.947471E-15 ga72 
   31  73  1.753791E-17 ga73 
   31  74  2.164148E-20 ga74 
   31  75  1.134773E-22 ga75 
   32  62  4.866736E-13 ge62 
   32  63  2.144679E-10 ge63 
   32  64  2.710795E-08 ge64 
   32  65  3.457638E-08 ge65 
   32  66  6.320452E-07 ge66 
   32  67  3.879724E-07 ge67 
   32  68  4.698653E-07 ge68 
   32  69  6.341745E-08 ge69 
   32  70  1.496793E-08 ge70 
   32  71  5.618103E-10 ge71 
   32  72  3.885036E-11 ge72 
   32  73  4.606743E-13 ge73 
   32  74  9.462652E-15 ge74 
   32  75  3.850986E-17 ge75 
   32  76  2.811345E-19 ge76 
   32  77  3.651596E-22 ge77 
   32  78  1.035757E-24 ge78 
   33  65  2.539767E-12 as65 
   33  66  1.909166E-10 as66 
   33  67  8.932249E-10 as67 
   33  68  2.637903E-09 as68 
   33  69  1.707068E-08 as69 
   33  70  4.819765E-09 as70 
   33  71  4.681472E-09 as71 
   33  72  3.134059E-10 as72 
   33  73  9.250430E-11 as73 
   33  74  1.757986E-12 as74 
   33  75  1.565198E-13 as75 
   33  76  1.379705E-15 as76 
   33  77  3.006247E-17 as77 
   33  78  5.160791E-20 as78 
   33  79  5.985284E-22 as79 
   34  67  1.892747E-13 se67 
   34  68  4.925482E-12 se68 
   34  69  2.455513E-11 se69 
   34  70  5.737106E-10 se70 
   34  71  1.248253E-09 se71 
   34  72  2.097627E-09 se72 
   34  73  5.760213E-10 se73 
   34  74  3.049994E-10 se74 
   34  75  2.213612E-11 se75 
   34  76  3.509662E-12 se76 
   34  77  8.743201E-14 se77 
   34  78  2.943305E-15 se78 
   34  79  3.641627E-17 se79 
   34  80  4.414910E-19 se80 
   34  81  2.422114E-21 se81 
   34  82  1.255387E-23 se82 
   34  83  1.214495E-26 se83 
   35  68  2.358095E-18 br68 
   35  69  3.613710E-16 br69 
   35  70  1.658898E-14 br70 
   35  71  1.788640E-12 br71 
   35  72  3.596489E-12 br72 
   35  73  4.734737E-11 br73 
   35  74  2.792941E-11 br74 
   35  75  5.959639E-11 br75 
   35  76  8.414760E-12 br76 
   35  77  5.025061E-12 br77 
   35  78  1.599801E-13 br78 
   35  79  2.417965E-14 br79 
   35  80  5.659855E-16 br80 
   35  81  2.291824E-17 br81 
   35  82  2.079733E-19 br82 
   35  83  3.741862E-21 br83 
   36  69  7.133189E-23 kr69 
   36  70  4.244618E-20 kr70 
   36  71  1.158077E-17 kr71 
   36  72  7.272640E-15 kr72 
   36  73  1.033576E-13 kr73 
   36  74  1.647368E-12 kr74 
   36  75  3.434019E-12 kr75 
   36  76  1.455849E-11 kr76 
   36  77  7.782542E-12 kr77 
   36  78  7.503188E-12 kr78 
   36  79  1.004393E-12 kr79 
   36  80  1.745388E-13 kr80 
   36  81  1.060015E-14 kr81 
   36  82  8.397647E-16 kr82 
   36  83  2.349944E-17 kr83 
   36  84  8.324188E-19 kr84 
   36  85  9.612432E-21 kr85 
   36  86  9.298600E-23 kr86 
   36  87  4.685413E-26 kr87 
   37  73  5.185247E-19 rb73 
   37  74  7.384216E-17 rb74 
   37  75  3.440716E-15 rb75 
   37  76  1.640398E-14 rb76 
   37  77  1.947240E-13 rb77 
   37  78  9.325809E-14 rb78 
   37  79  8.176459E-13 rb79 
   37  80  1.148067E-13 rb80 
   37  81  1.239299E-13 rb81 
   37  82  1.039847E-14 rb82 
   37  83  3.824508E-15 rb83 
   37  84  1.489596E-16 rb84 
   37  85  2.595894E-17 rb85 
   38  74  6.030242E-23 sr74 
   38  75  4.040516E-20 sr75 
   38  76  2.737755E-17 sr76 
   38  77  3.090813E-16 sr77 
   38  78  5.381378E-15 sr78 
   38  79  2.269686E-14 sr79 
   38  80  7.566677E-14 sr80 
   38  81  7.825275E-14 sr81 
   38  82  8.648399E-14 sr82 
   38  83  2.258913E-14 sr83 
   38  84  1.137833E-14 sr84 
   39  75  1.392553E-28 y75  
   39  76  1.933332E-25 y76  
   39  77  3.826828E-22 y77  
   39  78  6.037010E-20 y78  
   39  79  1.398895E-17 y79  
   39  80  1.451677E-15 y80  
   39  81  7.235736E-16 y81  
   39  82  1.188068E-15 y82  
   39  83  5.677113E-15 y83  
   39  84  2.193511E-15 y84  
   39  85  4.622642E-15 y85  
   39  86  1.364104E-15 y86  
   39  87  1.031305E-15 y87  
   40  78  1.864054E-26 zr78 
   40  79  1.184453E-23 zr79 
   40  80  1.093224E-19 zr80 
   40  81  2.681018E-19 zr81 
   40  82  1.526718E-17 zr82 
   40  83  3.604810E-17 zr83 
   40  84  1.357899E-16 zr84 
   40  85  3.654566E-16 zr85 
   40  86  1.101521E-15 zr86 
   40  87  1.162584E-15 zr87 
   40  88  1.325514E-15 zr88 
   40  89  6.205827E-16 zr89 
   40  90  2.809187E-16 zr90 
   41  82  3.034786E-22 nb82 
   41  83  1.993899E-20 nb83 
   41  84  6.110095E-20 nb84 
   41  85  9.365753E-19 nb85 
   41  86  9.922874E-18 nb86 
   41  87  5.772358E-17 nb87 
   41  88  8.125401E-17 nb88 
   41  89  2.914764E-16 nb89 
   41  90  2.656166E-16 nb90 
   42  83  8.631244E-27 mo83 
   42  84  5.638571E-25 mo84 
   42  85  3.721180E-23 mo85 
   42  86  3.412159E-21 mo86 
   42  87  2.625878E-19 mo87 
   42  88  1.201491E-18 mo88 
   42  89  7.593261E-18 mo89 
   42  90  3.754426E-17 mo90 
   43  89  4.172099E-21 tc89 
   43  90  4.459269E-20 tc90 
   43  91  5.461940E-19 tc91 
    0   1  5.364123E-06 neut 
    1   1  6.261598E-03 prot 
    2   4  5.226238E-02 he4  
