    1   2  1.661104E-09 h2   
    1   3  1.049293E-13 h3   
    2   3  8.043737E-10 he3  
    3   6  4.415213E-13 li6  
    3   7  1.743898E-16 li7  
    4   7  2.930004E-13 be7  
    4   9  2.070848E-15 be9  
    5   8  4.623168E-18 b8   
    5   9  2.046638E-12 b9   
    5  10  2.163409E-14 b10  
    5  11  1.480506E-16 b11  
    6  11  1.714260E-12 c11  
    6  12  5.696460E-07 c12  
    6  13  3.908361E-12 c13  
    6  14  3.199258E-15 c14  
    7  12  3.656633E-17 n12  
    7  13  4.255845E-10 n13  
    7  14  1.095963E-10 n14  
    7  15  2.223747E-11 n15  
    8  14  1.424544E-11 o14  
    8  15  9.242374E-10 o15  
    8  16  1.426987E-06 o16  
    8  17  5.953311E-12 o17  
    8  18  1.332437E-15 o18  
    8  19  4.422085E-15 o19  
    9  17  2.355328E-10 f17  
    9  18  1.282263E-12 f18  
    9  19  1.163580E-13 f19  
    9  20  9.206399E-12 f20  
    9  21  4.123658E-14 f21  
   10  17  4.555657E-19 ne17 
   10  18  4.227365E-13 ne18 
   10  19  4.340740E-12 ne19 
   10  20  2.992670E-08 ne20 
   10  21  1.065477E-11 ne21 
   10  22  3.539770E-13 ne22 
   10  23  7.595610E-18 ne23 
   10  24  7.310326E-21 ne24 
   11  19  3.106265E-17 na19 
   11  20  3.610881E-15 na20 
   11  21  1.047650E-10 na21 
   11  22  9.487911E-11 na22 
   11  23  3.061336E-10 na23 
   11  24  8.951398E-14 na24 
   11  25  6.300536E-16 na25 
   11  26  9.873705E-21 na26 
   11  27  5.898208E-25 na27 
   12  20  6.961473E-21 mg20 
   12  21  1.105640E-17 mg21 
   12  22  9.942180E-12 mg22 
   12  23  1.162272E-09 mg23 
   12  24  3.492590E-06 mg24 
   12  25  7.322945E-09 mg25 
   12  26  4.755029E-10 mg26 
   12  27  7.077347E-14 mg27 
   12  28  8.666667E-17 mg28 
   12  29  1.299669E-22 mg29 
   13  22  6.287385E-23 al22 
   13  23  5.394977E-16 al23 
   13  24  7.271055E-13 al24 
   13  25  1.553514E-08 al25 
   13  26  2.518901E-08 al26 
   13  27  2.325078E-07 al27 
   13  28  2.813704E-10 al28 
   13  29  2.496790E-12 al29 
   13  30  6.078985E-17 al30 
   13  31  7.629333E-21 al31 
   14  23  6.179302E-27 si23 
   14  24  4.181887E-19 si24 
   14  25  2.689363E-15 si25 
   14  26  9.053590E-10 si26 
   14  27  1.807105E-07 si27 
   14  28  1.766657E-03 si28 
   14  29  1.071194E-05 si29 
   14  30  7.815189E-07 si30 
   14  31  2.627959E-10 si31 
   14  32  6.801671E-13 si32 
   14  33  3.685711E-18 si33 
   14  34  3.573389E-22 si34 
   15  27  2.029482E-13 p27  
   15  28  1.063561E-10 p28  
   15  29  6.440440E-06 p29  
   15  30  8.323478E-06 p30  
   15  31  2.221585E-05 p31  
   15  32  7.783306E-08 p32  
   15  33  1.374215E-09 p33  
   15  34  1.389280E-13 p34  
   15  35  1.074091E-16 p35  
   15  36  1.074694E-22 p36  
   15  37  3.423357E-27 p37  
   15  38  3.450500E-31 p38  
   16  28  4.545390E-17 s28  
   16  29  3.505189E-13 s29  
   16  30  1.280188E-07 s30  
   16  31  5.923049E-06 s31  
   16  32  2.349973E-03 s32  
   16  33  3.911887E-05 s33  
   16  34  7.803896E-06 s34  
   16  35  4.797035E-09 s35  
   16  36  4.661225E-11 s36  
   16  37  4.100403E-16 s37  
   16  38  7.170476E-20 s38  
   16  39  3.208597E-25 s39  
   16  40  3.984058E-29 s40  
   16  41  3.821656E-31 s41  
   16  42  3.952029E-31 s42  
   17  31  1.113482E-11 cl31 
   17  32  3.609323E-09 cl32 
   17  33  7.781145E-06 cl33 
   17  34  1.552627E-05 cl34 
   17  35  6.483924E-05 cl35 
   17  36  3.689851E-07 cl36 
   17  37  1.953590E-08 cl37 
   17  38  1.571867E-12 cl38 
   17  39  1.330800E-15 cl39 
   17  40  4.038237E-20 cl40 
   17  41  1.696961E-23 cl41 
   17  42  3.766267E-28 cl42 
   17  43  4.450408E-31 cl43 
   17  44  4.133300E-31 cl44 
   17  45  4.311726E-31 cl45 
   18  32  2.082703E-15 ar32 
   18  33  1.326651E-11 ar33 
   18  34  1.407072E-07 ar34 
   18  35  6.308997E-06 ar35 
   18  36  2.054751E-03 ar36 
   18  37  4.492908E-05 ar37 
   18  38  1.894652E-05 ar38 
   18  39  1.165453E-08 ar39 
   18  40  7.540976E-11 ar40 
   18  41  2.268457E-14 ar41 
   18  42  4.111557E-17 ar42 
   18  43  2.289023E-21 ar43 
   18  44  7.844952E-25 ar44 
   18  45  2.508118E-29 ar45 
   18  46  4.564111E-31 ar46 
   19  35  8.064853E-12 k35  
   19  36  3.257078E-09 k36  
   19  37  3.142608E-06 k37  
   19  38  1.750972E-05 k38  
   19  39  1.523799E-04 k39  
   19  40  5.558897E-07 k40  
   19  41  1.213957E-08 k41  
   19  42  2.891784E-11 k42  
   19  43  2.163849E-13 k43  
   19  44  9.968092E-17 k44  
   19  45  2.543031E-19 k45  
   19  46  5.241223E-23 k46  
   19  47  3.708564E-26 k47  
   19  48  6.732084E-31 k48  
   19  49  4.828074E-31 k49  
   20  36  1.987906E-15 ca36 
   20  37  6.845991E-12 ca37 
   20  38  4.393969E-08 ca38 
   20  39  5.048228E-06 ca39 
   20  40  3.542137E-03 ca40 
   20  41  6.598147E-05 ca41 
   20  42  1.057926E-05 ca42 
   20  43  1.049208E-07 ca43 
   20  44  5.721836E-09 ca44 
   20  45  1.582199E-11 ca45 
   20  46  1.915665E-13 ca46 
   20  47  2.759709E-16 ca47 
   20  48  1.578926E-18 ca48 
   20  49  2.787752E-23 ca49 
   21  40  5.348933E-10 sc40 
   21  41  2.370918E-06 sc41 
   21  42  2.575213E-06 sc42 
   21  43  1.890824E-05 sc43 
   21  44  1.381623E-06 sc44 
   21  45  4.420653E-07 sc45 
   21  46  5.669907E-09 sc46 
   21  47  2.120585E-10 sc47 
   21  48  1.087106E-12 sc48 
   21  49  1.487938E-14 sc49 
   21  50  9.760283E-19 sc50 
   21  51  5.949400E-23 sc51 
   22  41  3.187553E-13 ti41 
   22  42  5.670909E-09 ti42 
   22  43  1.833607E-07 ti43 
   22  44  3.173447E-04 ti44 
   22  45  8.943451E-05 ti45 
   22  46  1.967423E-04 ti46 
   22  47  7.952059E-06 ti47 
   22  48  1.316377E-06 ti48 
   22  49  9.900152E-09 ti49 
   22  50  3.905473E-10 ti50 
   22  51  7.561799E-14 ti51 
   22  52  2.017394E-17 ti52 
   22  53  5.224762E-22 ti53 
   23  43  1.062566E-13 v43  
   23  44  2.725018E-11 v44  
   23  45  8.194003E-07 v45  
   23  46  1.006468E-05 v46  
   23  47  4.748058E-04 v47  
   23  48  1.138114E-04 v48  
   23  49  6.980107E-05 v49  
   23  50  1.836559E-06 v50  
   23  51  2.240412E-07 v51  
   23  52  2.225523E-10 v52  
   23  53  2.567444E-13 v53  
   23  54  1.010664E-17 v54  
   23  55  1.901572E-21 v55  
   24  44  4.071392E-17 cr44 
   24  45  1.036161E-13 cr45 
   24  46  5.564204E-09 cr46 
   24  47  1.286986E-06 cr47 
   24  48  3.098084E-03 cr48 
   24  49  2.685113E-03 cr49 
   24  50  8.521969E-03 cr50 
   24  51  5.657290E-04 cr51 
   24  52  1.778315E-04 cr52 
   24  53  8.195188E-07 cr53 
   24  54  7.735277E-09 cr54 
   24  55  1.474044E-12 cr55 
   24  56  4.509727E-16 cr56 
   24  57  1.187040E-20 cr57 
   24  58  7.480039E-25 cr58 
   25  46  2.425782E-18 mn46 
   25  47  1.214541E-12 mn47 
   25  48  3.467926E-09 mn48 
   25  49  9.425036E-06 mn49 
   25  50  2.297629E-04 mn50 
   25  51  1.304178E-02 mn51 
   25  52  4.596556E-03 mn52 
   25  53  4.847627E-03 mn53 
   25  54  9.949122E-05 mn54 
   25  55  3.145295E-06 mn55 
   25  56  3.080593E-09 mn56 
   25  57  3.104782E-12 mn57 
   25  58  2.968450E-16 mn58 
   25  59  9.489305E-20 mn59 
   25  60  1.380596E-24 mn60 
   25  61  1.132197E-28 mn61 
   26  47  3.693002E-22 fe47 
   26  48  5.180374E-16 fe48 
   26  49  3.625100E-12 fe49 
   26  50  4.026824E-08 fe50 
   26  51  2.460170E-05 fe51 
   26  52  3.240567E-02 fe52 
   26  53  3.508596E-02 fe53 
   26  54  1.620498E-01 fe54 
   26  55  1.109931E-02 fe55 
   26  56  1.676949E-03 fe56 
   26  57  7.557145E-06 fe57 
   26  58  5.858929E-08 fe58 
   26  59  2.052725E-11 fe59 
   26  60  1.888175E-14 fe60 
   26  61  8.793143E-19 fe61 
   26  62  2.077847E-22 fe62 
   26  63  3.216155E-27 fe63 
   27  50  2.309967E-16 co50 
   27  51  3.323189E-11 co51 
   27  52  6.694114E-09 co52 
   27  53  2.934552E-05 co53 
   27  54  2.013913E-03 co54 
   27  55  1.663139E-01 co55 
   27  56  3.159639E-02 co56 
   27  57  9.772964E-03 co57 
   27  58  1.604783E-04 co58 
   27  59  4.458964E-06 co59 
   27  60  8.105591E-09 co60 
   27  61  2.432600E-11 co61 
   27  62  5.509016E-15 co62 
   27  63  5.420525E-18 co63 
   27  64  2.869522E-22 co64 
   27  65  7.107842E-26 co65 
   28  51  8.919806E-21 ni51 
   28  52  2.658726E-15 ni52 
   28  53  8.531761E-12 ni53 
   28  54  7.730654E-08 ni54 
   28  55  1.039532E-04 ni55 
   28  56  2.287157E-01 ni56 
   28  57  1.070880E-01 ni57 
   28  58  1.024305E-01 ni58 
   28  59  5.700418E-03 ni59 
   28  60  6.240701E-04 ni60 
   28  61  4.882339E-06 ni61 
   28  62  8.327644E-08 ni62 
   28  63  8.742337E-11 ni63 
   28  64  2.153201E-13 ni64 
   28  65  5.898768E-17 ni65 
   28  66  3.833510E-20 ni66 
   28  67  2.109983E-24 ni67 
   29  55  6.201349E-13 cu55 
   29  56  1.560213E-09 cu56 
   29  57  4.417580E-05 cu57 
   29  58  4.896216E-04 cu58 
   29  59  4.194417E-03 cu59 
   29  60  1.100761E-03 cu60 
   29  61  3.918454E-04 cu61 
   29  62  1.261263E-05 cu62 
   29  63  6.035516E-07 cu63 
   29  64  2.318321E-09 cu64 
   29  65  2.112902E-11 cu65 
   29  66  1.535590E-14 cu66 
   29  67  4.755183E-17 cu67 
   29  68  6.535679E-21 cu68 
   29  69  2.531028E-24 cu69 
   30  57  1.710172E-13 zn57 
   30  58  1.052434E-08 zn58 
   30  59  1.279684E-06 zn59 
   30  60  2.283989E-04 zn60 
   30  61  1.885175E-04 zn61 
   30  62  3.169042E-04 zn62 
   30  63  2.607533E-05 zn63 
   30  64  5.326863E-06 zn64 
   30  65  6.414850E-08 zn65 
   30  66  2.096580E-09 zn66 
   30  67  5.081350E-12 zn67 
   30  68  2.630977E-14 zn68 
   30  69  1.561595E-17 zn69 
   30  70  2.300786E-20 zn70 
   30  71  3.854159E-24 zn71 
   30  72  2.092213E-27 zn72 
   31  59  2.934336E-14 ga59 
   31  60  2.243432E-11 ga60 
   31  61  6.060498E-09 ga61 
   31  62  8.812854E-07 ga62 
   31  63  5.276446E-06 ga63 
   31  64  1.450434E-06 ga64 
   31  65  1.037849E-06 ga65 
   31  66  3.302771E-08 ga66 
   31  67  5.066539E-09 ga67 
   31  68  2.972072E-11 ga68 
   31  69  7.952494E-13 ga69 
   31  70  8.969101E-16 ga70 
   31  71  6.358713E-18 ga71 
   31  72  2.765507E-21 ga72 
   31  73  5.340337E-24 ga73 
   31  74  9.646978E-28 ga74 
   31  75  1.805652E-30 ga75 
   32  62  5.001651E-12 ge62 
   32  63  3.272953E-09 ge63 
   32  64  1.478553E-07 ge64 
   32  65  4.467085E-08 ge65 
   32  66  2.656427E-07 ge66 
   32  67  3.375527E-08 ge67 
   32  68  1.276135E-08 ge68 
   32  69  3.220456E-10 ge69 
   32  70  2.076566E-11 ge70 
   32  71  1.318892E-13 ge71 
   32  72  2.309313E-15 ge72 
   32  73  4.461460E-18 ge73 
   32  74  2.085842E-20 ge74 
   32  75  1.312934E-23 ge75 
   32  76  2.015847E-26 ge76 
   32  77  4.493539E-30 ge77 
   32  78  8.902983E-31 ge78 
   33  65  1.900646E-11 as65 
   33  66  6.043055E-10 as66 
   33  67  1.002006E-09 as67 
   33  68  6.360351E-10 as68 
   33  69  1.378060E-09 as69 
   33  70  7.787935E-11 as70 
   33  71  2.156629E-11 as71 
   33  72  2.690670E-13 as72 
   33  73  2.092851E-14 as73 
   33  74  7.128237E-17 as74 
   33  75  1.517126E-18 as75 
   33  76  2.206272E-21 as76 
   33  77  1.071643E-23 as77 
   33  78  2.595247E-27 as78 
   33  79  7.588727E-30 as79 
   34  67  2.229448E-12 se67 
   34  68  2.683597E-11 se68 
   34  69  1.946311E-11 se69 
   34  70  1.811288E-10 se70 
   34  71  8.544073E-11 se71 
   34  72  4.385444E-11 se72 
   34  73  2.385695E-12 se73 
   34  74  3.668690E-13 se74 
   34  75  4.902945E-15 se75 
   34  76  2.028015E-16 se76 
   34  77  8.677792E-19 se77 
   34  78  7.059693E-21 se78 
   34  79  1.408498E-23 se79 
   34  80  3.825522E-26 se80 
   34  81  3.343128E-29 se81 
   34  82  1.250999E-30 se82 
   34  83  6.180144E-31 se83 
   35  68  5.735955E-17 br68 
   35  69  3.666336E-15 br69 
   35  70  2.762288E-14 br70 
   35  71  1.636355E-12 br71 
   35  72  6.372933E-13 br72 
   35  73  2.699792E-12 br73 
   35  74  3.639603E-13 br74 
   35  75  2.288101E-13 br75 
   35  76  6.596938E-15 br76 
   35  77  1.065740E-15 br77 
   35  78  6.048941E-18 br78 
   35  79  2.365813E-19 br79 
   35  80  9.860257E-22 br80 
   35  81  9.247288E-24 br81 
   35  82  1.467626E-26 br82 
   35  83  5.852798E-29 br83 
   36  69  4.362623E-21 kr69 
   36  70  1.012633E-18 kr70 
   36  71  5.675573E-17 kr71 
   36  72  1.764388E-14 kr72 
   36  73  6.425614E-14 kr73 
   36  74  3.573581E-13 kr74 
   36  75  1.775779E-13 kr75 
   36  76  2.452486E-13 kr76 
   36  77  2.818937E-14 kr77 
   36  78  7.955774E-15 kr78 
   36  79  2.047416E-16 kr79 
   36  80  9.860528E-18 kr80 
   36  81  1.073906E-19 kr81 
   36  82  2.222431E-21 kr82 
   36  83  1.096990E-23 kr83 
   36  84  9.344892E-26 kr84 
   36  85  1.711974E-28 kr85 
   36  86  1.389242E-30 kr86 
   36  87  5.950888E-31 kr87 
   37  73  1.696882E-18 rb73 
   37  74  1.076898E-16 rb74 
   37  75  1.850049E-15 rb75 
   37  76  2.334207E-15 rb76 
   37  77  9.136012E-15 rb77 
   37  78  9.468911E-16 rb78 
   37  79  2.672363E-15 rb79 
   37  80  7.468995E-17 rb80 
   37  81  2.374112E-17 rb81 
   37  82  3.933833E-19 rb82 
   37  83  3.983699E-20 rb83 
   37  84  2.907775E-22 rb84 
   37  85  1.274145E-23 rb85 
   38  74  4.490328E-22 sr74 
   38  75  2.084602E-19 sr75 
   38  76  4.713122E-17 sr76 
   38  77  1.537358E-16 sr77 
   38  78  9.365437E-16 sr78 
   38  79  9.067637E-16 sr79 
   38  80  1.061907E-15 sr80 
   38  81  2.337441E-16 sr81 
   38  82  8.298531E-17 sr82 
   38  83  4.455440E-18 sr83 
   38  84  6.525949E-19 sr84 
   39  75  1.531690E-27 y75  
   39  76  2.422462E-24 y76  
   39  77  1.110984E-21 y77  
   39  78  4.955290E-20 y78  
   39  79  6.018058E-18 y79  
   39  80  2.256454E-16 y80  
   39  81  2.612620E-17 y81  
   39  82  1.004595E-17 y82  
   39  83  1.665461E-17 y83  
   39  84  1.349704E-18 y84  
   39  85  8.456869E-19 y85  
   39  86  5.437514E-20 y86  
   39  87  1.148974E-20 y87  
   40  78  1.151677E-25 zr78 
   40  79  2.431476E-23 zr79 
   40  80  1.015936E-19 zr80 
   40  81  9.351182E-20 zr81 
   40  82  2.080891E-18 zr82 
   40  83  2.048103E-18 zr83 
   40  84  1.629379E-18 zr84 
   40  85  9.087553E-19 zr85 
   40  86  8.998594E-19 zr86 
   40  87  2.205744E-19 zr87 
   40  88  7.306094E-20 zr88 
   40  89  7.386461E-21 zr89 
   40  90  1.061684E-21 zr90 
   41  82  1.259664E-22 nb82 
   41  83  9.100423E-21 nb83 
   41  84  8.623715E-21 nb84 
   41  85  1.151970E-20 nb85 
   41  86  7.508323E-20 nb86 
   41  87  1.392973E-19 nb87 
   41  88  4.531234E-20 nb88 
   41  89  5.247689E-20 nb89 
   41  90  1.175047E-20 nb90 
   42  83  8.009939E-27 mo83 
   42  84  8.397737E-25 mo84 
   42  85  1.545090E-23 mo85 
   42  86  1.009211E-22 mo86 
   42  87  7.015075E-21 mo87 
   42  88  1.013612E-20 mo88 
   42  89  1.724235E-20 mo89 
   42  90  2.864172E-20 mo90 
   43  89  8.833165E-23 tc89 
   43  90  2.712651E-22 tc90 
   43  91  1.224428E-21 tc91 
    0   1  4.235832E-07 neut 
    1   1  1.393767E-02 prot 
    2   4  3.271886E-02 he4  
