                           time                     pos                     vel                    temp                     den                    pres                    ener                    entr                      cs
      1  1.0175522000000001E-04  0.0000000000000000E+00  0.0000000000000000E+00  6.882481E+08  2.126781E+09  1.327946E+27  1.655443E+18  6.058707E+07  9.139048E+08  1.371429E+01  2.022900E-26
      2  1.0175522001017553E-04  0.0000000000000000E+00  0.0000000000000000E+00  6.882481E+08  2.126781E+09  1.327946E+27  1.655443E+18  6.058707E+07  9.139048E+08  1.371429E+01  2.022900E-26
      3  1.0175522003052657E-04  0.0000000000000000E+00  0.0000000000000000E+00  6.882481E+08  2.126781E+09  1.327946E+27  1.655443E+18  6.058707E+07  9.139048E+08  1.371429E+01  2.022901E-26
      4  1.0175522007122866E-04  0.0000000000000000E+00  0.0000000000000000E+00  6.882481E+08  2.126781E+09  1.327946E+27  1.655443E+18  6.058707E+07  9.139048E+08  1.371429E+01  2.022902E-26
      5  1.0175522015263284E-04  0.0000000000000000E+00  0.0000000000000000E+00  6.882481E+08  2.126781E+09  1.327946E+27  1.655443E+18  6.058707E+07  9.139048E+08  1.371429E+01  2.022904E-26
      6  1.0175522031544119E-04  0.0000000000000000E+00  0.0000000000000000E+00  6.882481E+08  2.126781E+09  1.327946E+27  1.655443E+18  6.058707E+07  9.139048E+08  1.371429E+01  2.022908E-26
      7  1.0175522064105789E-04  0.0000000000000000E+00  0.0000000000000000E+00  6.882481E+08  2.126781E+09  1.327946E+27  1.655443E+18  6.058707E+07  9.139048E+08  1.371429E+01  2.022916E-26
      8  1.0175522129229130E-04  0.0000000000000000E+00  0.0000000000000000E+00  6.882481E+08  2.126781E+09  1.327946E+27  1.655443E+18  6.058707E+07  9.139048E+08  1.371429E+01  2.022932E-26
      9  1.0175522259475811E-04  0.0000000000000000E+00  0.0000000000000000E+00  6.882481E+08  2.126781E+09  1.327946E+27  1.655443E+18  6.058707E+07  9.139048E+08  1.371429E+01  2.022964E-26
     10  1.0175522519969174E-04  0.0000000000000000E+00  0.0000000000000000E+00  6.882481E+08  2.126781E+09  1.327946E+27  1.655443E+18  6.058707E+07  9.139048E+08  1.371429E+01  2.023027E-26
     11  1.0175523040955900E-04  0.0000000000000000E+00  0.0000000000000000E+00  6.882481E+08  2.126781E+09  1.327946E+27  1.655443E+18  6.058707E+07  9.139048E+08  1.371429E+01  2.023155E-26
     12  1.0175524082929354E-04  0.0000000000000000E+00  0.0000000000000000E+00  6.882481E+08  2.126781E+09  1.327946E+27  1.655443E+18  6.058707E+07  9.139048E+08  1.371429E+01  2.023411E-26
     13  1.0175526166876259E-04  0.0000000000000000E+00  0.0000000000000000E+00  6.882481E+08  2.126781E+09  1.327946E+27  1.655443E+18  6.058707E+07  9.139048E+08  1.371429E+01  2.023922E-26
     14  1.0175530334770070E-04  0.0000000000000000E+00  0.0000000000000000E+00  6.882481E+08  2.126781E+09  1.327946E+27  1.655443E+18  6.058707E+07  9.139048E+08  1.371429E+01  2.024943E-26
     15  1.0175538670557692E-04  0.0000000000000000E+00  0.0000000000000000E+00  6.882481E+08  2.126781E+09  1.327946E+27  1.655443E+18  6.058707E+07  9.139048E+08  1.371429E+01  2.026987E-26
     16  1.0175555342132937E-04  0.0000000000000000E+00  0.0000000000000000E+00  6.882481E+08  2.126781E+09  1.327946E+27  1.655443E+18  6.058707E+07  9.139048E+08  1.371429E+01  2.031074E-26
     17  1.0175588685283427E-04  0.0000000000000000E+00  0.0000000000000000E+00  6.882481E+08  2.126781E+09  1.327946E+27  1.655443E+18  6.058707E+07  9.139048E+08  1.371429E+01  2.039249E-26
     18  1.0175655371584406E-04  0.0000000000000000E+00  0.0000000000000000E+00  6.882481E+08  2.126781E+09  1.327946E+27  1.655443E+18  6.058707E+07  9.139048E+08  1.371429E+01  2.055605E-26
     19  1.0175788744186364E-04  0.0000000000000000E+00  0.0000000000000000E+00  6.882481E+08  2.126781E+09  1.327946E+27  1.655443E+18  6.058707E+07  9.139048E+08  1.371429E+01  2.088320E-26
     20  1.0176055489390281E-04  0.0000000000000000E+00  0.0000000000000000E+00  6.882481E+08  2.126781E+09  1.327946E+27  1.655443E+18  6.058707E+07  9.139048E+08  1.371429E+01  2.153694E-26
     21  1.0176588979798114E-04  0.0000000000000000E+00  0.0000000000000000E+00  6.882481E+08  2.126781E+09  1.327946E+27  1.655443E+18  6.058707E+07  9.139048E+08  1.371429E+01  2.282486E-26
     22  1.0177655960613782E-04  0.0000000000000000E+00  0.0000000000000000E+00  6.882481E+08  2.126781E+09  1.327946E+27  1.655443E+18  6.058707E+07  9.139048E+08  1.371429E+01  2.526213E-26
     23  1.0179789922245117E-04  0.0000000000000000E+00  0.0000000000000000E+00  6.882481E+08  2.126781E+09  1.327946E+27  1.655443E+18  6.058707E+07  9.139048E+08  1.371429E+01  2.950202E-26
     24  1.0184057845507785E-04  0.0000000000000000E+00  0.0000000000000000E+00  6.882481E+08  2.126781E+09  1.327946E+27  1.655443E+18  6.058707E+07  9.139048E+08  1.371429E+01  3.603667E-26
     25  1.0192593692033123E-04  0.0000000000000000E+00  0.0000000000000000E+00  6.882481E+08  2.126781E+09  1.327946E+27  1.655443E+18  6.058707E+07  9.139048E+08  1.371429E+01  4.498230E-26
     26  1.0209665385083798E-04  0.0000000000000000E+00  0.0000000000000000E+00  6.882481E+08  2.126781E+09  1.327946E+27  1.655443E+18  6.058707E+07  9.139048E+08  1.371429E+01  5.616659E-26
     27  1.0243808771185149E-04  0.0000000000000000E+00  0.0000000000000000E+00  6.882481E+08  2.126781E+09  1.327946E+27  1.655443E+18  6.058707E+07  9.139048E+08  1.371429E+01  6.923236E-26
     28  1.0312095543387850E-04  0.0000000000000000E+00  0.0000000000000000E+00  6.882481E+08  2.126781E+09  1.327946E+27  1.655443E+18  6.058707E+07  9.139048E+08  1.371429E+01  8.381513E-26
     29  1.0448669087793252E-04  0.0000000000000000E+00  0.0000000000000000E+00  6.882481E+08  2.126781E+09  1.327946E+27  1.655443E+18  6.058707E+07  9.139048E+08  1.371429E+01  9.972487E-26
     30  1.0721816176604055E-04  0.0000000000000000E+00  0.0000000000000000E+00  6.882482E+08  2.126781E+09  1.327946E+27  1.655443E+18  6.058707E+07  9.139048E+08  1.371429E+01  1.169570E-25
     31  1.1268110354225661E-04  0.0000000000000000E+00  0.0000000000000000E+00  6.882482E+08  2.126781E+09  1.327946E+27  1.655443E+18  6.058707E+07  9.139048E+08  1.371429E+01  1.355974E-25
     32  1.2360698709468874E-04  0.0000000000000000E+00  0.0000000000000000E+00  6.882484E+08  2.126781E+09  1.327946E+27  1.655443E+18  6.058708E+07  9.139048E+08  1.371429E+01  1.557432E-25
     33  1.4545875419955299E-04  0.0000000000000000E+00  0.0000000000000000E+00  6.882486E+08  2.126781E+09  1.327947E+27  1.655443E+18  6.058708E+07  9.139048E+08  1.371429E+01  1.774626E-25
     34  1.8916228840928150E-04  0.0000000000000000E+00  0.0000000000000000E+00  6.882492E+08  2.126782E+09  1.327947E+27  1.655443E+18  6.058709E+07  9.139049E+08  1.371429E+01  2.007740E-25
     35  2.7656935682873854E-04  0.0000000000000000E+00  0.0000000000000000E+00  6.882503E+08  2.126783E+09  1.327948E+27  1.655443E+18  6.058712E+07  9.139050E+08  1.371429E+01  2.256594E-25
     36  4.5138349366765263E-04  0.0000000000000000E+00  0.0000000000000000E+00  6.882527E+08  2.126786E+09  1.327951E+27  1.655443E+18  6.058716E+07  9.139052E+08  1.371429E+01  2.520175E-25
     37  8.0101176734548069E-04  0.0000000000000000E+00  0.0000000000000000E+00  6.882583E+08  2.126797E+09  1.327960E+27  1.655443E+18  6.058725E+07  9.139060E+08  1.371429E+01  2.796718E-25
     38  1.5002683147011370E-03  0.0000000000000000E+00  0.0000000000000000E+00  6.882719E+08  2.126830E+09  1.327987E+27  1.655443E+18  6.058745E+07  9.139084E+08  1.371429E+01  3.083904E-25
     39  2.8987814094124497E-03  0.0000000000000000E+00  0.0000000000000000E+00  6.882923E+08  2.126858E+09  1.328011E+27  1.655443E+18  6.058784E+07  9.139106E+08  1.371429E+01  3.377388E-25
     40  5.6958075988350742E-03  0.0000000000000000E+00  0.0000000000000000E+00  6.883159E+08  2.126777E+09  1.327944E+27  1.655443E+18  6.058875E+07  9.139050E+08  1.371429E+01  3.666963E-25
     41  1.1289859977680325E-02  0.0000000000000000E+00  0.0000000000000000E+00  6.883182E+08  2.126255E+09  1.327509E+27  1.655443E+18  6.059094E+07  9.138678E+08  1.371429E+01  3.934934E-25
     42  2.1289859754162907E-02  0.0000000000000000E+00  0.0000000000000000E+00  6.874462E+08  2.120261E+09  1.322495E+27  1.655443E+18  6.059397E+07  9.134333E+08  1.371430E+01  4.177150E-25
     43  3.1289859530645489E-02  0.0000000000000000E+00  0.0000000000000000E+00  6.874698E+08  2.119620E+09  1.321961E+27  1.655443E+18  6.059717E+07  9.133877E+08  1.371430E+01  4.443666E-25
     44  4.1289859307128071E-02  0.0000000000000000E+00  0.0000000000000000E+00  6.875772E+08  2.119262E+09  1.321665E+27  1.655444E+18  6.060128E+07  9.133628E+08  1.371430E+01  4.725027E-25
     45  5.1289859083610653E-02  0.0000000000000000E+00  0.0000000000000000E+00  6.876276E+08  2.118477E+09  1.321012E+27  1.655444E+18  6.060574E+07  9.133069E+08  1.371431E+01  5.014330E-25
     46  6.1289858860093235E-02  0.0000000000000000E+00  0.0000000000000000E+00  6.876133E+08  2.117180E+09  1.319931E+27  1.655444E+18  6.061071E+07  9.132140E+08  1.371431E+01  5.307706E-25
     47  7.1289858636575817E-02  0.0000000000000000E+00  0.0000000000000000E+00  6.876896E+08  2.116618E+09  1.319464E+27  1.655444E+18  6.061489E+07  9.131743E+08  1.371432E+01  5.603355E-25
     48  8.1289858413058400E-02  0.0000000000000000E+00  0.0000000000000000E+00  6.878078E+08  2.116474E+09  1.319347E+27  1.655444E+18  6.061838E+07  9.131648E+08  1.371432E+01  5.900287E-25
     49  9.1289858189540982E-02  0.0000000000000000E+00  0.0000000000000000E+00  6.879199E+08  2.116599E+09  1.319453E+27  1.655444E+18  6.062062E+07  9.131746E+08  1.371433E+01  6.197809E-25
     50  1.0128985796602356E-01  0.0000000000000000E+00  0.0000000000000000E+00  6.879666E+08  2.116706E+09  1.319542E+27  1.655444E+18  6.062132E+07  9.131825E+08  1.371433E+01  6.495590E-25
     51  1.1128985774250615E-01  0.0000000000000000E+00  0.0000000000000000E+00  6.875585E+08  2.114798E+09  1.317946E+27  1.655445E+18  6.061908E+07  9.130429E+08  1.371433E+01  6.792977E-25
     52  1.2128985751898873E-01  0.0000000000000000E+00  0.0000000000000000E+00  6.873860E+08  2.115049E+09  1.318152E+27  1.655445E+18  6.061377E+07  9.130597E+08  1.371434E+01  7.090258E-25
     53  1.3128985729547132E-01  0.0000000000000000E+00  0.0000000000000000E+00  6.876903E+08  2.119211E+09  1.321624E+27  1.655445E+18  6.060415E+07  9.133599E+08  1.371434E+01  7.388450E-25
     54  1.4128985707195391E-01  0.0000000000000000E+00  0.0000000000000000E+00  6.870545E+08  2.118523E+09  1.321040E+27  1.655445E+18  6.059125E+07  9.133062E+08  1.371435E+01  7.685593E-25
     55  1.5128985684843649E-01  0.0000000000000000E+00  0.0000000000000000E+00  6.861319E+08  2.117973E+09  1.320565E+27  1.655445E+18  6.057068E+07  9.132602E+08  1.371435E+01  7.981842E-25
     56  1.6128985662491907E-01  0.0000000000000000E+00  0.0000000000000000E+00  6.851043E+08  2.117938E+09  1.320516E+27  1.655445E+18  6.054536E+07  9.132503E+08  1.371436E+01  8.277692E-25
     57  1.7128985640140165E-01  0.0000000000000000E+00  0.0000000000000000E+00  6.838143E+08  2.117847E+09  1.320417E+27  1.655445E+18  6.051373E+07  9.132347E+08  1.371436E+01  8.572905E-25
     58  1.8128985617788423E-01  0.0000000000000000E+00  0.0000000000000000E+00  6.822090E+08  2.117879E+09  1.320414E+27  1.655446E+18  6.047371E+07  9.132255E+08  1.371436E+01  8.867289E-25
     59  1.9128985595436682E-01  0.0000000000000000E+00  0.0000000000000000E+00  6.802214E+08  2.117779E+09  1.320294E+27  1.655446E+18  6.042462E+07  9.132042E+08  1.371437E+01  9.160642E-25
     60  2.0128985573084940E-01  0.0000000000000000E+00  0.0000000000000000E+00  6.778069E+08  2.117838E+09  1.320299E+27  1.655446E+18  6.036409E+07  9.131913E+08  1.371437E+01  9.452688E-25
     61  2.1128985550733198E-01  0.0000000000000000E+00  0.0000000000000000E+00  6.748555E+08  2.117225E+09  1.319734E+27  1.655446E+18  6.029268E+07  9.131264E+08  1.371437E+01  9.743244E-25
     62  2.2128985528381456E-01  0.0000000000000000E+00  0.0000000000000000E+00  6.713539E+08  2.117019E+09  1.319498E+27  1.655446E+18  6.020547E+07  9.130867E+08  1.371438E+01  1.003201E-24
     63  2.3128985506029714E-01  0.0000000000000000E+00  0.0000000000000000E+00  6.671620E+08  2.116340E+09  1.318855E+27  1.655446E+18  6.010234E+07  9.130083E+08  1.371438E+01  1.031874E-24
     64  2.4128985483677973E-01  0.0000000000000000E+00  0.0000000000000000E+00  6.621222E+08  2.115640E+09  1.318179E+27  1.655446E+18  5.997714E+07  9.129222E+08  1.371438E+01  1.060291E-24
     65  2.5128985461326231E-01  0.0000000000000000E+00  0.0000000000000000E+00  6.561372E+08  2.115134E+09  1.317649E+27  1.655446E+18  5.982607E+07  9.128435E+08  1.371438E+01  1.088411E-24
     66  2.6128985438974489E-01  0.0000000000000000E+00  0.0000000000000000E+00  6.490311E+08  2.114262E+09  1.316792E+27  1.655446E+18  5.964628E+07  9.127305E+08  1.371438E+01  1.116193E-24
     67  2.7128985416622747E-01  0.0000000000000000E+00  0.0000000000000000E+00  6.407596E+08  2.113442E+09  1.315959E+27  1.655446E+18  5.943407E+07  9.126130E+08  1.371438E+01  1.143580E-24
     68  2.8128985394271006E-01  0.0000000000000000E+00  0.0000000000000000E+00  6.408655E+08  2.111848E+09  1.314635E+27  1.655446E+18  5.944336E+07  9.124993E+08  1.371438E+01  1.171234E-24
     69  2.9128985371919264E-01  0.0000000000000000E+00  0.0000000000000000E+00  6.454043E+08  2.110181E+09  1.313331E+27  1.655446E+18  5.956875E+07  9.124118E+08  1.371439E+01  1.200276E-24
     70  3.0128985349567522E-01  0.0000000000000000E+00  0.0000000000000000E+00  6.499342E+08  2.108228E+09  1.311790E+27  1.655446E+18  5.969439E+07  9.123036E+08  1.371439E+01  1.229431E-24
     71  3.1128985327215780E-01  0.0000000000000000E+00  0.0000000000000000E+00  6.541138E+08  2.104955E+09  1.309145E+27  1.655446E+18  5.981579E+07  9.120978E+08  1.371439E+01  1.258656E-24
     72  3.2128985304864038E-01  0.0000000000000000E+00  0.0000000000000000E+00  6.584291E+08  2.102352E+09  1.307061E+27  1.655446E+18  5.993736E+07  9.119410E+08  1.371439E+01  1.287980E-24
     73  3.3128985282512297E-01  0.0000000000000000E+00  0.0000000000000000E+00  6.626774E+08  2.100372E+09  1.305494E+27  1.655447E+18  6.005407E+07  9.118285E+08  1.371439E+01  1.317444E-24
     74  3.4128985260160555E-01  0.0000000000000000E+00  0.0000000000000000E+00  6.663482E+08  2.096283E+09  1.302166E+27  1.655447E+18  6.016431E+07  9.115596E+08  1.371439E+01  1.346982E-24
     75  3.5128985237808813E-01  0.0000000000000000E+00  0.0000000000000000E+00  6.695868E+08  2.092064E+09  1.298724E+27  1.655447E+18  6.026380E+07  9.112777E+08  1.371440E+01  1.376490E-24
     76  3.6128985215457071E-01  0.0000000000000000E+00  0.0000000000000000E+00  6.735928E+08  2.093810E+09  1.300244E+27  1.655447E+18  6.035754E+07  9.114325E+08  1.371440E+01  1.406244E-24
     77  3.7128985193105329E-01  0.0000000000000000E+00  0.0000000000000000E+00  6.797831E+08  2.090240E+09  1.297396E+27  1.655447E+18  6.052745E+07  9.112184E+08  1.371440E+01  1.436319E-24
     78  3.8128985170753588E-01  0.0000000000000000E+00  0.0000000000000000E+00  6.813173E+08  2.079306E+09  1.288363E+27  1.655447E+18  6.061135E+07  9.104360E+08  1.371440E+01  1.466172E-24
     79  3.9128985148401846E-01  0.0000000000000000E+00  0.0000000000000000E+00  6.842269E+08  2.079154E+09  1.288290E+27  1.655447E+18  6.068435E+07  9.104458E+08  1.371441E+01  1.495922E-24
     80  4.0128985126050104E-01  0.0000000000000000E+00  0.0000000000000000E+00  6.904744E+08  2.080368E+09  1.289409E+27  1.655447E+18  6.083382E+07  9.105788E+08  1.371441E+01  1.526499E-24
     81  4.1128985103698362E-01  0.0000000000000000E+00  0.0000000000000000E+00  6.956762E+08  2.069378E+09  1.280410E+27  1.655447E+18  6.100785E+07  9.098156E+08  1.371442E+01  1.557148E-24
     82  4.2128985081346620E-01  0.0000000000000000E+00  0.0000000000000000E+00  7.144999E+08  2.056958E+09  1.270491E+27  1.655448E+18  6.151685E+07  9.090420E+08  1.371442E+01  1.589939E-24
     83  4.3128985058994879E-01  0.0000000000000000E+00  0.0000000000000000E+00  7.427916E+08  2.056024E+09  1.270231E+27  1.655448E+18  6.218892E+07  9.091772E+08  1.371444E+01  1.625144E-24
     84  4.4128985036643137E-01  0.0000000000000000E+00  0.0000000000000000E+00  7.763336E+08  2.057870E+09  1.272365E+27  1.655450E+18  6.294718E+07  9.095551E+08  1.371448E+01  1.751683E-24
     85  4.4128985136643134E-01  0.0000000000000000E+00  0.0000000000000000E+00  7.763336E+08  2.057870E+09  1.272365E+27  1.655450E+18  6.294718E+07  9.095551E+08  1.371448E+01  1.752093E-24
     86  4.4128985336643128E-01  0.0000000000000000E+00  0.0000000000000000E+00  7.763336E+08  2.057870E+09  1.272365E+27  1.655450E+18  6.294718E+07  9.095551E+08  1.371448E+01  1.752911E-24
     87  4.4128985736643117E-01  0.0000000000000000E+00  0.0000000000000000E+00  7.763336E+08  2.057870E+09  1.272365E+27  1.655450E+18  6.294718E+07  9.095551E+08  1.371448E+01  1.754513E-24
     88  4.4128986536643100E-01  0.0000000000000000E+00  0.0000000000000000E+00  7.763336E+08  2.057870E+09  1.272365E+27  1.655450E+18  6.294718E+07  9.095551E+08  1.371448E+01  1.757498E-24
     89  4.4128988136643066E-01  0.0000000000000000E+00  0.0000000000000000E+00  7.763337E+08  2.057870E+09  1.272365E+27  1.655450E+18  6.294719E+07  9.095551E+08  1.371448E+01  1.762556E-24
     90  4.4128991336642992E-01  0.0000000000000000E+00  0.0000000000000000E+00  7.763338E+08  2.057870E+09  1.272365E+27  1.655450E+18  6.294719E+07  9.095551E+08  1.371448E+01  1.770128E-24
     91  4.4128997736642850E-01  0.0000000000000000E+00  0.0000000000000000E+00  7.763340E+08  2.057870E+09  1.272365E+27  1.655450E+18  6.294719E+07  9.095551E+08  1.371448E+01  1.780243E-24
     92  4.4129010536642566E-01  0.0000000000000000E+00  0.0000000000000000E+00  7.763345E+08  2.057870E+09  1.272365E+27  1.655450E+18  6.294720E+07  9.095551E+08  1.371448E+01  1.792639E-24
     93  4.4129036136641991E-01  0.0000000000000000E+00  0.0000000000000000E+00  7.763354E+08  2.057870E+09  1.272365E+27  1.655450E+18  6.294723E+07  9.095551E+08  1.371448E+01  1.806955E-24
     94  4.4129087336640849E-01  0.0000000000000000E+00  0.0000000000000000E+00  7.763373E+08  2.057870E+09  1.272365E+27  1.655450E+18  6.294727E+07  9.095551E+08  1.371448E+01  1.822963E-24
     95  4.4129189736638558E-01  0.0000000000000000E+00  0.0000000000000000E+00  7.763410E+08  2.057870E+09  1.272365E+27  1.655450E+18  6.294735E+07  9.095552E+08  1.371448E+01  1.840603E-24
     96  4.4129394536633981E-01  0.0000000000000000E+00  0.0000000000000000E+00  7.763484E+08  2.057870E+09  1.272365E+27  1.655450E+18  6.294752E+07  9.095552E+08  1.371448E+01  1.859914E-24
     97  4.4129804136624828E-01  0.0000000000000000E+00  0.0000000000000000E+00  7.763633E+08  2.057870E+09  1.272365E+27  1.655450E+18  6.294785E+07  9.095553E+08  1.371448E+01  1.880954E-24
     98  4.4130623336606517E-01  0.0000000000000000E+00  0.0000000000000000E+00  7.763930E+08  2.057869E+09  1.272364E+27  1.655450E+18  6.294852E+07  9.095554E+08  1.371448E+01  1.903763E-24
     99  4.4132261736569894E-01  0.0000000000000000E+00  0.0000000000000000E+00  7.764525E+08  2.057867E+09  1.272364E+27  1.655450E+18  6.294987E+07  9.095558E+08  1.371448E+01  1.928319E-24
    100  4.4135538536496655E-01  0.0000000000000000E+00  0.0000000000000000E+00  7.765715E+08  2.057865E+09  1.272364E+27  1.655450E+18  6.295255E+07  9.095564E+08  1.371448E+01  1.954525E-24
    101  4.4142092136350169E-01  0.0000000000000000E+00  0.0000000000000000E+00  7.768094E+08  2.057859E+09  1.272364E+27  1.655450E+18  6.295791E+07  9.095577E+08  1.371448E+01  1.982221E-24
    102  4.4155199336057199E-01  0.0000000000000000E+00  0.0000000000000000E+00  7.772759E+08  2.057832E+09  1.272350E+27  1.655450E+18  6.296849E+07  9.095592E+08  1.371448E+01  2.011241E-24
    103  4.4181413735471264E-01  0.0000000000000000E+00  0.0000000000000000E+00  7.782083E+08  2.057778E+09  1.272323E+27  1.655450E+18  6.298962E+07  9.095620E+08  1.371448E+01  2.041441E-24
    104  4.4233842534299389E-01  0.0000000000000000E+00  0.0000000000000000E+00  7.800699E+08  2.057654E+09  1.272254E+27  1.655450E+18  6.303183E+07  9.095663E+08  1.371449E+01  2.072672E-24
    105  4.4338700131955638E-01  0.0000000000000000E+00  0.0000000000000000E+00  8.119532E+08  2.060282E+09  1.275009E+27  1.655450E+18  6.372251E+07  9.099905E+08  1.371449E+01  2.180087E-24
    106  4.4338701897596944E-01  0.0000000000000000E+00  0.0000000000000000E+00  8.119551E+08  2.060283E+09  1.275009E+27  1.655450E+18  6.372255E+07  9.099905E+08  1.371449E+01  2.188761E-24
    107  4.4338705428879549E-01  0.0000000000000000E+00  0.0000000000000000E+00  8.119591E+08  2.060283E+09  1.275010E+27  1.655450E+18  6.372264E+07  9.099905E+08  1.371449E+01  2.197584E-24
    108  4.4338712491444765E-01  0.0000000000000000E+00  0.0000000000000000E+00  8.119670E+08  2.060284E+09  1.275011E+27  1.655450E+18  6.372281E+07  9.099907E+08  1.371449E+01  2.208910E-24
    109  4.4338726616575191E-01  0.0000000000000000E+00  0.0000000000000000E+00  8.119829E+08  2.060285E+09  1.275012E+27  1.655450E+18  6.372314E+07  9.099909E+08  1.371449E+01  2.222438E-24
    110  4.4338754866836044E-01  0.0000000000000000E+00  0.0000000000000000E+00  8.120147E+08  2.060289E+09  1.275015E+27  1.655450E+18  6.372382E+07  9.099914E+08  1.371449E+01  2.237871E-24
    111  4.4338811367357750E-01  0.0000000000000000E+00  0.0000000000000000E+00  8.120782E+08  2.060295E+09  1.275022E+27  1.655450E+18  6.372517E+07  9.099923E+08  1.371449E+01  2.255079E-24
    112  4.4338924368401167E-01  0.0000000000000000E+00  0.0000000000000000E+00  8.122053E+08  2.060308E+09  1.275035E+27  1.655450E+18  6.372786E+07  9.099942E+08  1.371449E+01  2.274058E-24
    113  4.4339150370487995E-01  0.0000000000000000E+00  0.0000000000000000E+00  8.124593E+08  2.060334E+09  1.275061E+27  1.655450E+18  6.373326E+07  9.099980E+08  1.371449E+01  2.294857E-24
    114  4.4339602374661657E-01  0.0000000000000000E+00  0.0000000000000000E+00  8.129675E+08  2.060387E+09  1.275114E+27  1.655450E+18  6.374404E+07  9.100055E+08  1.371449E+01  2.317529E-24
    115  4.4340506383008976E-01  0.0000000000000000E+00  0.0000000000000000E+00  8.139839E+08  2.060491E+09  1.275219E+27  1.655450E+18  6.376559E+07  9.100205E+08  1.371449E+01  2.342081E-24
    116  4.4342314399703614E-01  0.0000000000000000E+00  0.0000000000000000E+00  8.160166E+08  2.060701E+09  1.275430E+27  1.655450E+18  6.380862E+07  9.100507E+08  1.371450E+01  2.368480E-24
    117  4.4345930433092889E-01  0.0000000000000000E+00  0.0000000000000000E+00  8.200820E+08  2.061120E+09  1.275851E+27  1.655450E+18  6.389444E+07  9.101109E+08  1.371450E+01  2.396695E-24
    118  4.4353162499871440E-01  0.0000000000000000E+00  0.0000000000000000E+00  8.282129E+08  2.061957E+09  1.276693E+27  1.655450E+18  6.406507E+07  9.102314E+08  1.371450E+01  2.426844E-24
    119  4.4367626633428547E-01  0.0000000000000000E+00  0.0000000000000000E+00  8.444745E+08  2.063632E+09  1.278378E+27  1.655450E+18  6.440239E+07  9.104726E+08  1.371450E+01  2.459425E-24
    120  4.4396554900542762E-01  0.0000000000000000E+00  0.0000000000000000E+00  8.769979E+08  2.066982E+09  1.281755E+27  1.655451E+18  6.506207E+07  9.109554E+08  1.371452E+01  2.495720E-24
    121  4.4396554906328417E-01  0.0000000000000000E+00  0.0000000000000000E+00  8.769979E+08  2.066982E+09  1.281755E+27  1.655451E+18  6.506207E+07  9.109554E+08  1.371452E+01  2.495761E-24
    122  4.4396554917899722E-01  0.0000000000000000E+00  0.0000000000000000E+00  8.769979E+08  2.066982E+09  1.281755E+27  1.655451E+18  6.506207E+07  9.109554E+08  1.371452E+01  2.495842E-24
    123  4.4396554941042338E-01  0.0000000000000000E+00  0.0000000000000000E+00  8.769980E+08  2.066982E+09  1.281755E+27  1.655451E+18  6.506207E+07  9.109554E+08  1.371452E+01  2.496003E-24
    124  4.4396554987327563E-01  0.0000000000000000E+00  0.0000000000000000E+00  8.769980E+08  2.066982E+09  1.281755E+27  1.655451E+18  6.506207E+07  9.109554E+08  1.371452E+01  2.496327E-24
    125  4.4396555079898020E-01  0.0000000000000000E+00  0.0000000000000000E+00  8.769981E+08  2.066982E+09  1.281755E+27  1.655451E+18  6.506207E+07  9.109554E+08  1.371452E+01  2.496974E-24
    126  4.4396555265038928E-01  0.0000000000000000E+00  0.0000000000000000E+00  8.769983E+08  2.066982E+09  1.281755E+27  1.655451E+18  6.506208E+07  9.109554E+08  1.371452E+01  2.498255E-24
    127  4.4396555635320745E-01  0.0000000000000000E+00  0.0000000000000000E+00  8.769987E+08  2.066982E+09  1.281755E+27  1.655451E+18  6.506208E+07  9.109554E+08  1.371452E+01  2.500707E-24
    128  4.4396556375884383E-01  0.0000000000000000E+00  0.0000000000000000E+00  8.769996E+08  2.066982E+09  1.281755E+27  1.655451E+18  6.506210E+07  9.109554E+08  1.371452E+01  2.505070E-24
    129  4.4396557857011659E-01  0.0000000000000000E+00  0.0000000000000000E+00  8.770012E+08  2.066982E+09  1.281755E+27  1.655451E+18  6.506213E+07  9.109554E+08  1.371452E+01  2.511987E-24
    130  4.4396560819266212E-01  0.0000000000000000E+00  0.0000000000000000E+00  8.770046E+08  2.066983E+09  1.281756E+27  1.655451E+18  6.506220E+07  9.109555E+08  1.371452E+01  2.521670E-24
    131  4.4396566743775318E-01  0.0000000000000000E+00  0.0000000000000000E+00  8.770112E+08  2.066983E+09  1.281756E+27  1.655451E+18  6.506233E+07  9.109556E+08  1.371452E+01  2.533963E-24
    132  4.4396578592793529E-01  0.0000000000000000E+00  0.0000000000000000E+00  8.770245E+08  2.066985E+09  1.281758E+27  1.655451E+18  6.506260E+07  9.109557E+08  1.371452E+01  2.548549E-24
    133  4.4396602290829951E-01  0.0000000000000000E+00  0.0000000000000000E+00  8.770512E+08  2.066987E+09  1.281761E+27  1.655451E+18  6.506313E+07  9.109561E+08  1.371452E+01  2.565209E-24
    134  4.4396649686902789E-01  0.0000000000000000E+00  0.0000000000000000E+00  8.771045E+08  2.066993E+09  1.281766E+27  1.655451E+18  6.506420E+07  9.109569E+08  1.371452E+01  2.583857E-24
    135  4.4396744479048467E-01  0.0000000000000000E+00  0.0000000000000000E+00  8.772111E+08  2.067004E+09  1.281777E+27  1.655451E+18  6.506633E+07  9.109585E+08  1.371452E+01  2.604493E-24
    136  4.4396934063339827E-01  0.0000000000000000E+00  0.0000000000000000E+00  8.774242E+08  2.067026E+09  1.281799E+27  1.655451E+18  6.507059E+07  9.109617E+08  1.371452E+01  2.627136E-24
    137  4.4397313231922547E-01  0.0000000000000000E+00  0.0000000000000000E+00  8.778505E+08  2.067070E+09  1.281844E+27  1.655451E+18  6.507910E+07  9.109680E+08  1.371452E+01  2.651754E-24
    138  4.4398071569087988E-01  0.0000000000000000E+00  0.0000000000000000E+00  8.787031E+08  2.067158E+09  1.281932E+27  1.655451E+18  6.509612E+07  9.109807E+08  1.371452E+01  2.678249E-24
    139  4.4399588243418864E-01  0.0000000000000000E+00  0.0000000000000000E+00  9.965858E+08  2.068072E+09  1.284916E+27  1.655452E+18  6.738774E+07  9.119203E+08  1.371453E+01  2.801956E-24
    140  4.4399891578285039E-01  0.0000000000000000E+00  0.0000000000000000E+00  1.021328E+09  2.068263E+09  1.285548E+27  1.655452E+18  6.784352E+07  9.121193E+08  1.371454E+01  2.892900E-24
    141  4.4400498248017389E-01  0.0000000000000000E+00  0.0000000000000000E+00  1.070811E+09  2.068643E+09  1.286818E+27  1.655453E+18  6.873225E+07  9.125194E+08  1.371457E+01  3.000913E-24
    142  4.4401711587482090E-01  0.0000000000000000E+00  0.0000000000000000E+00  1.169779E+09  2.069405E+09  1.289388E+27  1.655463E+18  7.042769E+07  9.133279E+08  1.371485E+01  3.136966E-24
    143  4.4401954255375031E-01  0.0000000000000000E+00  0.0000000000000000E+00  1.189572E+09  2.069557E+09  1.289907E+27  1.655468E+18  7.075478E+07  9.134908E+08  1.371500E+01  3.241873E-24
    144  4.4402439591160914E-01  0.0000000000000000E+00  0.0000000000000000E+00  1.229159E+09  2.069861E+09  1.290948E+27  1.655486E+18  7.139763E+07  9.138180E+08  1.371549E+01  3.358573E-24
    145  4.4402536658318092E-01  0.0000000000000000E+00  0.0000000000000000E+00  1.237076E+09  2.069922E+09  1.291157E+27  1.655492E+18  7.152439E+07  9.138837E+08  1.371564E+01  3.456779E-24
    146  4.4402730792632444E-01  0.0000000000000000E+00  0.0000000000000000E+00  1.252911E+09  2.070044E+09  1.291576E+27  1.655505E+18  7.177611E+07  9.140151E+08  1.371599E+01  3.489783E-24
    147  4.4403119061261148E-01  0.0000000000000000E+00  0.0000000000000000E+00  1.284581E+09  2.070288E+09  1.292415E+27  1.655545E+18  7.227217E+07  9.142785E+08  1.371704E+01  3.605046E-24
    148  4.4403196714986887E-01  0.0000000000000000E+00  0.0000000000000000E+00  1.290915E+09  2.070336E+09  1.292584E+27  1.655556E+18  7.237016E+07  9.143313E+08  1.371733E+01  3.704794E-24
    149  4.4403352022438369E-01  0.0000000000000000E+00  0.0000000000000000E+00  1.303582E+09  2.070434E+09  1.292920E+27  1.655581E+18  7.256488E+07  9.144369E+08  1.371798E+01  3.737027E-24
    150  4.4403662637341335E-01  0.0000000000000000E+00  0.0000000000000000E+00  1.328918E+09  2.070629E+09  1.293595E+27  1.655652E+18  7.294897E+07  9.146483E+08  1.371975E+01  3.849639E-24
    151  4.4404283867147260E-01  0.0000000000000000E+00  0.0000000000000000E+00  1.379589E+09  2.071019E+09  1.294945E+27  1.655929E+18  7.369256E+07  9.150707E+08  1.372609E+01  4.126617E-24
    152  4.4404404865817171E-01  0.0000000000000000E+00  0.0000000000000000E+00  1.389459E+09  2.071095E+09  1.295208E+27  1.656017E+18  7.383287E+07  9.151527E+08  1.372796E+01  4.370311E-24
    153  4.4404599276055085E-01  0.0000000000000000E+00  0.0000000000000000E+00  1.405316E+09  2.071217E+09  1.295629E+27  1.656197E+18  7.405461E+07  9.152842E+08  1.373158E+01  4.474276E-24
    154  4.4404988096530906E-01  0.0000000000000000E+00  0.0000000000000000E+00  1.437031E+09  2.071461E+09  1.296468E+27  1.656744E+18  7.448197E+07  9.155452E+08  1.374171E+01  4.558636E-24
    155  4.4405765737482555E-01  0.0000000000000000E+00  0.0000000000000000E+00  1.500460E+09  2.071949E+09  1.298110E+27  1.659017E+18  7.524538E+07  9.160524E+08  1.378066E+01  4.775603E-24
    156  4.4405906853064381E-01  0.0000000000000000E+00  0.0000000000000000E+00  1.511970E+09  2.072037E+09  1.298400E+27  1.659668E+18  7.536572E+07  9.161410E+08  1.379175E+01  5.036646E-24
    157  4.4406189084228032E-01  0.0000000000000000E+00  0.0000000000000000E+00  1.534990E+09  2.072214E+09  1.298967E+27  1.661273E+18  7.558379E+07  9.163132E+08  1.381916E+01  5.144116E-24
    158  4.4406753546555328E-01  0.0000000000000000E+00  0.0000000000000000E+00  1.581031E+09  2.072568E+09  1.300035E+27  1.666063E+18  7.590423E+07  9.166314E+08  1.390166E+01  5.253866E-24
    159  4.4406866439020787E-01  0.0000000000000000E+00  0.0000000000000000E+00  1.590240E+09  2.072639E+09  1.300235E+27  1.667339E+18  7.594539E+07  9.166896E+08  1.392379E+01  5.375661E-24
    160  4.4407075389781259E-01  0.0000000000000000E+00  0.0000000000000000E+00  1.607283E+09  2.072770E+09  1.300590E+27  1.670034E+18  7.599756E+07  9.167914E+08  1.397078E+01  5.502225E-24
    161  4.4407493291302208E-01  0.0000000000000000E+00  0.0000000000000000E+00  1.641369E+09  2.073033E+09  1.301233E+27  1.676907E+18  7.599605E+07  9.169683E+08  1.409188E+01  5.634535E-24
    162  4.4407576871606397E-01  0.0000000000000000E+00  0.0000000000000000E+00  1.648187E+09  2.073085E+09  1.301350E+27  1.678543E+18  7.597711E+07  9.169989E+08  1.412098E+01  5.760494E-24
    163  4.4407734725091808E-01  0.0000000000000000E+00  0.0000000000000000E+00  1.661062E+09  2.073184E+09  1.301557E+27  1.681887E+18  7.592324E+07  9.170519E+08  1.418077E+01  5.893003E-24
    164  4.4408050432062629E-01  0.0000000000000000E+00  0.0000000000000000E+00  1.686813E+09  2.073382E+09  1.301923E+27  1.689595E+18  7.574237E+07  9.171384E+08  1.432037E+01  6.046753E-24
    165  4.4408681846004266E-01  0.0000000000000000E+00  0.0000000000000000E+00  1.738315E+09  2.073778E+09  1.302453E+27  1.708969E+18  7.509415E+07  9.172323E+08  1.468234E+01  8.874460E-24
    166  4.4409797220756420E-01  0.0000000000000000E+00  0.0000000000000000E+00  1.829292E+09  2.074478E+09  1.302906E+27  1.751628E+18  7.333074E+07  9.172101E+08  1.553300E+01  4.114340E-21
    167  4.4409939806353876E-01  0.0000000000000000E+00  0.0000000000000000E+00  1.840922E+09  2.074568E+09  1.302947E+27  1.757276E+18  7.309043E+07  9.172007E+08  1.565086E+01  9.700776E-21
    168  4.4410147369311986E-01  0.0000000000000000E+00  0.0000000000000000E+00  1.857852E+09  2.074698E+09  1.303009E+27  1.765387E+18  7.274836E+07  9.171882E+08  1.582209E+01  3.067322E-20
    169  4.4410562495228206E-01  0.0000000000000000E+00  0.0000000000000000E+00  1.891712E+09  2.074958E+09  1.303162E+27  1.780918E+18  7.211219E+07  9.171736E+08  1.615640E+01  2.468935E-19
    170  4.4410645520411451E-01  0.0000000000000000E+00  0.0000000000000000E+00  1.898484E+09  2.075011E+09  1.303198E+27  1.783878E+18  7.199510E+07  9.171731E+08  1.622103E+01  3.609060E-19
    171  4.4410810632534686E-01  0.0000000000000000E+00  0.0000000000000000E+00  1.911952E+09  2.075114E+09  1.303279E+27  1.789589E+18  7.177411E+07  9.171751E+08  1.634661E+01  7.418462E-19
    172  4.4411140856781156E-01  0.0000000000000000E+00  0.0000000000000000E+00  1.938887E+09  2.075321E+09  1.303476E+27  1.800242E+18  7.138389E+07  9.171927E+08  1.658389E+01  2.765520E-18
    173  4.4411801305274090E-01  0.0000000000000000E+00  0.0000000000000000E+00  1.992757E+09  2.075736E+09  1.304033E+27  1.818128E+18  7.082914E+07  9.172904E+08  1.699133E+01  2.404023E-17
    174  4.4411892595047181E-01  0.0000000000000000E+00  0.0000000000000000E+00  2.000203E+09  2.075793E+09  1.304128E+27  1.820231E+18  7.077646E+07  9.173108E+08  1.703999E+01  3.091958E-17
    175  4.4411972169482700E-01  0.0000000000000000E+00  0.0000000000000000E+00  2.006694E+09  2.075843E+09  1.304215E+27  1.821988E+18  7.073517E+07  9.173300E+08  1.708088E+01  3.835502E-17
    176  4.4412131318353731E-01  0.0000000000000000E+00  0.0000000000000000E+00  2.019675E+09  2.075943E+09  1.304397E+27  1.825314E+18  7.066521E+07  9.173720E+08  1.715839E+01  5.757843E-17
    177  4.4412449616095800E-01  0.0000000000000000E+00  0.0000000000000000E+00  2.045637E+09  2.076143E+09  1.304801E+27  1.831211E+18  7.057350E+07  9.174707E+08  1.729680E+01  1.185945E-16
    178  4.4413086211579939E-01  0.0000000000000000E+00  0.0000000000000000E+00  2.097562E+09  2.076542E+09  1.305747E+27  1.840320E+18  7.055981E+07  9.177210E+08  1.751308E+01  3.680609E-16
    179  4.4414100161305153E-01  0.0000000000000000E+00  0.0000000000000000E+00  2.180266E+09  2.077178E+09  1.307554E+27  1.849262E+18  7.088443E+07  9.182330E+08  1.772821E+01  1.151921E-15
    180  4.4415385604625551E-01  0.0000000000000000E+00  0.0000000000000000E+00  2.285114E+09  2.077985E+09  1.310180E+27  1.854867E+18  7.164422E+07  9.190076E+08  1.786374E+01  2.402163E-15
    181  4.4415555992128702E-01  0.0000000000000000E+00  0.0000000000000000E+00  2.299012E+09  2.078092E+09  1.310547E+27  1.855334E+18  7.176115E+07  9.191169E+08  1.787496E+01  2.557450E-15
    182  4.4415846280530730E-01  0.0000000000000000E+00  0.0000000000000000E+00  2.322690E+09  2.078274E+09  1.311178E+27  1.856033E+18  7.196588E+07  9.193058E+08  1.789168E+01  2.809836E-15
    183  4.4416426857334784E-01  0.0000000000000000E+00  0.0000000000000000E+00  2.370045E+09  2.078638E+09  1.312463E+27  1.857141E+18  7.239124E+07  9.196919E+08  1.791790E+01  3.270287E-15
    184  4.4417588010942893E-01  0.0000000000000000E+00  0.0000000000000000E+00  2.464756E+09  2.079367E+09  1.315105E+27  1.858625E+18  7.327922E+07  9.204891E+08  1.795177E+01  4.048467E-15
    185  4.4417815833283886E-01  0.0000000000000000E+00  0.0000000000000000E+00  2.483339E+09  2.079510E+09  1.315633E+27  1.858846E+18  7.345661E+07  9.206485E+08  1.795655E+01  4.188418E-15
    186  4.4418271477965865E-01  0.0000000000000000E+00  0.0000000000000000E+00  2.520504E+09  2.079796E+09  1.316695E+27  1.859245E+18  7.381299E+07  9.209700E+08  1.796491E+01  4.467670E-15
    187  4.4419182767329823E-01  0.0000000000000000E+00  0.0000000000000000E+00  2.594834E+09  2.080368E+09  1.318846E+27  1.859936E+18  7.452908E+07  9.216218E+08  1.797799E+01  5.089891E-15
    188  4.4421005346057746E-01  0.0000000000000000E+00  0.0000000000000000E+00  2.743495E+09  2.081511E+09  1.323241E+27  1.861451E+18  7.595591E+07  9.229548E+08  1.799747E+01  8.040595E-15
    189  4.4421262593833194E-01  0.0000000000000000E+00  0.0000000000000000E+00  2.764477E+09  2.081673E+09  1.323868E+27  1.861774E+18  7.615372E+07  9.231450E+08  1.800068E+01  9.056654E-15
    190  4.4421660845015853E-01  0.0000000000000000E+00  0.0000000000000000E+00  2.796961E+09  2.081923E+09  1.324840E+27  1.862395E+18  7.645597E+07  9.234396E+08  1.800674E+01  1.138635E-14
    191  4.4422457347381178E-01  0.0000000000000000E+00  0.0000000000000000E+00  2.861929E+09  2.082422E+09  1.326783E+27  1.864286E+18  7.703922E+07  9.240269E+08  1.802535E+01  2.185662E-14
    192  4.4422594899737911E-01  0.0000000000000000E+00  0.0000000000000000E+00  2.873148E+09  2.082509E+09  1.327117E+27  1.864730E+18  7.713610E+07  9.241277E+08  1.802980E+01  2.526322E-14
    193  4.4422829938700420E-01  0.0000000000000000E+00  0.0000000000000000E+00  2.892320E+09  2.082656E+09  1.327687E+27  1.865591E+18  7.729834E+07  9.242993E+08  1.803852E+01  3.321785E-14
    194  4.4423300016625439E-01  0.0000000000000000E+00  0.0000000000000000E+00  2.930662E+09  2.082951E+09  1.328818E+27  1.867773E+18  7.760780E+07  9.246387E+08  1.806106E+01  6.351578E-14
    195  4.4424240172475482E-01  0.0000000000000000E+00  0.0000000000000000E+00  3.007347E+09  2.083541E+09  1.331019E+27  1.874702E+18  7.814104E+07  9.252932E+08  1.813627E+01  3.721409E-13
    196  4.4424391929220430E-01  0.0000000000000000E+00  0.0000000000000000E+00  3.019725E+09  2.083636E+09  1.331363E+27  1.876247E+18  7.821238E+07  9.253942E+08  1.815371E+01  5.290745E-13
    197  4.4424675906566391E-01  0.0000000000000000E+00  0.0000000000000000E+00  3.042888E+09  2.083815E+09  1.331994E+27  1.879542E+18  7.833140E+07  9.255784E+08  1.819165E+01  1.082157E-12
    198  4.4425243861258318E-01  0.0000000000000000E+00  0.0000000000000000E+00  3.089214E+09  2.084171E+09  1.333193E+27  1.887987E+18  7.849999E+07  9.259226E+08  1.829334E+01  5.600124E-12
    199  4.4425357452196701E-01  0.0000000000000000E+00  0.0000000000000000E+00  3.098479E+09  2.084242E+09  1.333421E+27  1.890019E+18  7.852031E+07  9.259866E+08  1.831872E+01  7.985676E-12
    200  4.4425559609260590E-01  0.0000000000000000E+00  0.0000000000000000E+00  3.114968E+09  2.084369E+09  1.333814E+27  1.893954E+18  7.854350E+07  9.260959E+08  1.836886E+01  1.519368E-11
    201  4.4425963923388362E-01  0.0000000000000000E+00  0.0000000000000000E+00  3.147946E+09  2.084623E+09  1.334545E+27  1.903160E+18  7.853307E+07  9.262934E+08  1.849116E+01  5.582999E-11
    202  4.4426772551643906E-01  0.0000000000000000E+00  0.0000000000000000E+00  3.213903E+09  2.085130E+09  1.335722E+27  1.927773E+18  7.822663E+07  9.265790E+08  1.885050E+01  6.770256E-10
    203  4.4426929193145032E-01  0.0000000000000000E+00  0.0000000000000000E+00  3.226680E+09  2.085229E+09  1.335896E+27  1.933602E+18  7.811452E+07  9.266137E+08  1.894218E+01  1.063875E-09
    204  4.4427192830036794E-01  0.0000000000000000E+00  0.0000000000000000E+00  3.248183E+09  2.085394E+09  1.336142E+27  1.944231E+18  7.788217E+07  9.266545E+08  1.911561E+01  2.211586E-09
    205  4.4427720103820317E-01  0.0000000000000000E+00  0.0000000000000000E+00  3.291191E+09  2.085725E+09  1.336448E+27  1.968532E+18  7.724473E+07  9.266651E+08  1.954208E+01  8.605114E-09
    206  4.4428774651387365E-01  0.0000000000000000E+00  0.0000000000000000E+00  3.377206E+09  2.086387E+09  1.336305E+27  2.027189E+18  7.531268E+07  9.264016E+08  2.074310E+01  9.029098E-08
    207  4.4428942469884686E-01  0.0000000000000000E+00  0.0000000000000000E+00  3.390895E+09  2.086492E+09  1.336203E+27  2.037293E+18  7.494212E+07  9.263300E+08  2.097525E+01  1.264457E-07
    208  4.4429177271483805E-01  0.0000000000000000E+00  0.0000000000000000E+00  3.410047E+09  2.086639E+09  1.336034E+27  2.051541E+18  7.440619E+07  9.262203E+08  2.131590E+01  1.990141E-07
    209  4.4429646874682044E-01  0.0000000000000000E+00  0.0000000000000000E+00  3.448350E+09  2.086934E+09  1.335637E+27  2.079866E+18  7.330317E+07  9.259790E+08  2.204161E+01  4.675484E-07
    210  4.4430586081078527E-01  0.0000000000000000E+00  0.0000000000000000E+00  3.524958E+09  2.087523E+09  1.334840E+27  2.132127E+18  7.118803E+07  9.254987E+08  2.357070E+01  2.087765E-06
    211  4.4430743629659042E-01  0.0000000000000000E+00  0.0000000000000000E+00  3.537808E+09  2.087622E+09  1.334732E+27  2.139971E+18  7.086728E+07  9.254283E+08  2.382447E+01  2.607348E-06
    212  4.4430989952475936E-01  0.0000000000000000E+00  0.0000000000000000E+00  3.557900E+09  2.087777E+09  1.334590E+27  2.151603E+18  7.039305E+07  9.253281E+08  2.421388E+01  3.614561E-06
    213  4.4431482598109723E-01  0.0000000000000000E+00  0.0000000000000000E+00  3.598083E+09  2.088086E+09  1.334414E+27  2.172468E+18  6.955456E+07  9.251692E+08  2.495463E+01  6.452036E-06
    214  4.4431581127236480E-01  0.0000000000000000E+00  0.0000000000000000E+00  3.606120E+09  2.088148E+09  1.334399E+27  2.176256E+18  6.940537E+07  9.251447E+08  2.509530E+01  7.157053E-06
    215  4.4431754040860461E-01  0.0000000000000000E+00  0.0000000000000000E+00  3.620223E+09  2.088256E+09  1.334388E+27  2.182598E+18  6.915873E+07  9.251079E+08  2.533535E+01  8.499936E-06
    216  4.4432099868108427E-01  0.0000000000000000E+00  0.0000000000000000E+00  3.648431E+09  2.088473E+09  1.334430E+27  2.194154E+18  6.872322E+07  9.250586E+08  2.578763E+01  1.154534E-05
    217  4.4432791522604359E-01  0.0000000000000000E+00  0.0000000000000000E+00  3.704847E+09  2.088907E+09  1.334773E+27  2.213115E+18  6.807368E+07  9.250561E+08  2.657355E+01  1.848502E-05
    218  4.4433902335047731E-01  0.0000000000000000E+00  0.0000000000000000E+00  3.795451E+09  2.089604E+09  1.335980E+27  2.234111E+18  6.756167E+07  9.252958E+08  2.751053E+01  2.883062E-05
    219  4.4435494427907601E-01  0.0000000000000000E+00  0.0000000000000000E+00  3.925312E+09  2.090603E+09  1.338770E+27  2.250671E+18  6.762062E+07  9.260301E+08  2.830068E+01  3.757340E-05
    220  4.4436962202996305E-01  0.0000000000000000E+00  0.0000000000000000E+00  4.045033E+09  2.091524E+09  1.342028E+27  2.258186E+18  6.813934E+07  9.269565E+08  2.867308E+01  4.252005E-05
    221  4.4438351938248383E-01  0.0000000000000000E+00  0.0000000000000000E+00  4.158388E+09  2.092396E+09  1.345456E+27  2.261894E+18  6.883353E+07  9.279568E+08  2.886011E+01  5.026757E-05
    222  4.4439727519308081E-01  0.0000000000000000E+00  0.0000000000000000E+00  4.270589E+09  2.093260E+09  1.349052E+27  2.263861E+18  6.961856E+07  9.290178E+08  2.896198E+01  6.804936E-05
    223  4.4439902201217901E-01  0.0000000000000000E+00  0.0000000000000000E+00  4.284837E+09  2.093369E+09  1.349520E+27  2.264030E+18  6.972267E+07  9.291563E+08  2.897105E+01  7.165001E-05
    224  4.4440160789685751E-01  0.0000000000000000E+00  0.0000000000000000E+00  4.305929E+09  2.093531E+09  1.350216E+27  2.264256E+18  6.987824E+07  9.293627E+08  2.898318E+01  7.774132E-05
    225  4.4440543988425457E-01  0.0000000000000000E+00  0.0000000000000000E+00  4.337185E+09  2.093772E+09  1.351257E+27  2.264538E+18  7.011171E+07  9.296714E+08  2.899852E+01  8.873677E-05
    226  4.4441310385904864E-01  0.0000000000000000E+00  0.0000000000000000E+00  4.399697E+09  2.094253E+09  1.353367E+27  2.264938E+18  7.058778E+07  9.302986E+08  2.902096E+01  1.198945E-04
    227  4.4441463665400743E-01  0.0000000000000000E+00  0.0000000000000000E+00  4.412199E+09  2.094349E+09  1.353793E+27  2.264994E+18  7.068426E+07  9.304255E+08  2.902429E+01  1.279999E-04
    228  4.4441660518562082E-01  0.0000000000000000E+00  0.0000000000000000E+00  4.428256E+09  2.094472E+09  1.354343E+27  2.265058E+18  7.080868E+07  9.305891E+08  2.902808E+01  1.395354E-04
    229  4.4442054224884758E-01  0.0000000000000000E+00  0.0000000000000000E+00  4.460369E+09  2.094720E+09  1.355448E+27  2.265155E+18  7.105910E+07  9.309184E+08  2.903419E+01  1.669666E-04
    230  4.4442841637530117E-01  0.0000000000000000E+00  0.0000000000000000E+00  4.524595E+09  2.095214E+09  1.357683E+27  2.265259E+18  7.156463E+07  9.315847E+08  2.904183E+01  2.440860E-04
    231  4.4442968371893526E-01  0.0000000000000000E+00  0.0000000000000000E+00  4.534932E+09  2.095293E+09  1.358046E+27  2.265266E+18  7.164640E+07  9.316928E+08  2.904264E+01  2.599448E-04
    232  4.4443157697196772E-01  0.0000000000000000E+00  0.0000000000000000E+00  4.550375E+09  2.095412E+09  1.358588E+27  2.265274E+18  7.176866E+07  9.318547E+08  2.904372E+01  2.857760E-04
    233  4.4443536347803264E-01  0.0000000000000000E+00  0.0000000000000000E+00  4.581260E+09  2.095650E+09  1.359677E+27  2.265283E+18  7.201342E+07  9.321797E+08  2.904552E+01  3.461770E-04
    234  4.4444293649016242E-01  0.0000000000000000E+00  0.0000000000000000E+00  4.643030E+09  2.096125E+09  1.361871E+27  2.265294E+18  7.250232E+07  9.328341E+08  2.904903E+01  5.102730E-04
    235  4.4444420874532864E-01  0.0000000000000000E+00  0.0000000000000000E+00  4.653407E+09  2.096205E+09  1.362241E+27  2.265297E+18  7.258418E+07  9.329445E+08  2.904975E+01  5.445798E-04
    236  4.4444609682942599E-01  0.0000000000000000E+00  0.0000000000000000E+00  4.668808E+09  2.096323E+09  1.362791E+27  2.265302E+18  7.270543E+07  9.331086E+08  2.905100E+01  5.995827E-04
    237  4.4444987299762062E-01  0.0000000000000000E+00  0.0000000000000000E+00  4.699608E+09  2.096560E+09  1.363893E+27  2.265321E+18  7.294688E+07  9.334372E+08  2.905418E+01  7.256591E-04
    238  4.4445742533400995E-01  0.0000000000000000E+00  0.0000000000000000E+00  4.761210E+09  2.097034E+09  1.366103E+27  2.265405E+18  7.342399E+07  9.340960E+08  2.906471E+01  1.053321E-03
    239  4.4445870570842849E-01  0.0000000000000000E+00  0.0000000000000000E+00  4.771653E+09  2.097114E+09  1.366479E+27  2.265428E+18  7.350388E+07  9.342077E+08  2.906723E+01  1.120411E-03
    240  4.4446077275861423E-01  0.0000000000000000E+00  0.0000000000000000E+00  4.788513E+09  2.097244E+09  1.367085E+27  2.265471E+18  7.363207E+07  9.343880E+08  2.907190E+01  1.236632E-03
    241  4.4446490685898571E-01  0.0000000000000000E+00  0.0000000000000000E+00  4.822234E+09  2.097503E+09  1.368296E+27  2.265586E+18  7.388513E+07  9.347482E+08  2.908378E+01  1.501297E-03
    242  4.4447317505972866E-01  0.0000000000000000E+00  0.0000000000000000E+00  4.889674E+09  2.098022E+09  1.370709E+27  2.265974E+18  7.437335E+07  9.354638E+08  2.912147E+01  2.192445E-03
    243  4.4447446375530925E-01  0.0000000000000000E+00  0.0000000000000000E+00  4.900186E+09  2.098103E+09  1.371083E+27  2.266059E+18  7.444665E+07  9.355745E+08  2.912955E+01  2.326553E-03
    244  4.4447631404061178E-01  0.0000000000000000E+00  0.0000000000000000E+00  4.915278E+09  2.098219E+09  1.371618E+27  2.266196E+18  7.455027E+07  9.357327E+08  2.914244E+01  2.535969E-03
    245  4.4448001461121683E-01  0.0000000000000000E+00  0.0000000000000000E+00  4.945462E+09  2.098451E+09  1.372683E+27  2.266529E+18  7.475099E+07  9.360464E+08  2.917344E+01  3.030422E-03
    246  4.4448075472533782E-01  0.0000000000000000E+00  0.0000000000000000E+00  4.951499E+09  2.098498E+09  1.372894E+27  2.266606E+18  7.478999E+07  9.361087E+08  2.918056E+01  3.143993E-03
    247  4.4448187686516077E-01  0.0000000000000000E+00  0.0000000000000000E+00  4.960651E+09  2.098568E+09  1.373214E+27  2.266730E+18  7.484829E+07  9.362027E+08  2.919203E+01  3.327295E-03
    248  4.4448412114480668E-01  0.0000000000000000E+00  0.0000000000000000E+00  4.978957E+09  2.098709E+09  1.373850E+27  2.267007E+18  7.496175E+07  9.363894E+08  2.921749E+01  3.739063E-03
    249  4.4448457000073588E-01  0.0000000000000000E+00  0.0000000000000000E+00  4.982618E+09  2.098737E+09  1.373977E+27  2.267067E+18  7.498391E+07  9.364265E+08  2.922302E+01  3.829460E-03
    250  4.4448529879016391E-01  0.0000000000000000E+00  0.0000000000000000E+00  4.988563E+09  2.098783E+09  1.374182E+27  2.267169E+18  7.501950E+07  9.364865E+08  2.923231E+01  3.982540E-03
    251  4.4448675636901996E-01  0.0000000000000000E+00  0.0000000000000000E+00  5.000452E+09  2.098874E+09  1.374590E+27  2.267386E+18  7.508912E+07  9.366058E+08  2.925215E+01  4.314155E-03
    252  4.4448967152673213E-01  0.0000000000000000E+00  0.0000000000000000E+00  5.024229E+09  2.099057E+09  1.375399E+27  2.267881E+18  7.522168E+07  9.368413E+08  2.929730E+01  5.099233E-03
    253  4.4449550184215647E-01  0.0000000000000000E+00  0.0000000000000000E+00  5.071785E+09  2.099423E+09  1.376974E+27  2.269156E+18  7.545567E+07  9.372967E+08  2.941330E+01  7.363846E-03
    254  4.4449640007218766E-01  0.0000000000000000E+00  0.0000000000000000E+00  5.079111E+09  2.099480E+09  1.377211E+27  2.269392E+18  7.548744E+07  9.373646E+08  2.943473E+01  7.825699E-03
    255  4.4449786802139768E-01  0.0000000000000000E+00  0.0000000000000000E+00  5.091085E+09  2.099572E+09  1.377594E+27  2.269803E+18  7.553665E+07  9.374743E+08  2.947204E+01  8.663368E-03
    256  4.4450080391981778E-01  0.0000000000000000E+00  0.0000000000000000E+00  5.115032E+09  2.099756E+09  1.378345E+27  2.270727E+18  7.562402E+07  9.376877E+08  2.955599E+01  1.070323E-02
    257  4.4450139109950182E-01  0.0000000000000000E+00  0.0000000000000000E+00  5.119821E+09  2.099793E+09  1.378492E+27  2.270930E+18  7.563960E+07  9.377294E+08  2.957439E+01  1.117843E-02
    258  4.4450218878948561E-01  0.0000000000000000E+00  0.0000000000000000E+00  5.126328E+09  2.099843E+09  1.378691E+27  2.271215E+18  7.565968E+07  9.377854E+08  2.960031E+01  1.186464E-02
    259  4.4450378416945324E-01  0.0000000000000000E+00  0.0000000000000000E+00  5.139341E+09  2.099943E+09  1.379083E+27  2.271822E+18  7.569595E+07  9.378953E+08  2.965550E+01  1.338895E-02
    260  4.4450697492938851E-01  0.0000000000000000E+00  0.0000000000000000E+00  5.165366E+09  2.100143E+09  1.379841E+27  2.273195E+18  7.575160E+07  9.381058E+08  2.978053E+01  1.714090E-02
    261  4.4450761308137554E-01  0.0000000000000000E+00  0.0000000000000000E+00  5.170572E+09  2.100183E+09  1.379988E+27  2.273496E+18  7.575983E+07  9.381463E+08  2.980807E+01  1.801947E-02
    262  4.4450848411781507E-01  0.0000000000000000E+00  0.0000000000000000E+00  5.177676E+09  2.100238E+09  1.380186E+27  2.273924E+18  7.576937E+07  9.382005E+08  2.984715E+01  1.929598E-02
    263  4.4451022619069414E-01  0.0000000000000000E+00  0.0000000000000000E+00  5.191886E+09  2.100347E+09  1.380573E+27  2.274838E+18  7.578239E+07  9.383057E+08  2.993070E+01  2.213669E-02
    264  4.4451371033645221E-01  0.0000000000000000E+00  0.0000000000000000E+00  5.220305E+09  2.100566E+09  1.381307E+27  2.276916E+18  7.578206E+07  9.385009E+08  3.012149E+01  2.913888E-02
    265  4.4451430248244411E-01  0.0000000000000000E+00  0.0000000000000000E+00  5.225134E+09  2.100603E+09  1.381426E+27  2.277304E+18  7.577827E+07  9.385319E+08  3.015732E+01  3.052814E-02
    266  4.4451533766406337E-01  0.0000000000000000E+00  0.0000000000000000E+00  5.233578E+09  2.100668E+09  1.381629E+27  2.278011E+18  7.576880E+07  9.385844E+08  3.022259E+01  3.311353E-02
    267  4.4451740802730183E-01  0.0000000000000000E+00  0.0000000000000000E+00  5.250465E+09  2.100798E+09  1.382017E+27  2.279533E+18  7.573864E+07  9.386829E+08  3.036355E+01  3.893432E-02
    268  4.4452154875377875E-01  0.0000000000000000E+00  0.0000000000000000E+00  5.284239E+09  2.101058E+09  1.382713E+27  2.283049E+18  7.562922E+07  9.388505E+08  3.069223E+01  5.360010E-02
    269  4.4452217069185440E-01  0.0000000000000000E+00  0.0000000000000000E+00  5.289312E+09  2.101097E+09  1.382807E+27  2.283637E+18  7.560675E+07  9.388720E+08  3.074748E+01  5.620039E-02
    270  4.4452313943168353E-01  0.0000000000000000E+00  0.0000000000000000E+00  5.297214E+09  2.101157E+09  1.382949E+27  2.284585E+18  7.556823E+07  9.389034E+08  3.083702E+01  6.047180E-02
    271  4.4452507691134180E-01  0.0000000000000000E+00  0.0000000000000000E+00  5.313017E+09  2.101279E+09  1.383209E+27  2.286607E+18  7.547836E+07  9.389583E+08  3.102902E+01  6.986743E-02
    272  4.4452895187065833E-01  0.0000000000000000E+00  0.0000000000000000E+00  5.344624E+09  2.101522E+09  1.383638E+27  2.291179E+18  7.524422E+07  9.390342E+08  3.146952E+01  9.230546E-02
    273  4.4452956220919704E-01  0.0000000000000000E+00  0.0000000000000000E+00  5.349602E+09  2.101561E+09  1.383693E+27  2.291965E+18  7.520057E+07  9.390418E+08  3.154619E+01  9.630237E-02
    274  4.4453054577268170E-01  0.0000000000000000E+00  0.0000000000000000E+00  5.357625E+09  2.101622E+09  1.383775E+27  2.293271E+18  7.512609E+07  9.390515E+08  3.167429E+01  1.030119E-01
    275  4.4453251289965096E-01  0.0000000000000000E+00  0.0000000000000000E+00  5.373670E+09  2.101746E+09  1.383913E+27  2.296029E+18  7.496228E+07  9.390612E+08  3.194733E+01  1.174325E-01
    276  4.4453644715358953E-01  0.0000000000000000E+00  0.0000000000000000E+00  5.405760E+09  2.101993E+09  1.384081E+27  2.302115E+18  7.457623E+07  9.390419E+08  3.256327E+01  1.504957E-01
    277  4.4453708201835396E-01  0.0000000000000000E+00  0.0000000000000000E+00  5.410938E+09  2.102032E+09  1.384095E+27  2.303165E+18  7.450696E+07  9.390340E+08  3.267151E+01  1.563726E-01
    278  4.4453812998568021E-01  0.0000000000000000E+00  0.0000000000000000E+00  5.419486E+09  2.102098E+09  1.384110E+27  2.304940E+18  7.438833E+07  9.390180E+08  3.285584E+01  1.663942E-01
    279  4.4454022592033277E-01  0.0000000000000000E+00  0.0000000000000000E+00  5.436582E+09  2.102230E+09  1.384111E+27  2.308637E+18  7.413635E+07  9.389757E+08  3.324504E+01  1.876259E-01
    280  4.4454441778963782E-01  0.0000000000000000E+00  0.0000000000000000E+00  5.470773E+09  2.102493E+09  1.384004E+27  2.316541E+18  7.358059E+07  9.388525E+08  3.410340E+01  2.345481E-01
    281  4.4455143008251791E-01  0.0000000000000000E+00  0.0000000000000000E+00  5.527970E+09  2.102933E+09  1.383591E+27  2.330735E+18  7.255492E+07  9.385635E+08  3.574056E+01  3.235739E-01
    282  4.4455231175418725E-01  0.0000000000000000E+00  0.0000000000000000E+00  5.535161E+09  2.102988E+09  1.383526E+27  2.332554E+18  7.242204E+07  9.385224E+08  3.596081E+01  3.351723E-01
    283  4.4455355462892632E-01  0.0000000000000000E+00  0.0000000000000000E+00  5.545299E+09  2.103066E+09  1.383435E+27  2.335109E+18  7.223683E+07  9.384651E+08  3.627285E+01  3.518478E-01
    284  4.4455604037840446E-01  0.0000000000000000E+00  0.0000000000000000E+00  5.565574E+09  2.103222E+09  1.383256E+27  2.340166E+18  7.187263E+07  9.383516E+08  3.690378E+01  3.853235E-01
    285  4.4456101187736075E-01  0.0000000000000000E+00  0.0000000000000000E+00  5.606125E+09  2.103534E+09  1.382954E+27  2.349839E+18  7.119279E+07  9.381456E+08  3.816162E+01  4.513132E-01
    286  4.4456985929734166E-01  0.0000000000000000E+00  0.0000000000000000E+00  5.678290E+09  2.104089E+09  1.382822E+27  2.364637E+18  7.024290E+07  9.379263E+08  4.021917E+01  5.593336E-01
    287  4.4457106866250529E-01  0.0000000000000000E+00  0.0000000000000000E+00  5.688154E+09  2.104165E+09  1.382855E+27  2.366401E+18  7.014228E+07  9.379145E+08  4.047301E+01  5.724444E-01
    288  4.4457288552901147E-01  0.0000000000000000E+00  0.0000000000000000E+00  5.702973E+09  2.104279E+09  1.382933E+27  2.368883E+18  7.000733E+07  9.379075E+08  4.083564E+01  5.916400E-01
    289  4.4457651926202385E-01  0.0000000000000000E+00  0.0000000000000000E+00  5.732612E+09  2.104507E+09  1.383191E+27  2.373352E+18  6.979039E+07  9.379296E+08  4.149740E+01  6.270296E-01
    290  4.4458378672804860E-01  0.0000000000000000E+00  0.0000000000000000E+00  5.791890E+09  2.104963E+09  1.384112E+27  2.380382E+18  6.956071E+07  9.381182E+08  4.255085E+01  6.856232E-01
    291  4.4458495721913999E-01  0.0000000000000000E+00  0.0000000000000000E+00  5.801437E+09  2.105037E+09  1.384309E+27  2.381292E+18  6.954734E+07  9.381658E+08  4.268694E+01  6.938245E-01
    292  4.4458700822866504E-01  0.0000000000000000E+00  0.0000000000000000E+00  5.818167E+09  2.105165E+09  1.384678E+27  2.382781E+18  6.953574E+07  9.382582E+08  4.290805E+01  7.073174E-01
    293  4.4459111024771514E-01  0.0000000000000000E+00  0.0000000000000000E+00  5.851625E+09  2.105423E+09  1.385514E+27  2.385346E+18  6.955750E+07  9.384770E+08  4.328218E+01  7.317327E-01
    294  4.4459931428581539E-01  0.0000000000000000E+00  0.0000000000000000E+00  5.918542E+09  2.105937E+09  1.387515E+27  2.389098E+18  6.975041E+07  9.390311E+08  4.379511E+01  7.718694E-01
    295  4.4461116682362939E-01  0.0000000000000000E+00  0.0000000000000000E+00  6.015219E+09  2.106681E+09  1.391018E+27  2.392156E+18  7.029450E+07  9.400467E+08  4.409917E+01  8.158580E-01
    296  4.4461278432676349E-01  0.0000000000000000E+00  0.0000000000000000E+00  6.028412E+09  2.106783E+09  1.391533E+27  2.392462E+18  7.038409E+07  9.401983E+08  4.411481E+01  8.208255E-01
    297  4.4461544909460554E-01  0.0000000000000000E+00  0.0000000000000000E+00  6.050148E+09  2.106950E+09  1.392407E+27  2.392854E+18  7.054193E+07  9.404567E+08  4.412317E+01  8.289261E-01
    298  4.4462077863028965E-01  0.0000000000000000E+00  0.0000000000000000E+00  6.093619E+09  2.107284E+09  1.394222E+27  2.393412E+18  7.088447E+07  9.409969E+08  4.409429E+01  8.438132E-01
    299  4.4463143770165781E-01  0.0000000000000000E+00  0.0000000000000000E+00  6.180560E+09  2.107953E+09  1.398119E+27  2.393637E+18  7.167563E+07  9.421698E+08  4.385823E+01  8.686175E-01
    300  4.4463297642377553E-01  0.0000000000000000E+00  0.0000000000000000E+00  6.193111E+09  2.108050E+09  1.398705E+27  2.393609E+18  7.179916E+07  9.423474E+08  4.380881E+01  8.717297E-01
    301  4.4463605386801097E-01  0.0000000000000000E+00  0.0000000000000000E+00  6.218213E+09  2.108243E+09  1.399900E+27  2.393470E+18  7.205443E+07  9.427100E+08  4.369665E+01  8.777354E-01
    302  4.4464220875648192E-01  0.0000000000000000E+00  0.0000000000000000E+00  6.268416E+09  2.108629E+09  1.402358E+27  2.392992E+18  7.259144E+07  9.434588E+08  4.343061E+01  8.887311E-01
    303  4.4465451853342375E-01  0.0000000000000000E+00  0.0000000000000000E+00  6.368822E+09  2.109402E+09  1.407551E+27  2.391332E+18  7.377151E+07  9.450508E+08  4.273892E+01  9.071658E-01
    304  4.4467225959065593E-01  0.0000000000000000E+00  0.0000000000000000E+00  6.513528E+09  2.110515E+09  1.415573E+27  2.387641E+18  7.567480E+07  9.475275E+08  4.147347E+01  9.278041E-01
    305  4.4467387551946108E-01  0.0000000000000000E+00  0.0000000000000000E+00  6.526709E+09  2.110616E+09  1.416340E+27  2.387255E+18  7.586236E+07  9.477653E+08  4.134064E+01  9.300522E-01
    306  4.4467586716792407E-01  0.0000000000000000E+00  0.0000000000000000E+00  6.542954E+09  2.110741E+09  1.417289E+27  2.386711E+18  7.609488E+07  9.480598E+08  4.117606E+01  9.319515E-01
    307  4.4467985046485009E-01  0.0000000000000000E+00  0.0000000000000000E+00  6.575444E+09  2.110991E+09  1.419210E+27  2.385562E+18  7.656888E+07  9.486564E+08  4.083763E+01  9.355637E-01
    308  4.4468781705870214E-01  0.0000000000000000E+00  0.0000000000000000E+00  6.640425E+09  2.111491E+09  1.423151E+27  2.383004E+18  7.755609E+07  9.498830E+08  4.012130E+01  9.421223E-01
    309  4.4468941037747256E-01  0.0000000000000000E+00  0.0000000000000000E+00  6.653421E+09  2.111591E+09  1.423964E+27  2.382418E+18  7.776434E+07  9.501370E+08  3.996580E+01  9.433264E-01
    310  4.4469259701501340E-01  0.0000000000000000E+00  0.0000000000000000E+00  6.679413E+09  2.111791E+09  1.425598E+27  2.381238E+18  7.818306E+07  9.506472E+08  3.965518E+01  9.456291E-01
    311  4.4469897029009503E-01  0.0000000000000000E+00  0.0000000000000000E+00  6.731397E+09  2.112191E+09  1.428936E+27  2.378692E+18  7.904991E+07  9.516912E+08  3.900830E+01  9.498403E-01
    312  4.4471171684025829E-01  0.0000000000000000E+00  0.0000000000000000E+00  6.835366E+09  2.112991E+09  1.435869E+27  2.372884E+18  8.089206E+07  9.538661E+08  3.763722E+01  9.568920E-01
    313  4.4473106003810481E-01  0.0000000000000000E+00  0.0000000000000000E+00  6.993141E+09  2.114204E+09  1.446993E+27  2.362447E+18  8.394630E+07  9.573681E+08  3.543240E+01  9.641638E-01
    314  4.4473273124604129E-01  0.0000000000000000E+00  0.0000000000000000E+00  7.006772E+09  2.114309E+09  1.447952E+27  2.361516E+18  8.420698E+07  9.576690E+08  3.525690E+01  9.648968E-01
    315  4.4473561663790478E-01  0.0000000000000000E+00  0.0000000000000000E+00  7.030307E+09  2.114490E+09  1.449676E+27  2.359763E+18  8.469099E+07  9.582131E+08  3.492079E+01  9.656854E-01
    316  4.4474138742163177E-01  0.0000000000000000E+00  0.0000000000000000E+00  7.077377E+09  2.114853E+09  1.453170E+27  2.356131E+18  8.567829E+07  9.593158E+08  3.424616E+01  9.670426E-01
    317  4.4475292898908581E-01  0.0000000000000000E+00  0.0000000000000000E+00  7.171517E+09  2.115577E+09  1.460326E+27  2.348354E+18  8.772768E+07  9.615768E+08  3.289517E+01  9.689913E-01
    318  4.4475479464923495E-01  0.0000000000000000E+00  0.0000000000000000E+00  7.186735E+09  2.115694E+09  1.461516E+27  2.346999E+18  8.807477E+07  9.619537E+08  3.267095E+01  9.692048E-01
    319  4.4475852596953319E-01  0.0000000000000000E+00  0.0000000000000000E+00  7.217169E+09  2.115928E+09  1.463891E+27  2.344303E+18  8.876495E+07  9.627050E+08  3.223476E+01  9.695957E-01
    320  4.4476598861012967E-01  0.0000000000000000E+00  0.0000000000000000E+00  7.278039E+09  2.116396E+09  1.468705E+27  2.338725E+18  9.017351E+07  9.642284E+08  3.136926E+01  9.701777E-01
    321  4.4478091389132263E-01  0.0000000000000000E+00  0.0000000000000000E+00  7.399779E+09  2.117333E+09  1.478659E+27  2.326607E+18  9.313988E+07  9.673831E+08  2.964263E+01  9.708353E-01
    322  4.4480225412180419E-01  0.0000000000000000E+00  0.0000000000000000E+00  7.573843E+09  2.118672E+09  1.493821E+27  2.306704E+18  9.782201E+07  9.722043E+08  2.715800E+01  9.734807E-01
    323  4.4480245964002901E-01  0.0000000000000000E+00  0.0000000000000000E+00  7.575519E+09  2.118685E+09  1.493841E+27  2.306953E+18  9.779925E+07  9.722062E+08  2.718240E+01  9.733004E-01
    324  4.4480268840070292E-01  0.0000000000000000E+00  0.0000000000000000E+00  7.577385E+09  2.118699E+09  1.493987E+27  2.306775E+18  9.783989E+07  9.722518E+08  2.716437E+01  9.730980E-01
    325  4.4480314592205067E-01  0.0000000000000000E+00  0.0000000000000000E+00  7.581117E+09  2.118728E+09  1.494285E+27  2.306401E+18  9.792533E+07  9.723456E+08  2.712554E+01  9.727739E-01
    326  4.4480406096474617E-01  0.0000000000000000E+00  0.0000000000000000E+00  7.588581E+09  2.118785E+09  1.494907E+27  2.305601E+18  9.810896E+07  9.725417E+08  2.703953E+01  9.723719E-01
    327  4.4480589105013718E-01  0.0000000000000000E+00  0.0000000000000000E+00  7.603508E+09  2.118900E+09  1.496204E+27  2.303879E+18  9.850512E+07  9.729530E+08  2.684966E+01  9.721190E-01
    328  4.4480955122091920E-01  0.0000000000000000E+00  0.0000000000000000E+00  7.633362E+09  2.119130E+09  1.498875E+27  2.300255E+18  9.933631E+07  9.738018E+08  2.645193E+01  9.722295E-01
    329  4.4481687156248328E-01  0.0000000000000000E+00  0.0000000000000000E+00  7.693072E+09  2.119589E+09  1.504319E+27  2.292725E+18  1.010469E+08  9.755335E+08  2.565870E+01  9.726834E-01
    330  4.4481833563079609E-01  0.0000000000000000E+00  0.0000000000000000E+00  7.705013E+09  2.119681E+09  1.505426E+27  2.291160E+18  1.013980E+08  9.758861E+08  2.549990E+01  9.727734E-01
    331  4.4482126376742170E-01  0.0000000000000000E+00  0.0000000000000000E+00  7.728897E+09  2.119865E+09  1.507649E+27  2.288016E+18  1.021028E+08  9.765935E+08  2.518608E+01  9.729667E-01
    332  4.4482712004067299E-01  0.0000000000000000E+00  0.0000000000000000E+00  7.776664E+09  2.120232E+09  1.512151E+27  2.281558E+18  1.035390E+08  9.780274E+08  2.456439E+01  9.733765E-01
    333  4.4482829129532325E-01  0.0000000000000000E+00  0.0000000000000000E+00  7.786218E+09  2.120306E+09  1.513063E+27  2.280229E+18  1.038318E+08  9.783182E+08  2.444029E+01  9.734597E-01
    334  4.4482967226485604E-01  0.0000000000000000E+00  0.0000000000000000E+00  7.797482E+09  2.120392E+09  1.514141E+27  2.278657E+18  1.041779E+08  9.786616E+08  2.429502E+01  9.735600E-01
    335  4.4483243420392155E-01  0.0000000000000000E+00  0.0000000000000000E+00  7.820010E+09  2.120566E+09  1.516311E+27  2.275474E+18  1.048762E+08  9.793530E+08  2.400581E+01  9.737634E-01
    336  4.4483795808205256E-01  0.0000000000000000E+00  0.0000000000000000E+00  7.852400E+09  2.120754E+09  1.519424E+27  2.270760E+18  1.059061E+08  9.803602E+08  2.358769E+01  9.742633E-01
    337  4.4484732951851713E-01  0.0000000000000000E+00  0.0000000000000000E+00  7.861323E+09  2.120501E+09  1.520005E+27  2.269439E+18  1.061967E+08  9.806191E+08  2.347285E+01  9.743410E-01
    338  4.4486607239144621E-01  0.0000000000000000E+00  0.0000000000000000E+00  7.879168E+09  2.119995E+09  1.521158E+27  2.266829E+18  1.067738E+08  9.811347E+08  2.324837E+01  9.745224E-01
    339  4.4490355813730437E-01  0.0000000000000000E+00  0.0000000000000000E+00  7.914858E+09  2.118981E+09  1.523504E+27  2.261490E+18  1.079466E+08  9.821794E+08  2.280192E+01  9.749134E-01
    340  4.4497852962902074E-01  0.0000000000000000E+00  0.0000000000000000E+00  7.986239E+09  2.116955E+09  1.528337E+27  2.250338E+18  1.103632E+08  9.843204E+08  2.192243E+01  9.757291E-01
    341  4.4499351543552274E-01  0.0000000000000000E+00  0.0000000000000000E+00  8.000508E+09  2.116550E+09  1.529326E+27  2.248028E+18  1.108574E+08  9.847567E+08  2.174905E+01  9.758521E-01
    342  4.4501464193480811E-01  0.0000000000000000E+00  0.0000000000000000E+00  8.020622E+09  2.115979E+09  1.530735E+27  2.244729E+18  1.115614E+08  9.853769E+08  2.150569E+01  9.760790E-01
    343  4.4505689493337880E-01  0.0000000000000000E+00  0.0000000000000000E+00  8.060852E+09  2.114837E+09  1.533603E+27  2.237964E+18  1.129939E+08  9.866354E+08  2.102327E+01  9.765476E-01
    344  4.4514140093052024E-01  0.0000000000000000E+00  0.0000000000000000E+00  8.141311E+09  2.112553E+09  1.539536E+27  2.223769E+18  1.159543E+08  9.892233E+08  2.007866E+01  9.774817E-01
    345  4.4515830212994850E-01  0.0000000000000000E+00  0.0000000000000000E+00  8.157403E+09  2.112096E+09  1.540757E+27  2.220805E+18  1.165632E+08  9.897534E+08  1.989261E+01  9.776390E-01
    346  4.4518355847570990E-01  0.0000000000000000E+00  0.0000000000000000E+00  8.181450E+09  2.111414E+09  1.542600E+27  2.216325E+18  1.174813E+08  9.905518E+08  1.961735E+01  9.779034E-01
    347  4.4523407116723263E-01  0.0000000000000000E+00  0.0000000000000000E+00  8.229543E+09  2.110049E+09  1.546364E+27  2.207093E+18  1.193553E+08  9.921771E+08  1.907384E+01  9.784303E-01
    348  4.4533509655027809E-01  0.0000000000000000E+00  0.0000000000000000E+00  8.325730E+09  2.107318E+09  1.554210E+27  2.187541E+18  1.232524E+08  9.955414E+08  1.801800E+01  9.794408E-01
    349  4.4535523256195370E-01  0.0000000000000000E+00  0.0000000000000000E+00  8.344902E+09  2.106774E+09  1.555828E+27  2.183450E+18  1.240548E+08  9.962316E+08  1.781222E+01  9.796341E-01
    350  4.4538994056913950E-01  0.0000000000000000E+00  0.0000000000000000E+00  8.377948E+09  2.105836E+09  1.558653E+27  2.176284E+18  1.254533E+08  9.974337E+08  1.746277E+01  9.799522E-01
    351  4.4545935658351110E-01  0.0000000000000000E+00  0.0000000000000000E+00  8.444040E+09  2.103960E+09  1.564470E+27  2.161380E+18  1.282885E+08  9.998976E+08  1.677895E+01  9.805620E-01
    352  4.4559818861225431E-01  0.0000000000000000E+00  0.0000000000000000E+00  8.576223E+09  2.100207E+09  1.576864E+27  2.128970E+18  1.343735E+08  1.005096E+09  1.546576E+01  9.817102E-01
    353  4.4561842588761680E-01  0.0000000000000000E+00  0.0000000000000000E+00  8.595491E+09  2.099660E+09  1.578684E+27  2.124212E+18  1.352580E+08  1.005858E+09  1.529064E+01  9.817932E-01
    354  4.4565696953223299E-01  0.0000000000000000E+00  0.0000000000000000E+00  8.632189E+09  2.098619E+09  1.582308E+27  2.114592E+18  1.370228E+08  1.007366E+09  1.494846E+01  9.820446E-01
    355  4.4573405682146544E-01  0.0000000000000000E+00  0.0000000000000000E+00  8.662953E+09  2.096451E+09  1.584104E+27  2.106495E+18  1.385285E+08  1.008549E+09  1.466982E+01  9.822567E-01
    356  4.4585638584000242E-01  0.0000000000000000E+00  0.0000000000000000E+00  8.662538E+09  2.092913E+09  1.580618E+27  2.106633E+18  1.385775E+08  1.008295E+09  1.466737E+01  9.823229E-01
    357  4.4610104387707633E-01  0.0000000000000000E+00  0.0000000000000000E+00  8.661707E+09  2.085839E+09  1.573573E+27  2.107211E+18  1.386304E+08  1.007757E+09  1.467267E+01  9.824292E-01
    358  4.4659035995122415E-01  0.0000000000000000E+00  0.0000000000000000E+00  8.660074E+09  2.071752E+09  1.559597E+27  2.108310E+18  1.387435E+08  1.006691E+09  1.468180E+01  9.826357E-01
    359  4.4756899209951978E-01  0.0000000000000000E+00  0.0000000000000000E+00  8.657631E+09  2.045481E+09  1.533636E+27  2.110337E+18  1.389736E+08  1.004697E+09  1.469630E+01  9.830236E-01
    360  4.4952625639611110E-01  0.0000000000000000E+00  0.0000000000000000E+00  8.660654E+09  2.009644E+09  1.498113E+27  2.113817E+18  1.393466E+08  1.001852E+09  1.471324E+01  9.836839E-01
    361  4.5344078498929374E-01  0.0000000000000000E+00  0.0000000000000000E+00  8.734857E+09  2.049646E+09  1.535265E+27  2.115487E+18  1.398563E+08  1.004280E+09  1.459588E+01  9.845489E-01
    362  4.5422369070793028E-01  0.0000000000000000E+00  0.0000000000000000E+00  8.756097E+09  2.067481E+09  1.552247E+27  2.115399E+18  1.399429E+08  1.005455E+09  1.455915E+01  9.846938E-01
    363  4.5578950214520336E-01  0.0000000000000000E+00  0.0000000000000000E+00  8.782904E+09  2.080287E+09  1.563919E+27  2.116441E+18  1.401114E+08  1.006128E+09  1.452490E+01  9.850044E-01
    364  4.5892112501974947E-01  0.0000000000000000E+00  0.0000000000000000E+00  8.752619E+09  1.977437E+09  1.463677E+27  2.123030E+18  1.407903E+08  9.984358E+08  1.460787E+01  9.858110E-01
    365  4.5954744959465871E-01  0.0000000000000000E+00  0.0000000000000000E+00  8.737809E+09  1.946925E+09  1.434305E+27  2.124936E+18  1.409057E+08  9.961039E+08  1.464631E+01  9.859707E-01
    366  4.6050169534285551E-01  0.0000000000000000E+00  0.0000000000000000E+00  8.714074E+09  1.899776E+09  1.389235E+27  2.127919E+18  1.410772E+08  9.924540E+08  1.470931E+01  9.862090E-01
    367  4.6241018683924912E-01  0.0000000000000000E+00  0.0000000000000000E+00  8.674093E+09  1.817085E+09  1.311339E+27  2.132618E+18  1.415259E+08  9.859951E+08  1.480032E+01  9.866350E-01
    368  4.6622716983203627E-01  0.0000000000000000E+00  0.0000000000000000E+00  8.647683E+09  1.740864E+09  1.239985E+27  2.138552E+18  1.420417E+08  9.796347E+08  1.488744E+01  9.872071E-01
    369  4.7386113581761063E-01  0.0000000000000000E+00  0.0000000000000000E+00  8.669838E+09  1.695554E+09  1.197654E+27  2.143255E+18  1.430056E+08  9.756392E+08  1.485415E+01  9.879280E-01
    370  4.8386113559409322E-01  0.0000000000000000E+00  0.0000000000000000E+00  8.622963E+09  1.568372E+09  1.081692E+27  2.154742E+18  1.438974E+08  9.641952E+08  1.503164E+01  9.887878E-01
    371  4.9386113537057580E-01  0.0000000000000000E+00  0.0000000000000000E+00  8.576890E+09  1.461736E+09  9.869202E+26  2.164996E+18  1.446141E+08  9.541016E+08  1.521444E+01  9.894417E-01
    372  5.0386113514705833E-01  0.0000000000000000E+00  0.0000000000000000E+00  8.498736E+09  1.334225E+09  8.772167E+26  2.175498E+18  1.455090E+08  9.416445E+08  1.544265E+01  9.900343E-01
    373  5.1386113492354091E-01  0.0000000000000000E+00  0.0000000000000000E+00  8.399475E+09  1.203440E+09  7.681795E+26  2.186939E+18  1.463332E+08  9.279588E+08  1.574094E+01  9.905834E-01
    374  5.2386113470002349E-01  0.0000000000000000E+00  0.0000000000000000E+00  8.292889E+09  1.083939E+09  6.716141E+26  2.198729E+18  1.470068E+08  9.143753E+08  1.608819E+01  9.910827E-01
    375  5.3386113447650607E-01  0.0000000000000000E+00  0.0000000000000000E+00  8.202700E+09  9.926479E+08  5.999363E+26  2.208799E+18  1.475394E+08  9.031675E+08  1.640172E+01  9.914818E-01
    376  5.4386113425298865E-01  0.0000000000000000E+00  0.0000000000000000E+00  8.102105E+09  9.027959E+08  5.312928E+26  2.219700E+18  1.480165E+08  8.913214E+08  1.677505E+01  9.918750E-01
    377  5.5386113402947124E-01  0.0000000000000000E+00  0.0000000000000000E+00  7.988226E+09  8.131907E+08  4.648236E+26  2.231805E+18  1.484396E+08  8.785346E+08  1.722977E+01  9.922716E-01
    378  5.6386113380595382E-01  0.0000000000000000E+00  0.0000000000000000E+00  7.875330E+09  7.337980E+08  4.076861E+26  2.243766E+18  1.488046E+08  8.662333E+08  1.771438E+01  9.926416E-01
    379  5.7386113358243640E-01  0.0000000000000000E+00  0.0000000000000000E+00  7.762121E+09  6.612563E+08  3.570798E+26  2.255752E+18  1.491821E+08  8.540945E+08  1.823710E+01  9.929774E-01
    380  5.8386113335891898E-01  0.0000000000000000E+00  0.0000000000000000E+00  7.642148E+09  5.914685E+08  3.099672E+26  2.267918E+18  1.496846E+08  8.415041E+08  1.880809E+01  9.933036E-01
    381  5.8654596999999997E-01  0.0000000000000000E+00  0.0000000000000000E+00  7.611152E+09  5.747662E+08  2.989028E+26  2.271199E+18  1.497843E+08  8.382959E+08  1.896956E+01  9.933800E-01
