    1   2  2.062946E-07 h2   
    1   3  3.733418E-10 h3   
    2   3  1.690237E-08 he3  
    3   6  2.257481E-10 li6  
    3   7  1.798278E-12 li7  
    4   7  2.385175E-11 be7  
    4   9  1.192432E-11 be9  
    5   8  7.138945E-16 b8   
    5   9  1.105590E-10 b9   
    5  10  1.383138E-11 b10  
    5  11  1.806891E-12 b11  
    6  11  4.442495E-11 c11  
    6  12  4.300764E-06 c12  
    6  13  1.774967E-09 c13  
    6  14  2.246355E-11 c14  
    7  12  1.553930E-15 n12  
    7  13  2.966461E-09 n13  
    7  14  4.487257E-09 n14  
    7  15  6.436435E-09 n15  
    8  14  3.020283E-11 o14  
    8  15  4.886366E-09 o15  
    8  16  5.932895E-06 o16  
    8  17  2.048607E-09 o17  
    8  18  9.217882E-12 o18  
    8  19  8.289841E-13 o19  
    9  17  1.585264E-09 f17  
    9  18  9.354890E-11 f18  
    9  19  6.459543E-11 f19  
    9  20  2.336800E-10 f20  
    9  21  5.415129E-12 f21  
   10  17  6.214246E-18 ne17 
   10  18  1.223003E-12 ne18 
   10  19  6.109936E-11 ne19 
   10  20  1.911910E-07 ne20 
   10  21  1.896775E-09 ne21 
   10  22  4.264136E-10 ne22 
   10  23  6.254686E-13 ne23 
   10  24  7.325652E-15 ne24 
   11  19  2.626836E-16 na19 
   11  20  3.295837E-14 na20 
   11  21  4.657866E-10 na21 
   11  22  2.469836E-09 na22 
   11  23  2.676379E-08 na23 
   11  24  2.043561E-10 na24 
   11  25  1.556342E-11 na25 
   11  26  1.374765E-14 na26 
   11  27  2.499950E-17 na27 
   12  20  6.843774E-20 mg20 
   12  21  4.746097E-17 mg21 
   12  22  1.283692E-11 mg22 
   12  23  3.117507E-09 mg23 
   12  24  5.260254E-06 mg24 
   12  25  2.650931E-07 mg25 
   12  26  1.019873E-07 mg26 
   12  27  5.577262E-10 mg27 
   12  28  9.234013E-12 mg28 
   12  29  1.377025E-15 mg29 
   13  22  1.432268E-21 al22 
   13  23  1.324916E-15 al23 
   13  24  1.817772E-12 al24 
   13  25  2.175292E-08 al25 
   13  26  1.570151E-07 al26 
   13  27  3.532995E-06 al27 
   13  28  8.543312E-08 al28 
   13  29  7.743042E-09 al29 
   13  30  9.814682E-12 al30 
   13  31  3.172288E-14 al31 
   14  23  1.361628E-25 si23 
   14  24  5.223034E-19 si24 
   14  25  4.266484E-15 si25 
   14  26  3.153802E-10 si26 
   14  27  1.255029E-07 si27 
   14  28  5.224169E-04 si28 
   14  29  5.188417E-05 si29 
   14  30  2.319889E-05 si30 
   14  31  2.519385E-07 si31 
   14  32  7.646805E-09 si32 
   14  33  3.350686E-12 si33 
   14  34  6.626553E-15 si34 
   15  27  1.185031E-13 p27  
   15  28  9.711996E-11 p28  
   15  29  1.571274E-06 p29  
   15  30  1.001706E-05 p30  
   15  31  7.948563E-05 p31  
   15  32  5.449858E-06 p32  
   15  33  7.890961E-07 p33  
   15  34  3.041622E-09 p34  
   15  35  3.221334E-11 p35  
   15  36  4.864828E-15 p36  
   15  37  4.747618E-18 p37  
   15  38  4.224059E-22 p38  
   16  28  1.829383E-17 s28  
   16  29  1.913658E-13 s29  
   16  30  1.113162E-08 s30  
   16  31  1.278872E-06 s31  
   16  32  4.934550E-04 s32  
   16  33  1.231264E-04 s33  
   16  34  1.135233E-04 s34  
   16  35  1.976071E-06 s35  
   16  36  1.519305E-07 s36  
   16  37  1.248110E-10 s37  
   16  38  4.551883E-13 s38  
   16  39  1.648955E-16 s39  
   16  40  4.160054E-19 s40  
   16  41  1.090476E-22 s41  
   16  42  4.256668E-26 s42  
   17  31  2.075667E-12 cl31 
   17  32  9.416760E-10 cl32 
   17  33  1.527190E-06 cl33 
   17  34  1.513688E-05 cl34 
   17  35  1.622600E-04 cl35 
   17  36  1.540777E-05 cl36 
   17  37  4.936764E-06 cl37 
   17  38  2.007575E-08 cl38 
   17  39  3.054726E-10 cl39 
   17  40  4.483644E-13 cl40 
   17  41  3.864349E-15 cl41 
   17  42  3.720668E-18 cl42 
   17  43  6.976010E-21 cl43 
   17  44  1.870658E-24 cl44 
   17  45  1.587433E-27 cl45 
   18  32  3.331731E-16 ar32 
   18  33  2.225322E-12 ar33 
   18  34  9.949603E-09 ar34 
   18  35  1.218828E-06 ar35 
   18  36  3.751988E-04 ar36 
   18  37  1.194009E-04 ar37 
   18  38  1.844509E-04 ar38 
   18  39  3.841993E-06 ar39 
   18  40  2.627127E-07 ar40 
   18  41  2.623948E-09 ar41 
   18  42  5.754097E-11 ar42 
   18  43  1.524066E-13 ar43 
   18  44  8.706158E-16 ar44 
   18  45  1.445548E-18 ar45 
   18  46  6.572094E-21 ar46 
   19  35  1.339753E-12 k35  
   19  36  7.991131E-10 k36  
   19  37  6.772219E-07 k37  
   19  38  1.222121E-05 k38  
   19  39  2.346423E-04 k39  
   19  40  1.994641E-05 k40  
   19  41  4.325093E-06 k41  
   19  42  2.121687E-07 k42  
   19  43  1.594926E-08 k43  
   19  44  1.701403E-10 k44  
   19  45  5.831592E-12 k45  
   19  46  3.045333E-14 k46  
   19  47  2.943538E-16 k47  
   19  48  1.669247E-19 k48  
   19  49  9.301371E-23 k49  
   20  36  2.418976E-16 ca36 
   20  37  1.112056E-12 ca37 
   20  38  3.358115E-09 ca38 
   20  39  7.506650E-07 ca39 
   20  40  4.204721E-04 ca40 
   20  41  1.366790E-04 ca41 
   20  42  1.298471E-04 ca42 
   20  43  2.113325E-05 ca43 
   20  44  6.845312E-06 ca44 
   20  45  3.541457E-07 ca45 
   20  46  3.534328E-08 ca46 
   20  47  9.176897E-10 ca47 
   20  48  4.168261E-11 ca48 
   20  49  4.393634E-14 ca49 
   21  40  1.759471E-10 sc40 
   21  41  4.573417E-07 sc41 
   21  42  3.003596E-06 sc42 
   21  43  6.653357E-05 sc43 
   21  44  4.318765E-05 sc44 
   21  45  6.895344E-05 sc45 
   21  46  1.096716E-05 sc46 
   21  47  2.727977E-06 sc47 
   21  48  2.138114E-07 sc48 
   21  49  1.877750E-08 sc49 
   21  50  5.610440E-11 sc50 
   21  51  1.210598E-13 sc51 
   22  41  8.197925E-14 ti41 
   22  42  6.940603E-10 ti42 
   22  43  6.463276E-08 ti43 
   22  44  8.179868E-05 ti44 
   22  45  1.936347E-04 ti45 
   22  46  1.078061E-03 ti46 
   22  47  4.971896E-04 ti47 
   22  48  4.112258E-04 ti48 
   22  49  4.726120E-05 ti49 
   22  50  1.027994E-05 ti50 
   22  51  7.103302E-08 ti51 
   22  52  4.256202E-10 ti52 
   22  53  5.195976E-13 ti53 
   23  43  2.501123E-14 v43  
   23  44  6.286191E-11 v44  
   23  45  1.950687E-07 v45  
   23  46  8.153998E-06 v46  
   23  47  6.627596E-04 v47  
   23  48  1.121656E-03 v48  
   23  49  2.819891E-03 v49  
   23  50  7.747757E-04 v50  
   23  51  4.591357E-04 v51  
   23  52  1.111403E-05 v52  
   23  53  2.006213E-07 v53  
   23  54  3.688385E-10 v54  
   23  55  1.557300E-12 v55  
   24  44  1.803981E-17 cr44 
   24  45  1.941278E-13 cr45 
   24  46  5.015028E-10 cr46 
   24  47  2.949632E-07 cr47 
   24  48  3.970951E-04 cr48 
   24  49  2.059451E-03 cr49 
   24  50  1.790245E-02 cr50 
   24  51  1.235854E-02 cr51 
   24  52  1.526349E-02 cr52 
   24  53  1.227584E-03 cr53 
   24  54  1.042240E-04 cr54 
   24  55  7.072982E-07 cr55 
   24  56  4.011589E-09 cr56 
   24  57  6.151334E-12 cr57 
   24  58  9.008789E-15 cr58 
   25  46  1.129160E-17 mn46 
   25  47  4.832093E-13 mn47 
   25  48  2.426106E-10 mn48 
   25  49  1.071129E-06 mn49 
   25  50  7.257662E-05 mn50 
   25  51  6.579769E-03 mn51 
   25  52  1.603528E-02 mn52 
   25  53  5.398544E-02 mn53 
   25  54  1.452668E-02 mn54 
   25  55  3.206847E-03 mn55 
   25  56  7.596490E-05 mn56 
   25  57  1.196140E-06 mn57 
   25  58  4.347644E-09 mn58 
   25  59  3.009619E-11 mn59 
   25  60  2.375080E-14 mn60 
   25  61  5.562957E-17 mn61 
   26  47  3.222037E-21 fe47 
   26  48  7.174711E-17 fe48 
   26  49  4.956012E-13 fe49 
   26  50  2.905863E-09 fe50 
   26  51  2.134406E-06 fe51 
   26  52  1.948815E-03 fe52 
   26  53  1.301512E-02 fe53 
   26  54  1.401464E-01 fe54 
   26  55  9.698993E-02 fe55 
   26  56  7.461160E-02 fe56 
   26  57  5.919459E-03 fe57 
   26  58  4.430752E-04 fe58 
   26  59  4.639484E-06 fe59 
   26  60  5.907853E-08 fe60 
   26  61  1.450082E-10 fe61 
   26  62  5.569070E-13 fe62 
   26  63  6.624636E-16 fe63 
   27  50  5.693682E-17 co50 
   27  51  1.377872E-12 co51 
   27  52  5.907577E-10 co52 
   27  53  1.751346E-06 co53 
   27  54  3.024797E-04 co54 
   27  55  3.181396E-02 co55 
   27  56  5.704009E-02 co56 
   27  57  8.056481E-02 co57 
   27  58  1.745569E-02 co58 
   27  59  3.695214E-03 co59 
   27  60  1.444366E-04 co60 
   27  61  5.095495E-06 co61 
   27  62  3.885820E-08 co62 
   27  63  5.782991E-10 co63 
   27  64  1.319698E-12 co64 
   27  65  6.625762E-15 co65 
   28  51  2.632037E-21 ni51 
   28  52  6.964368E-17 ni52 
   28  53  3.793109E-13 ni53 
   28  54  2.875939E-09 ni54 
   28  55  4.858647E-06 ni55 
   28  56  5.337796E-03 ni56 
   28  57  2.090903E-02 ni57 
   28  58  7.928329E-02 ni58 
   28  59  4.813802E-02 ni59 
   28  60  2.679349E-02 ni60 
   28  61  3.698516E-03 ni61 
   28  62  4.359520E-04 ni62 
   28  63  1.200088E-05 ni63 
   28  64  2.978618E-07 ni64 
   28  65  3.009617E-09 ni65 
   28  66  2.535828E-11 ni66 
   28  67  6.495714E-14 ni67 
   29  55  1.166557E-13 cu55 
   29  56  6.459620E-10 cu56 
   29  57  2.142921E-06 cu57 
   29  58  8.491641E-05 cu58 
   29  59  1.910214E-03 cu59 
   29  60  3.738905E-03 cu60 
   29  61  6.008618E-03 cu61 
   29  62  2.174312E-03 cu62 
   29  63  6.835820E-04 cu63 
   29  64  4.607892E-05 cu64 
   29  65  3.931450E-06 cu65 
   29  66  7.417228E-08 cu66 
   29  67  2.555744E-09 cu67 
   29  68  1.373747E-11 cu68 
   29  69  9.022337E-14 cu69 
   30  57  1.066077E-13 zn57 
   30  58  5.671722E-10 zn58 
   30  59  1.688070E-07 zn59 
   30  60  2.882918E-05 zn60 
   30  61  1.777806E-04 zn61 
   30  62  8.412589E-04 zn62 
   30  63  7.503216E-04 zn63 
   30  64  6.336248E-04 zn64 
   30  65  1.257319E-04 zn65 
   30  66  2.441049E-05 zn66 
   30  67  1.443579E-06 zn67 
   30  68  5.938290E-08 zn68 
   30  69  1.207931E-09 zn69 
   30  70  1.877943E-11 zn70 
   30  71  1.207792E-13 zn71 
   30  72  7.898094E-16 zn72 
   31  59  1.896928E-14 ga59 
   31  60  1.148626E-11 ga60 
   31  61  1.526722E-08 ga61 
   31  62  7.477608E-07 ga62 
   31  63  1.048923E-05 ga63 
   31  64  1.947267E-05 ga64 
   31  65  5.492889E-05 ga65 
   31  66  1.974841E-05 ga66 
   31  67  1.576197E-05 ga67 
   31  68  1.501979E-06 ga68 
   31  69  2.988101E-07 ga69 
   31  70  7.913653E-09 ga70 
   31  71  5.026147E-10 ga71 
   31  72  6.480344E-12 ga72 
   31  73  1.374557E-13 ga73 
   31  74  8.243671E-16 ga74 
   31  75  1.109531E-17 ga75 
   32  62  1.224075E-11 ge62 
   32  63  8.064413E-10 ge63 
   32  64  7.831140E-08 ge64 
   32  65  1.784980E-07 ge65 
   32  66  2.890644E-06 ge66 
   32  67  4.065782E-06 ge67 
   32  68  5.013372E-06 ge68 
   32  69  1.952261E-06 ge69 
   32  70  5.931158E-07 ge70 
   32  71  7.723027E-08 ge71 
   32  72  8.187701E-09 ge72 
   32  73  3.662053E-10 ge73 
   32  74  1.486277E-11 ge74 
   32  75  2.588948E-13 ge75 
   32  76  4.442959E-15 ge76 
   32  77  2.977274E-17 ge77 
   32  78  2.332917E-19 ge78 
   33  65  6.916232E-11 as65 
   33  66  2.259433E-09 as66 
   33  67  8.063004E-09 as67 
   33  68  4.816462E-08 as68 
   33  69  2.738283E-07 as69 
   33  70  1.783862E-07 as70 
   33  71  2.106587E-07 as71 
   33  72  3.782600E-08 as72 
   33  73  1.630805E-08 as73 
   33  74  9.785819E-10 as74 
   33  75  1.511545E-10 as75 
   33  76  4.796860E-12 as76 
   33  77  2.224714E-13 as77 
   33  78  2.055762E-15 as78 
   33  79  4.871447E-17 as79 
   34  67  1.560641E-12 se67 
   34  68  6.309919E-11 se68 
   34  69  5.004559E-10 se69 
   34  70  7.854602E-09 se70 
   34  71  3.258085E-08 se71 
   34  72  5.533976E-08 se72 
   34  73  3.723435E-08 se73 
   34  74  2.230201E-08 se74 
   34  75  4.880732E-09 se75 
   34  76  1.092510E-09 se76 
   34  77  9.297891E-11 se77 
   34  78  5.511139E-12 se78 
   34  79  2.644447E-13 se79 
   34  80  6.832806E-15 se80 
   34  81  1.528277E-16 se81 
   34  82  1.891529E-18 se82 
   34  83  1.077129E-20 se83 
   35  68  3.618314E-17 br68 
   35  69  2.287212E-14 br69 
   35  70  1.009408E-12 br70 
   35  71  4.039714E-11 br71 
   35  72  1.976605E-10 br72 
   35  73  2.180540E-09 br73 
   35  74  2.248651E-09 br74 
   35  75  5.486615E-09 br75 
   35  76  1.771365E-09 br76 
   35  77  1.416705E-09 br77 
   35  78  1.416673E-10 br78 
   35  79  3.273000E-11 br79 
   35  80  2.308635E-12 br80 
   35  81  1.927932E-13 br81 
   35  82  5.910813E-15 br82 
   35  83  2.368975E-16 br83 
   36  69  2.588418E-21 kr69 
   36  70  6.053974E-18 kr70 
   36  71  9.212101E-16 kr71 
   36  72  2.875325E-13 kr72 
   36  73  5.831196E-12 kr73 
   36  74  6.920570E-11 kr74 
   36  75  2.446613E-10 kr75 
   36  76  8.808315E-10 kr76 
   36  77  9.778514E-10 kr77 
   36  78  1.034384E-09 kr78 
   36  79  3.755271E-10 kr79 
   36  80  8.692625E-11 kr80 
   36  81  1.675681E-11 kr81 
   36  82  2.061732E-12 kr82 
   36  83  1.982999E-13 kr83 
   36  84  1.230856E-14 kr84 
   36  85  5.845856E-16 kr85 
   36  86  1.083160E-17 kr86 
   36  87  3.569954E-20 kr87 
   37  73  1.429676E-16 rb73 
   37  74  1.045083E-14 rb74 
   37  75  3.302339E-13 rb75 
   37  76  2.098255E-12 rb76 
   37  77  2.052177E-11 rb77 
   37  78  2.121148E-11 rb78 
   37  79  1.550876E-10 rb79 
   37  80  5.621546E-11 rb80 
   37  81  6.862604E-11 rb81 
   37  82  1.516793E-11 rb82 
   37  83  7.637675E-12 rb83 
   37  84  8.479464E-13 rb84 
   37  85  2.400332E-13 rb85 
   38  74  3.401587E-20 sr74 
   38  75  4.848912E-18 sr75 
   38  76  2.727255E-15 sr76 
   38  77  4.315700E-14 sr77 
   38  78  5.511673E-13 sr78 
   38  79  4.338913E-12 sr79 
   38  80  1.035303E-11 sr80 
   38  81  2.238544E-11 sr81 
   38  82  2.495278E-11 sr82 
   38  83  1.677892E-11 sr83 
   38  84  9.571466E-12 sr84 
   39  75  2.068407E-25 y75  
   39  76  1.415484E-22 y76  
   39  77  2.186734E-19 y77  
   39  78  2.979225E-17 y78  
   39  79  3.270244E-15 y79  
   39  80  2.063387E-13 y80  
   39  81  2.293118E-13 y81  
   39  82  5.848631E-13 y82  
   39  83  2.382863E-12 y83  
   39  84  2.188836E-12 y84  
   39  85  4.908804E-12 y85  
   39  86  2.898478E-12 y86  
   39  87  2.768522E-12 y87  
   40  78  3.580835E-23 zr78 
   40  79  1.318330E-20 zr79 
   40  80  3.147464E-17 zr80 
   40  81  1.302790E-16 zr81 
   40  82  4.228091E-15 zr82 
   40  83  8.866846E-15 zr83 
   40  84  5.401411E-14 zr84 
   40  85  2.923791E-13 zr85 
   40  86  7.836669E-13 zr86 
   40  87  1.437196E-12 zr87 
   40  88  1.930745E-12 zr88 
   40  89  1.896438E-12 zr89 
   40  90  8.491197E-13 zr90 
   41  82  4.211042E-19 nb82 
   41  83  4.775282E-18 nb83 
   41  84  3.075620E-17 nb84 
   41  85  2.067268E-15 nb85 
   41  86  1.118225E-14 nb86 
   41  87  6.275148E-14 nb87 
   41  88  1.501898E-13 nb88 
   41  89  5.067858E-13 nb89 
   41  90  7.099705E-13 nb90 
   42  83  2.130541E-23 mo83 
   42  84  5.820982E-22 mo84 
   42  85  1.286454E-19 mo85 
   42  86  1.012687E-17 mo86 
   42  87  3.339355E-16 mo87 
   42  88  1.541971E-15 mo88 
   42  89  1.196174E-14 mo89 
   42  90  4.992172E-14 mo90 
   43  89  1.147372E-17 tc89 
   43  90  1.333793E-16 tc90 
   43  91  1.162802E-15 tc91 
    0   1  6.704289E-05 neut 
    1   1  9.497683E-03 prot 
    2   4  1.088498E-01 he4  
