                           time                    temp                     den                    ener                    sdot                   sneut                   s-snu                      ye                   1-sum
      1  1.0175522000000001E-04  6.8824811000000000E+08  2.1267807000000000E+09  1.655443E+18  7.935628E+12  0.000000E+00  7.935628E+12  5.000000E-01  0.000000E+00 -4.318237E-03 -5.441582E-16
      2  1.0175522001017553E-04  6.8824811000000012E+08  2.1267807000000000E+09  1.655443E+18  7.937036E+12  0.000000E+00  7.937036E+12  5.000000E-01  0.000000E+00 -6.465208E+07 -8.145620E-06
      3  1.0175522003052657E-04  6.8824811000000036E+08  2.1267807000000002E+09  1.655443E+18  7.939849E+12  0.000000E+00  7.939849E+12  5.000000E-01  0.000000E+00 -1.938344E+08 -2.441286E-05
      4  1.0175522007122866E-04  6.8824811000000083E+08  2.1267807000000007E+09  1.655443E+18  7.945466E+12  0.000000E+00  7.945466E+12  5.000000E-01  0.000000E+00 -4.517127E+08 -5.685163E-05
      5  1.0175522015263284E-04  6.8824811000000191E+08  2.1267807000000017E+09  1.655443E+18  7.956656E+12  0.000000E+00  7.956656E+12  5.000000E-01  0.000000E+00 -9.655288E+08 -1.213486E-04
      6  1.0175522031544119E-04  6.8824811000000381E+08  2.1267807000000033E+09  1.655443E+18  7.978870E+12  0.000000E+00  7.978870E+12  5.000000E-01  0.000000E+00 -1.985445E+09 -2.488379E-04
      7  1.0175522064105789E-04  6.8824811000000787E+08  2.1267807000000067E+09  1.655443E+18  8.022632E+12  0.000000E+00  8.022632E+12  5.000000E-01  0.000000E+00 -3.994774E+09 -4.979381E-04
      8  1.0175522129229130E-04  6.8824811000001585E+08  2.1267807000000136E+09  1.655443E+18  8.107560E+12  0.000000E+00  8.107560E+12  5.000000E-01  0.000000E+00 -7.894239E+09 -9.736887E-04
      9  1.0175522259475811E-04  6.8824811000003183E+08  2.1267807000000274E+09  1.655443E+18  8.267506E+12  0.000000E+00  8.267506E+12  5.000000E-01  0.000000E+00 -1.523816E+10 -1.843138E-03
     10  1.0175522519969174E-04  6.8824811000006378E+08  2.1267807000000548E+09  1.655443E+18  8.551279E+12  0.000000E+00  8.551279E+12  5.000000E-01 -4.440892E-16 -2.826759E+10 -3.305656E-03
     11  1.0175523040955900E-04  6.8824811000012767E+08  2.1267807000001099E+09  1.655443E+18  8.998664E+12  0.000000E+00  8.998664E+12  5.000000E-01  0.000000E+00 -4.880919E+10 -5.424049E-03
     12  1.0175524082929354E-04  6.8824811000025547E+08  2.1267807000002198E+09  1.655443E+18  9.558511E+12  0.000000E+00  9.558511E+12  5.000000E-01 -2.220446E-16 -7.451445E+10 -7.795613E-03
     13  1.0175526166876259E-04  6.8824811000051105E+08  2.1267807000004399E+09  1.655443E+18  1.000853E+13  0.000000E+00  1.000853E+13  5.000000E-01  0.000000E+00 -9.517665E+10 -9.509555E-03
     14  1.0175530334770070E-04  6.8824811000102222E+08  2.1267807000008800E+09  1.655443E+18  1.016657E+13  0.000000E+00  1.016657E+13  5.000000E-01 -2.220446E-16 -1.024323E+11 -1.007540E-02
     15  1.0175538670557692E-04  6.8824811000204444E+08  2.1267807000017602E+09  1.655443E+18  1.017752E+13  0.000000E+00  1.017752E+13  5.000000E-01 -2.220446E-16 -1.029340E+11 -1.011386E-02
     16  1.0175555342132937E-04  6.8824811000408912E+08  2.1267807000035205E+09  1.655443E+18  1.017754E+13  0.000000E+00  1.017754E+13  5.000000E-01 -2.220446E-16 -1.029320E+11 -1.011364E-02
     17  1.0175588685283427E-04  6.8824811000817835E+08  2.1267807000070410E+09  1.655443E+18  1.017774E+13  0.000000E+00  1.017774E+13  5.000000E-01 -2.220446E-16 -1.029358E+11 -1.011381E-02
     18  1.0175655371584406E-04  6.8824811001635683E+08  2.1267807000140820E+09  1.655443E+18  1.017814E+13  0.000000E+00  1.017814E+13  5.000000E-01 -2.220446E-16 -1.029433E+11 -1.011416E-02
     19  1.0175788744186364E-04  6.8824811003271377E+08  2.1267807000281641E+09  1.655443E+18  1.017895E+13  0.000000E+00  1.017895E+13  5.000000E-01 -4.440892E-16 -1.029585E+11 -1.011484E-02
     20  1.0176055489390281E-04  6.8824811006542754E+08  2.1267807000563283E+09  1.655443E+18  1.018056E+13  0.000000E+00  1.018056E+13  5.000000E-01 -2.220446E-16 -1.029888E+11 -1.011622E-02
     21  1.0176588979798114E-04  6.8824811013085520E+08  2.1267807001126568E+09  1.655443E+18  1.018379E+13  0.000000E+00  1.018379E+13  5.000000E-01  0.000000E+00 -1.030494E+11 -1.011897E-02
     22  1.0177655960613782E-04  6.8824811026171052E+08  2.1267807002253137E+09  1.655443E+18  1.019023E+13  0.000000E+00  1.019023E+13  5.000000E-01  0.000000E+00 -1.031704E+11 -1.012445E-02
     23  1.0179789922245117E-04  6.8824811052342129E+08  2.1267807004506276E+09  1.655443E+18  1.020309E+13  0.000000E+00  1.020309E+13  5.000000E-01  0.000000E+00 -1.034121E+11 -1.013537E-02
     24  1.0184057845507785E-04  6.8824811104684269E+08  2.1267807009012554E+09  1.655443E+18  1.022872E+13  0.000000E+00  1.022872E+13  5.000000E-01 -2.220446E-16 -1.038938E+11 -1.015707E-02
     25  1.0192593692033123E-04  6.8824811209368539E+08  2.1267807018025107E+09  1.655443E+18  1.027963E+13  0.000000E+00  1.027963E+13  5.000000E-01  0.000000E+00 -1.048504E+11 -1.019982E-02
     26  1.0209665385083798E-04  6.8824811418737102E+08  2.1267807036050215E+09  1.655443E+18  1.038002E+13  0.000000E+00  1.038002E+13  5.000000E-01  2.220446E-16 -1.067369E+11 -1.028291E-02
     27  1.0243808771185149E-04  6.8824811837474215E+08  2.1267807072100430E+09  1.655443E+18  1.057522E+13  0.000000E+00  1.057522E+13  5.000000E-01  1.110223E-16 -1.104048E+11 -1.043995E-02
     28  1.0312095543387850E-04  6.8824812674948442E+08  2.1267807144200859E+09  1.655443E+18  1.094426E+13  0.000000E+00  1.094426E+13  5.000000E-01  1.110223E-16 -1.173392E+11 -1.072153E-02
     29  1.0448669087793252E-04  6.8824814349896896E+08  2.1267807288401721E+09  1.655443E+18  1.160387E+13  0.000000E+00  1.160387E+13  5.000000E-01  3.330669E-16 -1.297332E+11 -1.118016E-02
     30  1.0721816176604055E-04  6.8824817699793804E+08  2.1267807576803441E+09  1.655443E+18  1.265904E+13  0.000000E+00  1.265904E+13  5.000000E-01  1.110223E-16 -1.495583E+11 -1.181435E-02
     31  1.1268110354225661E-04  6.8824824399587631E+08  2.1267808153606882E+09  1.655443E+18  1.401783E+13  0.000000E+00  1.401783E+13  5.000000E-01  2.220446E-16 -1.750835E+11 -1.249006E-02
     32  1.2360698709468874E-04  6.8824837799175262E+08  2.1267809307213764E+09  1.655443E+18  1.517123E+13  0.000000E+00  1.517123E+13  5.000000E-01  3.330669E-16 -1.967390E+11 -1.296790E-02
     33  1.4545875419955299E-04  6.8824864598350537E+08  2.1267811614427531E+09  1.655443E+18  1.562011E+13  0.000000E+00  1.562011E+13  5.000000E-01  4.440892E-16 -2.051485E+11 -1.313361E-02
     34  1.8916228840928150E-04  6.8824918196701097E+08  2.1267816228855062E+09  1.655443E+18  1.565953E+13  0.000000E+00  1.565953E+13  5.000000E-01  5.551115E-16 -2.058719E+11 -1.314675E-02
     35  2.7656935682873854E-04  6.8825029310598123E+08  2.1267828327084303E+09  1.655443E+18  1.566008E+13  0.000000E+00  1.566008E+13  5.000000E-01  4.440892E-16 -2.058756E+11 -1.314652E-02
     36  4.5138349366765263E-04  6.8825269535266399E+08  2.1267862492486572E+09  1.655443E+18  1.566154E+13  0.000000E+00  1.566154E+13  5.000000E-01  3.330669E-16 -2.058940E+11 -1.314647E-02
     37  8.0101176734548069E-04  6.8825831970181513E+08  2.1267970098127878E+09  1.655443E+18  1.566492E+13  0.000000E+00  1.566492E+13  5.000000E-01  3.330669E-16 -2.059382E+11 -1.314646E-02
     38  1.5002683147011370E-03  6.8827186183989644E+08  2.1268296424759440E+09  1.655443E+18  1.567344E+13  0.000000E+00  1.567344E+13  5.000000E-01  3.330669E-16 -2.060470E+11 -1.314625E-02
     39  2.8987814094124497E-03  6.8829233330524385E+08  2.1268577285863836E+09  1.655443E+18  1.568562E+13  0.000000E+00  1.568562E+13  5.000000E-01  5.551115E-16 -2.062048E+11 -1.314611E-02
     40  5.6958075988350742E-03  6.8831589482069552E+08  2.1267767986677465E+09  1.655443E+18  1.569777E+13  0.000000E+00  1.569777E+13  5.000000E-01  3.330669E-16 -2.063488E+11 -1.314510E-02
     41  1.1289859977680325E-02  6.8831815880880618E+08  2.1262550726792536E+09  1.655443E+18  1.568886E+13  0.000000E+00  1.568886E+13  5.000000E-01  5.551115E-16 -2.061933E+11 -1.314265E-02
     42  2.1289859754162907E-02  6.8744616464300096E+08  2.1202607501843176E+09  1.655443E+18  1.509263E+13  0.000000E+00  1.509263E+13  5.000000E-01  5.551115E-16 -1.980341E+11 -1.312124E-02
     43  3.1289859530645489E-02  6.8746983496328843E+08  2.1196202408307707E+09  1.655443E+18  1.509411E+13  0.000000E+00  1.509411E+13  5.000000E-01  5.551115E-16 -1.979927E+11 -1.311722E-02
     44  4.1289859307128071E-02  6.8757717263538551E+08  2.1192615309924698E+09  1.655444E+18  1.514526E+13  0.000000E+00  1.514526E+13  5.000000E-01  5.551115E-16 -1.986267E+11 -1.311477E-02
     45  5.1289859083610653E-02  6.8762760889965165E+08  2.1184767127124367E+09  1.655444E+18  1.515703E+13  0.000000E+00  1.515703E+13  5.000000E-01  1.110223E-16 -1.987277E+11 -1.311126E-02
     46  6.1289858860093235E-02  6.8761326742626560E+08  2.1171796547652369E+09  1.655444E+18  1.512309E+13  0.000000E+00  1.512309E+13  5.000000E-01  3.330669E-16 -1.982112E+11 -1.310652E-02
     47  7.1289858636575817E-02  6.8768959955186510E+08  2.1166177445977507E+09  1.655444E+18  1.515343E+13  0.000000E+00  1.515343E+13  5.000000E-01  2.220446E-16 -1.985638E+11 -1.310355E-02
     48  8.1289858413058400E-02  6.8780778676825643E+08  2.1164741046362336E+09  1.655444E+18  1.521560E+13  0.000000E+00  1.521560E+13  5.000000E-01  0.000000E+00 -1.993454E+11 -1.310138E-02
     49  9.1289858189540982E-02  6.8791987222457218E+08  2.1165989618233843E+09  1.655444E+18  1.528150E+13  0.000000E+00  1.528150E+13  5.000000E-01  0.000000E+00 -2.001740E+11 -1.309911E-02
     50  1.0128985796602356E-01  6.8796656744439316E+08  2.1167055415255768E+09  1.655444E+18  1.531337E+13  0.000000E+00  1.531337E+13  5.000000E-01 -2.220446E-16 -2.005377E+11 -1.309559E-02
     51  1.1128985774250615E-01  6.8755850733128595E+08  2.1147977211699190E+09  1.655445E+18  1.506231E+13  0.000000E+00  1.506231E+13  5.000000E-01  2.220446E-16 -1.970660E+11 -1.308339E-02
     52  1.2128985751898873E-01  6.8738598213484454E+08  2.1150488086614866E+09  1.655445E+18  1.498570E+13  0.000000E+00  1.498570E+13  5.000000E-01  1.110223E-16 -1.959499E+11 -1.307579E-02
     53  1.3128985729547132E-01  6.8769028031039488E+08  2.1192106977710772E+09  1.655445E+18  1.524768E+13  0.000000E+00  1.524768E+13  5.000000E-01  2.220446E-16 -1.993991E+11 -1.307734E-02
     54  1.4128985707195391E-01  6.8705445114962780E+08  2.1185232344970012E+09  1.655445E+18  1.491195E+13  0.000000E+00  1.491195E+13  5.000000E-01  1.110223E-16 -1.947628E+11 -1.306085E-02
     55  1.5128985684843649E-01  6.8613186817007756E+08  2.1179734165684853E+09  1.655445E+18  1.444562E+13  0.000000E+00  1.444562E+13  5.000000E-01  0.000000E+00 -1.883577E+11 -1.303909E-02
     56  1.6128985662491907E-01  6.8510427390786707E+08  2.1179375303851550E+09  1.655445E+18  1.395467E+13  0.000000E+00  1.395467E+13  5.000000E-01 -2.220446E-16 -1.816240E+11 -1.301529E-02
     57  1.7128985640140165E-01  6.8381426838063323E+08  2.1178469739783700E+09  1.655445E+18  1.335866E+13  0.000000E+00  1.335866E+13  5.000000E-01  3.330669E-16 -1.734843E+11 -1.298666E-02
     58  1.8128985617788423E-01  6.8220902595324230E+08  2.1178789990014012E+09  1.655446E+18  1.265259E+13  0.000000E+00  1.265259E+13  5.000000E-01  3.330669E-16 -1.638776E+11 -1.295210E-02
     59  1.9128985595436682E-01  6.8022136848784924E+08  2.1177790971363912E+09  1.655446E+18  1.182378E+13  0.000000E+00  1.182378E+13  5.000000E-01  0.000000E+00 -1.526500E+11 -1.291043E-02
     60  2.0128985573084940E-01  6.7780685825306213E+08  2.1178383535501547E+09  1.655446E+18  1.088875E+13  0.000000E+00  1.088875E+13  5.000000E-01  3.330669E-16 -1.400384E+11 -1.286083E-02
     61  2.1128985550733198E-01  6.7485550073472703E+08  2.1172254897150695E+09  1.655446E+18  9.829285E+12  0.000000E+00  9.829285E+12  5.000000E-01  2.220446E-16 -1.258256E+11 -1.280109E-02
     62  2.2128985528381456E-01  6.7135394413484991E+08  2.1170192587492070E+09  1.655446E+18  8.706291E+12  0.000000E+00  8.706291E+12  5.000000E-01  2.220446E-16 -1.108409E+11 -1.273113E-02
     63  2.3128985506029714E-01  6.6716197712520051E+08  2.1163402363054569E+09  1.655446E+18  7.516178E+12  0.000000E+00  7.516178E+12  5.000000E-01  5.551115E-16 -9.506517E+10 -1.264807E-02
     64  2.4128985483677973E-01  6.6212216922413278E+08  2.1156397156622698E+09  1.655446E+18  6.290714E+12  0.000000E+00  6.290714E+12  5.000000E-01  3.330669E-16 -7.894283E+10 -1.254910E-02
     65  2.5128985461326231E-01  6.5613722478593469E+08  2.1151339088317151E+09  1.655446E+18  5.084416E+12  0.000000E+00  5.084416E+12  5.000000E-01  1.110223E-16 -6.321105E+10 -1.243231E-02
     66  2.6128985438974489E-01  6.4903114727156651E+08  2.1142616354746125E+09  1.655446E+18  3.935372E+12  0.000000E+00  3.935372E+12  5.000000E-01  4.440892E-16 -4.838241E+10 -1.229424E-02
     67  2.7128985416622747E-01  6.4075961498640573E+08  2.1134415783357816E+09  1.655446E+18  2.909803E+12  0.000000E+00  2.909803E+12  5.000000E-01  2.220446E-16 -3.530813E+10 -1.213420E-02
     68  2.8128985394271006E-01  6.4086554707352424E+08  2.1118480698375978E+09  1.655446E+18  2.911911E+12  0.000000E+00  2.911911E+12  5.000000E-01  0.000000E+00 -3.532582E+10 -1.213149E-02
     69  2.9128985371919264E-01  6.4540429619633102E+08  2.1101807532482197E+09  1.655446E+18  3.425762E+12  0.000000E+00  3.425762E+12  5.000000E-01  0.000000E+00 -4.185219E+10 -1.221690E-02
     70  3.0128985349567522E-01  6.4993419399257016E+08  2.1082282601860256E+09  1.655446E+18  4.023279E+12  0.000000E+00  4.023279E+12  5.000000E-01  0.000000E+00 -4.950156E+10 -1.230379E-02
     71  3.1128985327215780E-01  6.5411378724330139E+08  2.1049547364628916E+09  1.655446E+18  4.650330E+12  0.000000E+00  4.650330E+12  5.000000E-01  0.000000E+00 -5.759092E+10 -1.238427E-02
     72  3.2128985304864038E-01  6.5842910892818701E+08  2.1023517609404173E+09  1.655446E+18  5.400890E+12  0.000000E+00  5.400890E+12  5.000000E-01  1.110223E-16 -6.732811E+10 -1.246611E-02
     73  3.3128985282512297E-01  6.6267744264952946E+08  2.1003720992052050E+09  1.655447E+18  6.257550E+12  0.000000E+00  6.257550E+12  5.000000E-01  0.000000E+00 -7.851190E+10 -1.254675E-02
     74  3.4128985260160555E-01  6.6634824373723984E+08  2.0962834309487398E+09  1.655447E+18  7.072947E+12  0.000000E+00  7.072947E+12  5.000000E-01  0.000000E+00 -8.923531E+10 -1.261643E-02
     75  3.5128985237808813E-01  6.6958683414350843E+08  2.0920644569405096E+09  1.655447E+18  7.866833E+12  0.000000E+00  7.866833E+12  5.000000E-01  1.110223E-16 -9.972746E+10 -1.267695E-02
     76  3.6128985215457071E-01  6.7359282030621099E+08  2.0938095120207961E+09  1.655447E+18  9.068977E+12  0.000000E+00  9.068977E+12  5.000000E-01  0.000000E+00 -1.156452E+11 -1.275174E-02
     77  3.7128985193105329E-01  6.7978313436570752E+08  2.0902400546772046E+09  1.655447E+18  1.115582E+13  0.000000E+00  1.115582E+13  5.000000E-01  1.110223E-16 -1.435133E+11 -1.286444E-02
     78  3.8128985170753588E-01  6.8131733899300194E+08  2.0793055891736696E+09  1.655447E+18  1.155601E+13  0.000000E+00  1.155601E+13  5.000000E-01  2.220446E-16 -1.490227E+11 -1.289569E-02
     79  3.9128985148401846E-01  6.8422689736159337E+08  2.0791540659957643E+09  1.655447E+18  1.276021E+13  0.000000E+00  1.276021E+13  5.000000E-01  1.110223E-16 -1.652153E+11 -1.294770E-02
     80  4.0128985126050104E-01  6.9047438889164233E+08  2.0803683633444123E+09  1.655447E+18  1.579768E+13  0.000000E+00  1.579768E+13  5.000000E-01  1.110223E-16 -2.063772E+11 -1.306376E-02
     81  4.1128985103698362E-01  6.9567618343682528E+08  2.0693784353179886E+09  1.655447E+18  1.849660E+13  0.000000E+00  1.849660E+13  5.000000E-01  5.551115E-16 -2.435735E+11 -1.316855E-02
     82  4.2128985081346620E-01  7.1449989239173436E+08  2.0569582555161245E+09  1.655448E+18  3.356746E+13  0.000000E+00  3.356746E+13  5.000000E-01  4.440892E-16 -4.532874E+11 -1.350377E-02
     83  4.3128985058994879E-01  7.4279163429752970E+08  2.0560241492000146E+09  1.655448E+18  8.156793E+13  0.000000E+00  8.156793E+13  5.000000E-01  3.330669E-16 -1.140348E+12 -1.398034E-02
     84  4.4128985036643137E-01  7.7633355064952958E+08  2.0578702590792530E+09  1.655450E+18  2.283147E+14  0.000000E+00  2.283147E+14  5.000000E-01  0.000000E+00 -3.346907E+12 -1.465918E-02
     85  4.4128985136643134E-01  7.7633355427997088E+08  2.0578702589924250E+09  1.655450E+18  2.284828E+14  0.000000E+00  2.284828E+14  5.000000E-01  1.110223E-16 -3.355615E+12 -1.468651E-02
     86  4.4128985336643128E-01  7.7633356154085350E+08  2.0578702588187690E+09  1.655450E+18  2.284824E+14  0.000000E+00  2.284824E+14  5.000000E-01  1.110223E-16 -3.355623E+12 -1.468657E-02
     87  4.4128985736643117E-01  7.7633357606261873E+08  2.0578702584714572E+09  1.655450E+18  2.284806E+14  0.000000E+00  2.284806E+14  5.000000E-01 -2.220446E-16 -3.355584E+12 -1.468652E-02
     88  4.4128986536643100E-01  7.7633360510614944E+08  2.0578702577768335E+09  1.655450E+18  2.284769E+14  0.000000E+00  2.284769E+14  5.000000E-01 -2.220446E-16 -3.355508E+12 -1.468642E-02
     89  4.4128988136643066E-01  7.7633366319321084E+08  2.0578702563875861E+09  1.655450E+18  2.284696E+14  0.000000E+00  2.284696E+14  5.000000E-01 -2.220446E-16 -3.355357E+12 -1.468623E-02
     90  4.4128991336642992E-01  7.7633377936733341E+08  2.0578702536090913E+09  1.655450E+18  2.284551E+14  0.000000E+00  2.284551E+14  5.000000E-01 -2.220446E-16 -3.355056E+12 -1.468585E-02
     91  4.4128997736642850E-01  7.7633401171557879E+08  2.0578702480521019E+09  1.655450E+18  2.284266E+14  0.000000E+00  2.284266E+14  5.000000E-01  0.000000E+00 -3.354467E+12 -1.468509E-02
     92  4.4129010536642566E-01  7.7633447641206956E+08  2.0578702369381227E+09  1.655450E+18  2.283719E+14  0.000000E+00  2.283719E+14  5.000000E-01 -2.220446E-16 -3.353332E+12 -1.468364E-02
     93  4.4129036136641991E-01  7.7633540580505085E+08  2.0578702147101645E+09  1.655450E+18  2.282706E+14  0.000000E+00  2.282706E+14  5.000000E-01  1.110223E-16 -3.351229E+12 -1.468095E-02
     94  4.4129087336640849E-01  7.7633726459101355E+08  2.0578701702542484E+09  1.655450E+18  2.280971E+14  0.000000E+00  2.280971E+14  5.000000E-01  2.220446E-16 -3.347616E+12 -1.467628E-02
     95  4.4129189736638558E-01  7.7634098216293895E+08  2.0578700813424160E+09  1.655450E+18  2.278430E+14  0.000000E+00  2.278430E+14  5.000000E-01  0.000000E+00 -3.342294E+12 -1.466929E-02
     96  4.4129394536633981E-01  7.7634841730678988E+08  2.0578699035187511E+09  1.655450E+18  2.275758E+14  0.000000E+00  2.275758E+14  5.000000E-01  0.000000E+00 -3.336578E+12 -1.466139E-02
     97  4.4129804136624828E-01  7.7636328759449172E+08  2.0578695478714213E+09  1.655450E+18  2.274629E+14  0.000000E+00  2.274629E+14  5.000000E-01  0.000000E+00 -3.333762E+12 -1.465629E-02
     98  4.4130623336606517E-01  7.7639302816989529E+08  2.0578688365767620E+09  1.655450E+18  2.276091E+14  0.000000E+00  2.276091E+14  5.000000E-01  0.000000E+00 -3.335723E+12 -1.465549E-02
     99  4.4132261736569894E-01  7.7645250932070243E+08  2.0578674139874432E+09  1.655450E+18  2.280064E+14  0.000000E+00  2.280064E+14  5.000000E-01 -2.220446E-16 -3.341778E+12 -1.465651E-02
    100  4.4135538536496655E-01  7.7657147162231684E+08  2.0578645688088055E+09  1.655450E+18  2.288046E+14  0.000000E+00  2.288046E+14  5.000000E-01  0.000000E+00 -3.353953E+12 -1.465859E-02
    101  4.4142092136350169E-01  7.7680939622554553E+08  2.0578588784515300E+09  1.655450E+18  2.304076E+14  0.000000E+00  2.304076E+14  5.000000E-01  0.000000E+00 -3.378399E+12 -1.466271E-02
    102  4.4155199336057199E-01  7.7727592580952561E+08  2.0578323678541694E+09  1.655450E+18  2.335784E+14  0.000000E+00  2.335784E+14  5.000000E-01  1.110223E-16 -3.426785E+12 -1.467081E-02
    103  4.4181413735471264E-01  7.7820834383204579E+08  2.0577783057958941E+09  1.655450E+18  2.400439E+14  0.000000E+00  2.400439E+14  5.000000E-01  3.330669E-16 -3.525540E+12 -1.468706E-02
    104  4.4233842534299389E-01  7.8006988195958614E+08  2.0576538324149168E+09  1.655450E+18  2.534622E+14  0.000000E+00  2.534622E+14  5.000000E-01  3.330669E-16 -3.730828E+12 -1.471946E-02
    105  4.4338700131955638E-01  8.1195315264981866E+08  2.0602823025879962E+09  1.655450E+18  6.084654E+14  0.000000E+00  6.084654E+14  5.000000E-01  8.881784E-16 -9.108045E+12 -1.496888E-02
    106  4.4338701897596944E-01  8.1195513771894789E+08  2.0602825070491850E+09  1.655450E+18  6.109963E+14  0.000000E+00  6.109963E+14  5.000000E-01  2.220446E-16 -9.237086E+12 -1.511807E-02
    107  4.4338705428879549E-01  8.1195910785720003E+08  2.0602829159715617E+09  1.655450E+18  6.114688E+14  0.000000E+00  6.114688E+14  5.000000E-01  2.220446E-16 -9.246817E+12 -1.512230E-02
    108  4.4338712491444765E-01  8.1196704813371062E+08  2.0602837338163159E+09  1.655450E+18  6.123892E+14  0.000000E+00  6.123892E+14  5.000000E-01  3.330669E-16 -9.265746E+12 -1.513049E-02
    109  4.4338726616575191E-01  8.1198292868672562E+08  2.0602853695058234E+09  1.655450E+18  6.141365E+14  0.000000E+00  6.141365E+14  5.000000E-01  2.220446E-16 -9.301607E+12 -1.514583E-02
    110  4.4338754866836044E-01  8.1201468979275572E+08  2.0602886408848383E+09  1.655450E+18  6.172919E+14  0.000000E+00  6.172919E+14  5.000000E-01  2.220446E-16 -9.366071E+12 -1.517284E-02
    111  4.4338811367357750E-01  8.1207821200481570E+08  2.0602951836428685E+09  1.655450E+18  6.224790E+14  0.000000E+00  6.224790E+14  5.000000E-01  1.110223E-16 -9.470963E+12 -1.521491E-02
    112  4.4338924368401167E-01  8.1220525642894185E+08  2.0603082691589296E+09  1.655450E+18  6.297516E+14  0.000000E+00  6.297516E+14  5.000000E-01  0.000000E+00 -9.614384E+12 -1.526695E-02
    113  4.4339150370487995E-01  8.1245934527718806E+08  2.0603344401910508E+09  1.655450E+18  6.382147E+14  0.000000E+00  6.382147E+14  5.000000E-01 -2.220446E-16 -9.771023E+12 -1.530993E-02
    114  4.4339602374661657E-01  8.1296752297368658E+08  2.0603867822552938E+09  1.655450E+18  6.486881E+14  0.000000E+00  6.486881E+14  5.000000E-01  1.110223E-16 -9.945813E+12 -1.533220E-02
    115  4.4340506383008976E-01  8.1398387836667752E+08  2.0604914663837793E+09  1.655450E+18  6.674695E+14  0.000000E+00  6.674695E+14  5.000000E-01 -2.220446E-16 -1.024731E+13 -1.535248E-02
    116  4.4342314399703614E-01  8.1601658915265942E+08  2.0607008346407504E+09  1.655450E+18  7.063437E+14  0.000000E+00  7.063437E+14  5.000000E-01 -4.440892E-16 -1.087126E+13 -1.539090E-02
    117  4.4345930433092889E-01  8.2008201072462320E+08  2.0611195711546926E+09  1.655450E+18  7.905028E+14  0.000000E+00  7.905028E+14  5.000000E-01  0.000000E+00 -1.222648E+13 -1.546672E-02
    118  4.4353162499871440E-01  8.2821285386855078E+08  2.0619570441825769E+09  1.655450E+18  9.881811E+14  0.000000E+00  9.881811E+14  5.000000E-01  0.000000E+00 -1.543347E+13 -1.561806E-02
    119  4.4367626633428547E-01  8.4447454015641224E+08  2.0636319902383463E+09  1.655450E+18  1.531842E+15  0.000000E+00  1.531842E+15  5.000000E-01 -2.220446E-16 -2.438092E+13 -1.591608E-02
    120  4.4396554900542762E-01  8.7699791273213494E+08  2.0669818823498850E+09  1.655451E+18  3.562257E+15  0.000000E+00  3.562257E+15  5.000000E-01 -2.220446E-16 -5.869232E+13 -1.647616E-02
    121  4.4396554906328417E-01  8.7699791923681164E+08  2.0669818830198636E+09  1.655451E+18  3.563013E+15  0.000000E+00  3.563013E+15  5.000000E-01 -2.220446E-16 -5.873654E+13 -1.648507E-02
    122  4.4396554917899722E-01  8.7699793224615860E+08  2.0669818843598204E+09  1.655451E+18  3.563017E+15  0.000000E+00  3.563017E+15  5.000000E-01 -4.440892E-16 -5.873663E+13 -1.648508E-02
    123  4.4396554941042338E-01  8.7699795826485872E+08  2.0669818870397344E+09  1.655451E+18  3.563026E+15  0.000000E+00  3.563026E+15  5.000000E-01 -4.440892E-16 -5.873681E+13 -1.648509E-02
    124  4.4396554987327563E-01  8.7699801030225301E+08  2.0669818923995614E+09  1.655451E+18  3.563044E+15  0.000000E+00  3.563044E+15  5.000000E-01  1.110223E-16 -5.873719E+13 -1.648512E-02
    125  4.4396555079898020E-01  8.7699811437704754E+08  2.0669819031192164E+09  1.655451E+18  3.563078E+15  0.000000E+00  3.563078E+15  5.000000E-01  3.330669E-16 -5.873793E+13 -1.648516E-02
    126  4.4396555265038928E-01  8.7699832252663052E+08  2.0669819245585258E+09  1.655451E+18  3.563148E+15  0.000000E+00  3.563148E+15  5.000000E-01  4.440892E-16 -5.873942E+13 -1.648526E-02
    127  4.4396555635320745E-01  8.7699873882579637E+08  2.0669819674371445E+09  1.655451E+18  3.563286E+15  0.000000E+00  3.563286E+15  5.000000E-01  1.110223E-16 -5.874239E+13 -1.648545E-02
    128  4.4396556375884383E-01  8.7699957142413437E+08  2.0669820531943827E+09  1.655451E+18  3.563562E+15  0.000000E+00  3.563562E+15  5.000000E-01  4.440892E-16 -5.874830E+13 -1.648584E-02
    129  4.4396557857011659E-01  8.7700123662081039E+08  2.0669822247088587E+09  1.655451E+18  3.564108E+15  0.000000E+00  3.564108E+15  5.000000E-01  0.000000E+00 -5.875999E+13 -1.648659E-02
    130  4.4396560819266212E-01  8.7700456701416242E+08  2.0669825677378109E+09  1.655451E+18  3.565181E+15  0.000000E+00  3.565181E+15  5.000000E-01 -2.220446E-16 -5.878292E+13 -1.648806E-02
    131  4.4396566743775318E-01  8.7701122780086660E+08  2.0669832537957153E+09  1.655451E+18  3.567247E+15  0.000000E+00  3.567247E+15  5.000000E-01 -2.220446E-16 -5.882696E+13 -1.649086E-02
    132  4.4396578592793529E-01  8.7702454937427485E+08  2.0669846259115245E+09  1.655451E+18  3.571091E+15  0.000000E+00  3.571091E+15  5.000000E-01 -2.220446E-16 -5.890841E+13 -1.649591E-02
    133  4.4396602290829951E-01  8.7705119252109122E+08  2.0669873701431425E+09  1.655451E+18  3.577796E+15  0.000000E+00  3.577796E+15  5.000000E-01 -2.220446E-16 -5.904868E+13 -1.650421E-02
    134  4.4396649686902789E-01  8.7710447881471789E+08  2.0669928586063778E+09  1.655451E+18  3.588342E+15  0.000000E+00  3.588342E+15  5.000000E-01  0.000000E+00 -5.926330E+13 -1.651551E-02
    135  4.4396744479048467E-01  8.7721105140197110E+08  2.0670038355328486E+09  1.655451E+18  3.603225E+15  0.000000E+00  3.603225E+15  5.000000E-01 -2.220446E-16 -5.954945E+13 -1.652671E-02
    136  4.4396934063339827E-01  8.7742419657648396E+08  2.0670257893857908E+09  1.655451E+18  3.625117E+15  0.000000E+00  3.625117E+15  5.000000E-01 -2.220446E-16 -5.993986E+13 -1.653460E-02
    137  4.4397313231922547E-01  8.7785048692550945E+08  2.0670696970916753E+09  1.655451E+18  3.665071E+15  0.000000E+00  3.665071E+15  5.000000E-01 -2.220446E-16 -6.063086E+13 -1.654289E-02
    138  4.4398071569087988E-01  8.7870306762356055E+08  2.0671575125034442E+09  1.655451E+18  3.745630E+15  0.000000E+00  3.745630E+15  5.000000E-01 -2.220446E-16 -6.202158E+13 -1.655839E-02
    139  4.4399588243418864E-01  9.9658576150117850E+08  2.0680721612246537E+09  1.655452E+18  5.830538E+16  0.000000E+00  5.830538E+16  5.000000E-01 -1.228231E-10 -1.088707E+15 -1.867249E-02
    140  4.4399891578285039E-01  1.0213275947863536E+09  2.0682625035337889E+09  1.655452E+18  9.959443E+16  0.000000E+00  9.959443E+16  5.000000E-01 -1.228233E-10 -1.907350E+15 -1.915117E-02
    141  4.4400498248017389E-01  1.0708112613567038E+09  2.0686431881520598E+09  1.655453E+18  2.755731E+17  0.000000E+00  2.755731E+17  5.000000E-01 -1.228231E-10 -5.527222E+15 -2.005719E-02
    142  4.4401711587482090E-01  1.1697785944974043E+09  2.0694045573886015E+09  1.655463E+18  1.828225E+18  0.000000E+00  1.828225E+18  5.000000E-01 -1.515807E-10 -3.966598E+16 -2.169644E-02
    143  4.4401954255375031E-01  1.1895720611256349E+09  2.0695568312359104E+09  1.655468E+18  2.576090E+18  0.000000E+00  2.576090E+18  5.000000E-01 -1.515810E-10 -5.617298E+16 -2.180552E-02
    144  4.4402439591160914E-01  1.2291589943820963E+09  2.0698613789305286E+09  1.655486E+18  5.180012E+18  0.000000E+00  5.180012E+18  5.000000E-01 -1.515812E-10 -1.139821E+17 -2.200421E-02
    145  4.4402536658318092E-01  1.2370763810335696E+09  2.0699222884694536E+09  1.655492E+18  5.937988E+18  0.000000E+00  5.937988E+18  5.000000E-01 -1.515807E-10 -1.311748E+17 -2.209079E-02
    146  4.4402730792632444E-01  1.2529111543360636E+09  2.0700441075473001E+09  1.655505E+18  7.789711E+18  0.000000E+00  7.789711E+18  5.000000E-01 -1.515805E-10 -1.722493E+17 -2.211242E-02
    147  4.4403119061261148E-01  1.2845807009410515E+09  2.0702877457029932E+09  1.655545E+18  1.335166E+19  0.000000E+00  1.335166E+19  5.000000E-01 -1.515807E-10 -2.935375E+17 -2.198510E-02
    148  4.4403196714986887E-01  1.2909146102618680E+09  2.0703364733341303E+09  1.655556E+18  1.482680E+19  0.000000E+00  1.482680E+19  5.000000E-01 -1.515803E-10 -3.263514E+17 -2.201091E-02
    149  4.4403352022438369E-01  1.3035824289039538E+09  2.0704339285964081E+09  1.655581E+18  1.830656E+19  0.000000E+00  1.830656E+19  5.000000E-01 -1.515805E-10 -4.012311E+17 -2.191734E-02
    150  4.4403662637341335E-01  1.3289180661881251E+09  2.0706288391209641E+09  1.655652E+18  2.799104E+19  0.000000E+00  2.799104E+19  5.000000E-01 -1.515803E-10 -6.022317E+17 -2.151516E-02
    151  4.4404283867147260E-01  1.3795893407560153E+09  2.0710186601700723E+09  1.655929E+18  6.179323E+19  0.000000E+00  6.179323E+19  5.000000E-01 -1.515823E-10 -1.300425E+18 -2.104478E-02
    152  4.4404404865817171E-01  1.3894587268784311E+09  2.0710945867080388E+09  1.656017E+18  8.024410E+19  0.000000E+00  8.024410E+19  5.000000E-01 -1.515819E-10 -1.535046E+18 -1.912970E-02
    153  4.4404599276055085E-01  1.4053160061818047E+09  2.0712165789276297E+09  1.656197E+18  1.058573E+20  0.000000E+00  1.058573E+20  5.000000E-01 -1.515819E-10 -1.929429E+18 -1.822671E-02
    154  4.4404988096530906E-01  1.4370305647880988E+09  2.0714605633668084E+09  1.656744E+18  1.801510E+20  0.000000E+00  1.801510E+20  5.000000E-01 -1.515983E-10 -3.034990E+18 -1.684693E-02
    155  4.4405765737482555E-01  1.5004596820011399E+09  2.0719485322451689E+09  1.659017E+18  4.293111E+20  0.000000E+00  4.293111E+20  5.000000E-01 -1.516429E-10 -7.078900E+18 -1.648898E-02
    156  4.4405906853064381E-01  1.5119699255926166E+09  2.0720370821241798E+09  1.659668E+18  4.944133E+20  0.000000E+00  4.944133E+20  5.000000E-01 -1.516431E-10 -8.348545E+18 -1.688576E-02
    157  4.4406189084228032E-01  1.5349904127755704E+09  2.0722141818822019E+09  1.661273E+18  6.486279E+20  0.000000E+00  6.486279E+20  5.000000E-01 -1.516429E-10 -1.112900E+19 -1.715775E-02
    158  4.4406753546555328E-01  1.5810313871410251E+09  2.0725683813982425E+09  1.666063E+18  1.077290E+21  0.000000E+00  1.077290E+21  5.000000E-01 -1.516434E-10 -1.907249E+19 -1.770413E-02
    159  4.4406866439020787E-01  1.5902395820141158E+09  2.0726392213014505E+09  1.667339E+18  1.183805E+21  0.000000E+00  1.183805E+21  5.000000E-01 -1.516434E-10 -2.104083E+19 -1.777389E-02
    160  4.4407075389781259E-01  1.6072828746154373E+09  2.0727703376836367E+09  1.670034E+18  1.400542E+21  0.000000E+00  1.400542E+21  5.000000E-01 -1.516434E-10 -2.514737E+19 -1.795545E-02
    161  4.4407493291302208E-01  1.6413694598185325E+09  2.0730325704480126E+09  1.676907E+18  1.902920E+21  0.000000E+00  1.902920E+21  5.000000E-01 -1.516429E-10 -3.485977E+19 -1.831910E-02
    162  4.4407576871606397E-01  1.6481867768590610E+09  2.0730850170008872E+09  1.678543E+18  2.012291E+21  0.000000E+00  2.012291E+21  5.000000E-01 -1.516427E-10 -3.696035E+19 -1.836730E-02
    163  4.4407734725091808E-01  1.6610622654857497E+09  2.0731840698967741E+09  1.681887E+18  2.225108E+21  0.000000E+00  2.225108E+21  5.000000E-01 -1.516434E-10 -4.113898E+19 -1.848853E-02
    164  4.4408050432062629E-01  1.6868132427391276E+09  2.0733821756885481E+09  1.689595E+18  2.658296E+21  0.000000E+00  2.658296E+21  5.000000E-01 -1.516423E-10 -4.997535E+19 -1.879977E-02
    165  4.4408681846004266E-01  1.7383151972454305E+09  2.0737783872720928E+09  1.708969E+18  3.447522E+21  0.000000E+00  3.447522E+21  5.000000E-01 -1.516431E-10 -6.626462E+19 -1.922094E-02
    166  4.4409797220756420E-01  1.8292919336695504E+09  2.0744782837546606E+09  1.751628E+18  3.665298E+21  0.000000E+00  3.665298E+21  5.000000E-01 -1.529736E-07 -3.645040E+19 -9.944731E-03
    167  4.4409939806353876E-01  1.8409220806606541E+09  2.0745677560669324E+09  1.757276E+18  3.961036E+21  0.000000E+00  3.961036E+21  5.000000E-01 -1.590312E-07 -7.922367E+19 -2.000075E-02
    168  4.4410147369311986E-01  1.8578521756757421E+09  2.0746980016045978E+09  1.765387E+18  3.861719E+21  0.000000E+00  3.861719E+21  5.000000E-01 -1.590312E-07 -7.581011E+19 -1.963118E-02
    169  4.4410562495228206E-01  1.8917123657059188E+09  2.0749584926799285E+09  1.780918E+18  3.608408E+21  0.000000E+00  3.608408E+21  5.000000E-01 -1.590312E-07 -7.191738E+19 -1.993050E-02
    170  4.4410645520411451E-01  1.8984844037120445E+09  2.0750105908949952E+09  1.783878E+18  3.530423E+21  0.000000E+00  3.530423E+21  5.000000E-01 -1.590312E-07 -6.950921E+19 -1.968864E-02
    171  4.4410810632534686E-01  1.9119519509081511E+09  2.0751141985784740E+09  1.789589E+18  3.386128E+21  0.000000E+00  3.386128E+21  5.000000E-01 -1.590312E-07 -6.683034E+19 -1.973651E-02
    172  4.4411140856781156E-01  1.9388870453003650E+09  2.0753214139454317E+09  1.800242E+18  3.069381E+21  0.000000E+00  3.069381E+21  4.999999E-01 -1.590312E-07 -6.159914E+19 -2.006891E-02
    173  4.4411801305274090E-01  1.9927572340843394E+09  2.0757358446793437E+09  1.818128E+18  2.360096E+21  0.000000E+00  2.360096E+21  4.999999E-01 -1.590312E-07 -4.946096E+19 -2.095718E-02
    174  4.4411892595047181E-01  2.0002033822140853E+09  2.0757931289158368E+09  1.820231E+18  2.227570E+21  0.000000E+00  2.227570E+21  4.999999E-01 -1.590312E-07 -4.454016E+19 -1.999495E-02
    175  4.4411972169482700E-01  2.0066939562855384E+09  2.0758430617903388E+09  1.821988E+18  2.171184E+21  0.000000E+00  2.171184E+21  4.999999E-01 -1.590312E-07 -4.331953E+19 -1.995203E-02
    176  4.4412131318353731E-01  2.0196751044279919E+09  2.0759429275393391E+09  1.825314E+18  2.009249E+21  0.000000E+00  2.009249E+21  4.999999E-01 -1.590312E-07 -4.021573E+19 -2.001530E-02
    177  4.4412449616095800E-01  2.0456374007133517E+09  2.0761426590373430E+09  1.831211E+18  1.704708E+21  0.000000E+00  1.704708E+21  4.999999E-01 -1.590312E-07 -3.470206E+19 -2.035660E-02
    178  4.4413086211579939E-01  2.0975619932840712E+09  2.0765421220333509E+09  1.840320E+18  1.182316E+21  0.000000E+00  1.182316E+21  4.999999E-01 -1.590312E-07 -2.424500E+19 -2.050637E-02
    179  4.4414100161305153E-01  2.1802658887417307E+09  2.0771783744183080E+09  1.849262E+18  7.006002E+20  0.000000E+00  7.006002E+20  4.999999E-01 -1.590312E-07 -1.999741E+19 -2.854325E-02
    180  4.4415385604625551E-01  2.2851144501084299E+09  2.0779849887483797E+09  1.854867E+18  3.268604E+20  0.000000E+00  3.268604E+20  4.999999E-01 -9.402175E-08 -1.562547E+19 -4.780473E-02
    181  4.4415555992128702E-01  2.2990122893182755E+09  2.0780919067272012E+09  1.855334E+18  2.610327E+20  0.000000E+00  2.610327E+20  4.999998E-01 -9.405380E-08 -5.693118E+18 -2.180998E-02
    182  4.4415846280530730E-01  2.3226899737801428E+09  2.0782740623938208E+09  1.856033E+18  2.218233E+20  0.000000E+00  2.218233E+20  4.999998E-01 -9.405380E-08 -4.796796E+18 -2.162440E-02
    183  4.4416426857334784E-01  2.3700453427038784E+09  2.0786383737270601E+09  1.857141E+18  1.643271E+20  0.000000E+00  1.643271E+20  4.999998E-01 -9.405380E-08 -3.584371E+18 -2.181242E-02
    184  4.4417588010942893E-01  2.4647560805513487E+09  2.0793669963935382E+09  1.858625E+18  9.474479E+19  0.000000E+00  9.474479E+19  4.999998E-01 -9.405355E-08 -1.654390E+18 -1.746154E-02
    185  4.4417815833283886E-01  2.4833386538326435E+09  2.0795099546726308E+09  1.858846E+18  9.324685E+19  0.000000E+00  9.324685E+19  4.999998E-01 -9.405355E-08 -1.915631E+18 -2.054365E-02
    186  4.4418271477965865E-01  2.5205038003947811E+09  2.0797958712308121E+09  1.859245E+18  8.251355E+19  0.000000E+00  8.251355E+19  4.999998E-01 -9.405355E-08 -1.640628E+18 -1.988313E-02
    187  4.4419182767329823E-01  2.5948340935190554E+09  2.0803677043471746E+09  1.859936E+18  7.300070E+19  0.000000E+00  7.300070E+19  4.999998E-01 -9.461917E-08 -1.312584E+18 -1.798044E-02
    188  4.4421005346057746E-01  2.7434946797680578E+09  2.0815113705799034E+09  1.861451E+18  1.118012E+20  0.000000E+00  1.118012E+20  4.999997E-01 -2.096408E-07 -7.189684E+17 -6.430774E-03
    189  4.4421262593833194E-01  2.7644773701306076E+09  2.0816727932881339E+09  1.861774E+18  1.351526E+20  0.000000E+00  1.351526E+20  4.999997E-01 -2.098227E-07 -1.298756E+18 -9.609551E-03
    190  4.4421660845015853E-01  2.7969611544420815E+09  2.0819226954859233E+09  1.862395E+18  1.785728E+20  0.000000E+00  1.785728E+20  4.999997E-01 -2.098227E-07 -1.895466E+18 -1.061453E-02
    191  4.4422457347381178E-01  2.8619287230654821E+09  2.0824224998815055E+09  1.864286E+18  3.114962E+20  0.000000E+00  3.114962E+20  4.999997E-01 -2.097647E-07 -3.533911E+18 -1.134496E-02
    192  4.4422594899737911E-01  2.8731483283854198E+09  2.0825088138405225E+09  1.864730E+18  3.383578E+20  0.000000E+00  3.383578E+20  4.999997E-01 -2.097647E-07 -3.753276E+18 -1.109263E-02
    193  4.4422829938700420E-01  2.8923195331310368E+09  2.0826563005420182E+09  1.865591E+18  3.961905E+20  0.000000E+00  3.961905E+20  4.999997E-01 -2.097647E-07 -4.497796E+18 -1.135261E-02
    194  4.4423300016625439E-01  2.9306619426222720E+09  2.0829512739450097E+09  1.867773E+18  5.424303E+20  0.000000E+00  5.424303E+20  4.999997E-01 -2.097647E-07 -6.693077E+18 -1.233905E-02
    195  4.4424240172475482E-01  3.0073467616051941E+09  2.0835412207509964E+09  1.874702E+18  9.568029E+20  0.000000E+00  9.568029E+20  4.999997E-01 -2.094253E-07 -1.024703E+19 -1.070965E-02
    196  4.4424391929220430E-01  3.0197249630653677E+09  2.0836364479486625E+09  1.876247E+18  1.065489E+21  0.000000E+00  1.065489E+21  4.999996E-01 -2.094253E-07 -1.381343E+19 -1.296441E-02
    197  4.4424675906566391E-01  3.0428878794788966E+09  2.0838146434342453E+09  1.879542E+18  1.261310E+21  0.000000E+00  1.261310E+21  4.999996E-01 -2.094253E-07 -1.702108E+19 -1.349477E-02
    198  4.4425243861258318E-01  3.0892137123064079E+09  2.0841710344054146E+09  1.887987E+18  1.750511E+21  0.000000E+00  1.750511E+21  4.999996E-01 -2.094253E-07 -2.599749E+19 -1.485137E-02
    199  4.4425357452196701E-01  3.0984788788717289E+09  2.0842423125996470E+09  1.890019E+18  1.844208E+21  0.000000E+00  1.844208E+21  4.999996E-01 -2.094253E-07 -2.674634E+19 -1.450289E-02
    200  4.4425559609260590E-01  3.1149680363339944E+09  2.0843691659443805E+09  1.893954E+18  2.051890E+21  0.000000E+00  2.051890E+21  4.999996E-01 -2.094253E-07 -3.052307E+19 -1.487559E-02
    201  4.4425963923388362E-01  3.1479463512580724E+09  2.0846228726338444E+09  1.903160E+18  2.518515E+21  0.000000E+00  2.518515E+21  4.999996E-01 -2.094253E-07 -3.963620E+19 -1.573793E-02
    202  4.4426772551643906E-01  3.2139029811062284E+09  2.0851302860127716E+09  1.927773E+18  3.627395E+21  0.000000E+00  3.627395E+21  4.999996E-01 -2.094253E-07 -6.466984E+19 -1.782818E-02
    203  4.4426929193145032E-01  3.2266796129364476E+09  2.0852285783897958E+09  1.933602E+18  3.836194E+21  0.000000E+00  3.836194E+21  4.999996E-01 -2.094253E-07 -6.857987E+19 -1.787706E-02
    204  4.4427192830036794E-01  3.2481834384150119E+09  2.0853940102617860E+09  1.944231E+18  4.228830E+21  0.000000E+00  4.228830E+21  4.999996E-01 -2.094253E-07 -7.846494E+19 -1.855476E-02
    205  4.4427720103820317E-01  3.2911910893721404E+09  2.0857248740057662E+09  1.968532E+18  4.990972E+21  0.000000E+00  4.990972E+21  4.999995E-01 -2.094253E-07 -1.003520E+20 -2.010671E-02
    206  4.4428774651387365E-01  3.3772063912863979E+09  2.0863866014937270E+09  2.027189E+18  5.744638E+21  0.000000E+00  5.744638E+21  4.999995E-01 -2.094253E-07 -1.343612E+20 -2.338898E-02
    207  4.4428942469884686E-01  3.3908946867838330E+09  2.0864919074240952E+09  2.037293E+18  6.041065E+21  0.000000E+00  6.041065E+21  4.999995E-01 -2.094253E-07 -1.346886E+20 -2.229550E-02
    208  4.4429177271483805E-01  3.4100465307302823E+09  2.0866392451803136E+09  2.051541E+18  6.069943E+21  0.000000E+00  6.069943E+21  4.999995E-01 -2.094253E-07 -1.387690E+20 -2.286167E-02
    209  4.4429646874682044E-01  3.4483502186231809E+09  2.0869339206927502E+09  2.079866E+18  5.886758E+21  0.000000E+00  5.886758E+21  4.999995E-01 -2.094253E-07 -1.372422E+20 -2.331371E-02
    210  4.4430586081078527E-01  3.5249575944094305E+09  2.0875232717176275E+09  2.132127E+18  4.600995E+21  0.000000E+00  4.600995E+21  4.999995E-01 -2.094253E-07 -1.296843E+20 -2.818614E-02
    211  4.4430743629659042E-01  3.5378082131416879E+09  2.0876221332860136E+09  2.139971E+18  4.888859E+21  0.000000E+00  4.888859E+21  4.999995E-01 -2.094253E-07 -1.242844E+20 -2.542197E-02
    212  4.4430989952475936E-01  3.5578997975571680E+09  2.0877767005942543E+09  2.151603E+18  4.546759E+21  0.000000E+00  4.546759E+21  4.999994E-01 -2.094253E-07 -1.168623E+20 -2.570233E-02
    213  4.4431482598109723E-01  3.5980829663881283E+09  2.0880858352107358E+09  2.172468E+18  3.830078E+21  0.000000E+00  3.830078E+21  4.999994E-01 -2.094253E-07 -9.490013E+19 -2.477760E-02
    214  4.4431581127236480E-01  3.6061196001543202E+09  2.0881476621340320E+09  2.176256E+18  3.776857E+21  0.000000E+00  3.776857E+21  4.999994E-01 -2.094253E-07 -1.008594E+20 -2.670459E-02
    215  4.4431754040860461E-01  3.6202234851155224E+09  2.0882561652510142E+09  2.182598E+18  3.552711E+21  0.000000E+00  3.552711E+21  4.999994E-01 -2.094253E-07 -9.548639E+19 -2.687705E-02
    216  4.4432099868108427E-01  3.6484312550383787E+09  2.0884731714849823E+09  2.194154E+18  3.111514E+21  0.000000E+00  3.111514E+21  4.999994E-01 -2.094253E-07 -8.289746E+19 -2.664216E-02
    217  4.4432791522604359E-01  3.7048467948840919E+09  2.0889071839529181E+09  2.213115E+18  2.394433E+21  0.000000E+00  2.394433E+21  4.999994E-01 -2.094252E-07 -6.107948E+19 -2.550895E-02
    218  4.4433902335047731E-01  3.7954514017054648E+09  2.0896042175915294E+09  2.234111E+18  1.692988E+21  0.000000E+00  1.692988E+21  4.999994E-01 -2.107890E-07 -1.081758E+20 -6.389639E-02
    219  4.4435494427907601E-01  3.9253121612354097E+09  2.0906032541847401E+09  2.250671E+18  1.140143E+21  0.000000E+00  1.140143E+21  4.999993E-01 -2.151748E-07 -1.661622E+20 -1.457381E-01
    220  4.4436962202996305E-01  4.0450328085937309E+09  2.0915242815074415E+09  2.258186E+18  2.842307E+21  0.000000E+00  2.842307E+21  4.999993E-01 -2.313572E-07 -4.555916E+20 -1.602893E-01
    221  4.4438351938248383E-01  4.1583880530830870E+09  2.0923963389148302E+09  2.261894E+18 -1.637247E+21  0.000000E+00 -1.637247E+21  4.999993E-01 -2.338108E-07  5.091097E+20 -3.109547E-01
    222  4.4439727519308081E-01  4.2705887957093701E+09  2.0932595145814042E+09  2.263861E+18  7.373193E+21  0.000000E+00  7.373193E+21  4.999993E-01 -2.396280E-07 -1.540004E+21 -2.088653E-01
    223  4.4439902201217901E-01  4.2848369127992582E+09  2.0933691272958891E+09  2.264030E+18  1.274362E+20  0.000000E+00  1.274362E+20  4.999993E-01 -2.420805E-07 -3.170127E+18 -2.487619E-02
    224  4.4440160789685751E-01  4.3059289581736603E+09  2.0935313912871900E+09  2.264256E+18  9.127229E+19  0.000000E+00  9.127229E+19  4.999993E-01 -2.420805E-07 -6.899292E+18 -7.559021E-02
    225  4.4440543988425457E-01  4.3371849738518133E+09  2.0937718480928752E+09  2.264538E+18  3.610930E+20  0.000000E+00  3.610930E+20  4.999993E-01 -2.420805E-07 -1.021772E+20 -2.829665E-01
    226  4.4441310385904864E-01  4.3996970052076664E+09  2.0942527617042425E+09  2.264938E+18  2.429697E+21  0.000000E+00  2.429697E+21  4.999992E-01 -2.420805E-07 -8.180530E+20 -3.366893E-01
    227  4.4441463665400743E-01  4.4121994114786558E+09  2.0943489444265146E+09  2.264994E+18  1.540613E+20  0.000000E+00  1.540613E+20  4.999992E-01 -2.420805E-07 -4.680032E+19 -3.037773E-01
    228  4.4441660518562082E-01  4.4282559504479675E+09  2.0944724695779822E+09  2.265058E+18  8.042902E+19  0.000000E+00  8.042902E+19  4.999992E-01 -2.420805E-07 -2.256889E+19 -2.806063E-01
    229  4.4442054224884758E-01  4.4603690283865900E+09  2.0947195198809178E+09  2.265155E+18  3.896396E+20  0.000000E+00  3.896396E+20  4.999992E-01 -2.420805E-07 -1.718023E+20 -4.409262E-01
    230  4.4442841637530117E-01  4.5245951842642889E+09  2.0952136204867923E+09  2.265259E+18  1.525378E+21  0.000000E+00  1.525378E+21  4.999992E-01 -2.420805E-07 -2.464379E+20 -1.615586E-01
    231  4.4442968371893526E-01  4.5349324083708115E+09  2.0952931461663897E+09  2.265266E+18  7.028949E+19  0.000000E+00  7.028949E+19  4.999992E-01 -2.420805E-07 -1.586757E+19 -2.257459E-01
    232  4.4443157697196772E-01  4.5503749295311384E+09  2.0954119475948308E+09  2.265274E+18  4.639158E+19  0.000000E+00  4.639158E+19  4.999992E-01 -2.420805E-07 -2.644947E+19 -5.701351E-01
    233  4.4443536347803264E-01  4.5812599718517914E+09  2.0956495504517128E+09  2.265283E+18  3.645330E+20  0.000000E+00  3.645330E+20  4.999992E-01 -2.420805E-07 -2.381354E+20 -6.532617E-01
    234  4.4444293649016242E-01  4.6430300564926472E+09  2.0961247561654735E+09  2.265294E+18  1.460044E+21  0.000000E+00  1.460044E+21  4.999992E-01 -2.420805E-07 -5.060636E+20 -3.466083E-01
    235  4.4444420874532864E-01  4.6534073420370626E+09  2.0962045900431945E+09  2.265297E+18  7.005463E+19  0.000000E+00  7.005463E+19  4.999992E-01 -2.420805E-07 -3.146512E+19 -4.491512E-01
    236  4.4444609682942599E-01  4.6688077022244530E+09  2.0963230671215014E+09  2.265302E+18  2.011658E+19  0.000000E+00  2.011658E+19  4.999992E-01 -2.420805E-07 -3.882552E+19 -1.930026E+00
    237  4.4444987299762062E-01  4.6996084225987816E+09  2.0965600212781117E+09  2.265321E+18  2.366739E+20  0.000000E+00  2.366739E+20  4.999992E-01 -2.420805E-07 -3.642691E+20 -1.539118E+00
    238  4.4445742533400995E-01  4.7612098633478909E+09  2.0970339295913360E+09  2.265405E+18 -2.519455E+20  0.000000E+00 -2.519455E+20  4.999991E-01 -2.420805E-07 -5.439007E+20  2.158803E+00
    239  4.4445870570842849E-01  4.7716533744436207E+09  2.0971142729512856E+09  2.265428E+18  3.765173E+19  0.000000E+00  3.765173E+19  4.999991E-01 -2.420805E-07 -4.843917E+19 -1.286506E+00
    240  4.4446077275861423E-01  4.7885134907014427E+09  2.0972439801327953E+09  2.265471E+18 -2.843599E+19  0.000000E+00 -2.843599E+19  4.999991E-01 -2.420805E-07 -8.129166E+19  2.858760E+00
    241  4.4446490685898571E-01  4.8222337232170868E+09  2.0975033944958150E+09  2.265586E+18 -3.676458E+20  0.000000E+00 -3.676458E+20  4.999991E-01 -2.420805E-07 -7.435874E+20  2.022565E+00
    242  4.4447317505972866E-01  4.8896741882483749E+09  2.0980222232218542E+09  2.265974E+18 -5.343349E+21  0.000000E+00 -5.343349E+21  4.999991E-01 -2.420805E-07  1.020401E+21 -1.909666E-01
    243  4.4447446375530925E-01  4.9001855717936058E+09  2.0981030887338455E+09  2.266059E+18 -7.880751E+18  0.000000E+00 -7.880751E+18  4.999991E-01 -2.420805E-07 -3.690580E+19  4.683031E+00
    244  4.4447631404061178E-01  4.9152776220621529E+09  2.0982191939417574E+09  2.266196E+18 -1.823624E+20  0.000000E+00 -1.823624E+20  4.999991E-01 -2.420805E-07 -9.361809E+19  5.133629E-01
    245  4.4448001461121683E-01  4.9454617225992489E+09  2.0984514043575819E+09  2.266529E+18 -2.350572E+21  0.000000E+00 -2.350572E+21  4.999991E-01 -2.420805E-07 -8.097939E+20  3.445093E-01
    246  4.4448075472533782E-01  4.9514985427064857E+09  2.0984978464407454E+09  2.266606E+18 -6.329475E+18  0.000000E+00 -6.329475E+18  4.999990E-01 -2.420805E-07 -3.189374E+19  5.038923E+00
    247  4.4448187686516077E-01  4.9606513963735218E+09  2.0985682605964823E+09  2.266730E+18 -3.863361E+18  0.000000E+00 -3.863361E+18  4.999990E-01 -2.420805E-07 -2.962617E+19  7.668498E+00
    248  4.4448412114480668E-01  4.9789571037075920E+09  2.0987090889079564E+09  2.267007E+18 -8.124844E+20  0.000000E+00 -8.124844E+20  4.999990E-01 -2.420805E-07 -2.054823E+20  2.529062E-01
    249  4.4448457000073588E-01  4.9826182451745872E+09  2.0987372545702527E+09  2.267067E+18  1.026508E+20  0.000000E+00  1.026508E+20  4.999990E-01 -2.420805E-07 -1.289751E+19 -1.256446E-01
    250  4.4448529879016391E-01  4.9885626942106113E+09  2.0987829860301251E+09  2.267169E+18  9.021972E+19  0.000000E+00  9.021972E+19  4.999990E-01 -2.420805E-07 -1.520497E+19 -1.685327E-01
    251  4.4448675636901996E-01  5.0004515922826595E+09  2.0988744489498703E+09  2.267386E+18  3.997308E+21  0.000000E+00  3.997308E+21  4.999990E-01 -2.420805E-07 -1.051626E+21 -2.630837E-01
    252  4.4448967152673213E-01  5.0242293884272099E+09  2.0990573747893641E+09  2.267881E+18 -1.896489E+21  0.000000E+00 -1.896489E+21  4.999990E-01 -2.420805E-07 -8.200264E+20  4.323918E-01
    253  4.4449550184215647E-01  5.0717849807163086E+09  2.0994232264683514E+09  2.269156E+18  1.715432E+22  0.000000E+00  1.715432E+22  4.999990E-01 -2.420805E-07  3.188978E+21  1.858994E-01
    254  4.4449640007218766E-01  5.0791114901821041E+09  2.0994795903082314E+09  2.269392E+18  5.216563E+20  0.000000E+00  5.216563E+20  4.999989E-01 -2.420805E-07  6.387873E+19  1.224537E-01
    255  4.4449786802139768E-01  5.0910849751571121E+09  2.0995717039665959E+09  2.269803E+18 -5.235563E+20  0.000000E+00 -5.235563E+20  4.999989E-01 -2.420805E-07 -1.388802E+20  2.652631E-01
    256  4.4450080391981778E-01  5.1150319451075830E+09  2.0997559312833283E+09  2.270727E+18 -7.619225E+21  0.000000E+00 -7.619225E+21  4.999989E-01 -2.420805E-07 -1.145250E+21  1.503106E-01
    257  4.4450139109950182E-01  5.1198213390978584E+09  2.0997927767466762E+09  2.270930E+18  2.452419E+19  0.000000E+00  2.452419E+19  4.999989E-01 -2.420805E-07 -5.888039E+19 -2.400910E+00
    258  4.4450218878948561E-01  5.1263277828974209E+09  2.0998428317091680E+09  2.271215E+18  1.266415E+20  0.000000E+00  1.266415E+20  4.999989E-01 -2.420805E-07 -4.742888E+19 -3.745129E-01
    259  4.4450378416945324E-01  5.1393406704969978E+09  2.0999429416341550E+09  2.271822E+18 -1.503165E+21  0.000000E+00 -1.503165E+21  4.999989E-01 -2.420805E-07 -2.241265E+20  1.491030E-01
    260  4.4450697492938851E-01  5.1653664456961517E+09  2.1001431614841294E+09  2.273195E+18 -1.735230E+22  0.000000E+00 -1.735230E+22  4.999988E-01 -2.420805E-07 -1.802522E+21  1.038780E-01
    261  4.4450761308137554E-01  5.1705716007358017E+09  2.1001832054541228E+09  2.273496E+18 -3.785262E+20  0.000000E+00 -3.785262E+20  4.999988E-01 -2.420805E-07 -9.191897E+19  2.428338E-01
    262  4.4450848411781507E-01  5.1776763027583370E+09  2.1002378628989897E+09  2.273924E+18 -3.679281E+19  0.000000E+00 -3.679281E+19  4.999988E-01 -2.420805E-07 -7.252948E+19  1.971295E+00
    263  4.4451022619069414E-01  5.1918857068034058E+09  2.1003471777887232E+09  2.274838E+18 -3.798318E+21  0.000000E+00 -3.798318E+21  4.999988E-01 -2.420805E-07 -3.621715E+20  9.535051E-02
    264  4.4451371033645221E-01  5.2203045148930912E+09  2.1005658075681870E+09  2.276916E+18 -1.640431E+22  0.000000E+00 -1.640431E+22  4.999987E-01 -2.420805E-07 -2.797505E+21  1.705347E-01
    265  4.4451430248244411E-01  5.2251344171054459E+09  2.1006029646668305E+09  2.277304E+18 -3.989540E+20  0.000000E+00 -3.989540E+20  4.999987E-01 -2.420805E-07 -1.069200E+20  2.680009E-01
    266  4.4451533766406337E-01  5.2335779868692865E+09  2.1006679222044418E+09  2.278011E+18 -7.451030E+20  0.000000E+00 -7.451030E+20  4.999987E-01 -2.420805E-07 -1.311595E+20  1.760286E-01
    267  4.4451740802730183E-01  5.2504651263965149E+09  2.1007978372796612E+09  2.279533E+18 -1.125572E+22  0.000000E+00 -1.125572E+22  4.999987E-01 -2.420805E-07 -7.865135E+20  6.987680E-02
    268  4.4452154875377875E-01  5.2842394054509706E+09  2.1010576674300995E+09  2.283049E+18  1.335857E+23  0.000000E+00  1.335857E+23  4.999986E-01 -2.420805E-07 -5.306151E+21 -3.972095E-02
    269  4.4452217069185440E-01  5.2893123099856491E+09  2.1010966939788611E+09  2.283637E+18  2.653774E+21  0.000000E+00  2.653774E+21  4.999986E-01 -2.420805E-07  5.689468E+18  2.143915E-03
    270  4.4452313943168353E-01  5.2972139401712360E+09  2.1011574823011379E+09  2.284585E+18 -6.885031E+20  0.000000E+00 -6.885031E+20  4.999986E-01 -2.420805E-07 -1.766832E+20  2.566194E-01
    271  4.4452507691134180E-01  5.3130172005424080E+09  2.1012790589456916E+09  2.286607E+18 -1.694180E+22  0.000000E+00 -1.694180E+22  4.999985E-01 -2.420805E-07 -9.215753E+20  5.439653E-02
    272  4.4452895187065833E-01  5.3446237212847519E+09  2.1015222122347987E+09  2.291179E+18  4.854364E+21  0.000000E+00  4.854364E+21  4.999984E-01 -2.420805E-07 -9.429650E+21 -1.942510E+00
    273  4.4452956220919704E-01  5.3496020129538469E+09  2.1015605109138386E+09  2.291965E+18 -2.019584E+20  0.000000E+00 -2.019584E+20  4.999984E-01 -2.420805E-07 -2.797331E+20  1.385103E+00
    274  4.4453054577268170E-01  5.3576245538736019E+09  2.1016222294189386E+09  2.293271E+18 -1.239316E+21  0.000000E+00 -1.239316E+21  4.999983E-01 -2.420805E-07 -2.486456E+20  2.006313E-01
    275  4.4453251289965096E-01  5.3736696357126598E+09  2.1017456664291356E+09  2.296029E+18 -1.947950E+22  0.000000E+00 -1.947950E+22  4.999982E-01 -2.420805E-07 -1.396293E+21  7.168012E-02
    276  4.4453644715358953E-01  5.4057597993912287E+09  2.1019925404495330E+09  2.302115E+18 -1.037221E+22  0.000000E+00 -1.037221E+22  4.999980E-01 -2.420805E-07 -1.324773E+22  1.277234E+00
    277  4.4453708201835396E-01  5.4109381418475790E+09  2.1020323781466541E+09  2.303165E+18 -6.246946E+20  0.000000E+00 -6.246946E+20  4.999980E-01 -2.420805E-07 -4.046789E+20  6.478028E-01
    278  4.4453812998568021E-01  5.4194859996000862E+09  2.1020981379860330E+09  2.304940E+18 -1.936261E+21  0.000000E+00 -1.936261E+21  4.999980E-01 -2.420805E-07 -3.939979E+20  2.034839E-01
    279  4.4454022592033277E-01  5.4365817151055517E+09  2.1022296576647944E+09  2.308637E+18 -2.790703E+22  0.000000E+00 -2.790703E+22  4.999978E-01 -2.420805E-07 -2.320028E+21  8.313417E-02
    280  4.4454441778963782E-01  5.4707731461160316E+09  2.1024926970223136E+09  2.316541E+18 -1.756662E+22  0.000000E+00 -1.756662E+22  4.999975E-01 -2.420805E-07 -2.116446E+22  1.204811E+00
    281  4.4455143008251791E-01  5.5279696641337175E+09  2.1029327176621952E+09  2.330735E+18 -3.057203E+24  0.000000E+00 -3.057203E+24  4.999969E-01 -2.420805E-07  1.181205E+23 -3.863680E-02
    282  4.4455231175418725E-01  5.5351611135474033E+09  2.1029880424666128E+09  2.332554E+18 -6.213323E+22  0.000000E+00 -6.213323E+22  4.999968E-01 -2.420805E-07  4.615393E+20 -7.428220E-03
    283  4.4455355462892632E-01  5.5452987544906301E+09  2.1030660327256238E+09  2.335109E+18 -5.231583E+21  0.000000E+00 -5.231583E+21  4.999967E-01 -2.420805E-07 -9.515788E+20  1.818912E-01
    284  4.4455604037840446E-01  5.5655740363770857E+09  2.1032220132436459E+09  2.340166E+18 -4.519111E+22  0.000000E+00 -4.519111E+22  4.999964E-01 -2.420805E-07 -6.217031E+21  1.375720E-01
    285  4.4456101187736075E-01  5.6061246001499958E+09  2.1035339742796903E+09  2.349839E+18  1.713029E+22  0.000000E+00  1.713029E+22  4.999958E-01 -2.420805E-07 -5.280395E+22 -3.082490E+00
    286  4.4456985929734166E-01  5.6782895289404011E+09  2.1040891489519241E+09  2.364637E+18  1.514826E+24  0.000000E+00  1.514826E+24  4.999944E-01 -2.420806E-07  1.164900E+23  7.689994E-02
    287  4.4457106866250529E-01  5.6881538454420166E+09  2.1041650364886041E+09  2.366401E+18  7.130429E+22  0.000000E+00  7.130429E+22  4.999942E-01 -2.420806E-07  4.638610E+21  6.505373E-02
    288  4.4457288552901147E-01  5.7029733117184591E+09  2.1042790446705644E+09  2.368883E+18 -1.605242E+21  0.000000E+00 -1.605242E+21  4.999939E-01 -2.420806E-07 -3.565112E+21  2.220919E+00
    289  4.4457651926202385E-01  5.7326122442713432E+09  2.1045070610344856E+09  2.373352E+18 -8.748911E+22  0.000000E+00 -8.748911E+22  4.999932E-01 -2.420805E-07 -2.494369E+22  2.851062E-01
    290  4.4458378672804860E-01  5.7918901093771114E+09  2.1049630937623274E+09  2.380382E+18  4.137518E+23  0.000000E+00  4.137518E+23  4.999918E-01 -2.420807E-07 -1.329246E+23 -3.212665E-01
    291  4.4458495721913999E-01  5.8014373453444061E+09  2.1050365419550676E+09  2.381292E+18  1.295286E+22  0.000000E+00  1.295286E+22  4.999916E-01 -2.420807E-07 -5.440144E+21 -4.199956E-01
    292  4.4458700822866504E-01  5.8181666242350807E+09  2.1051652425868082E+09  2.382781E+18 -7.492411E+21  0.000000E+00 -7.492411E+21  4.999911E-01 -2.420807E-07 -5.468765E+21  7.299073E-01
    293  4.4459111024771514E-01  5.8516251820164318E+09  2.1054226438502893E+09  2.385346E+18 -1.036835E+23  0.000000E+00 -1.036835E+23  4.999902E-01 -2.420807E-07 -3.311925E+22  3.194266E-01
    294  4.4459931428581539E-01  5.9185422975795851E+09  2.1059374463772550E+09  2.389098E+18  6.131236E+23  0.000000E+00  6.131236E+23  4.999884E-01 -2.420808E-07  3.716438E+22  6.061482E-02
    295  4.4461116682362939E-01  6.0152187918770552E+09  2.1066811918770971E+09  2.392156E+18 -4.484760E+23  0.000000E+00 -4.484760E+23  4.999855E-01 -2.420807E-07  5.449320E+23 -1.215075E+00
    296  4.4461278432676349E-01  6.0284121294536934E+09  2.1067826900284507E+09  2.392462E+18  3.043049E+22  0.000000E+00  3.043049E+22  4.999851E-01 -2.420807E-07  1.391957E+22  4.574219E-01
    297  4.4461544909460554E-01  6.0501475938014355E+09  2.1069499039299588E+09  2.392854E+18 -1.460016E+22  0.000000E+00 -1.460016E+22  4.999845E-01 -2.420807E-07 -8.228066E+21  5.635600E-01
    298  4.4462077863028965E-01  6.0936185224969206E+09  2.1072843317329752E+09  2.393412E+18 -2.059081E+23  0.000000E+00 -2.059081E+23  4.999831E-01 -2.420807E-07 -5.157952E+22  2.504977E-01
    299  4.4463143770165781E-01  6.1805603798874378E+09  2.1079531873390045E+09  2.393637E+18  7.529847E+23  0.000000E+00  7.529847E+23  4.999803E-01 -2.420806E-07  3.873840E+23  5.144646E-01
    300  4.4463297642377553E-01  6.1931111316651468E+09  2.1080497419898753E+09  2.393609E+18  3.834118E+22  0.000000E+00  3.834118E+22  4.999799E-01 -2.420806E-07  7.958439E+21  2.075690E-01
    301  4.4463605386801097E-01  6.2182126352205648E+09  2.1082428512916172E+09  2.393470E+18 -3.535400E+22  0.000000E+00 -3.535400E+22  4.999790E-01 -2.420806E-07 -1.184515E+22  3.350440E-01
    302  4.4464220875648192E-01  6.2684156423318539E+09  2.1086290698951039E+09  2.392992E+18 -3.706985E+23  0.000000E+00 -3.706985E+23  4.999774E-01 -2.420805E-07 -5.910108E+22  1.594317E-01
    303  4.4465451853342375E-01  6.3688216565539780E+09  2.1094015071020741E+09  2.391332E+18  1.270987E+24  0.000000E+00  1.270987E+24  4.999739E-01 -2.420797E-07  8.368414E+23  6.584187E-01
    304  4.4467225959065593E-01  6.5135284902510414E+09  2.1105147565753891E+09  2.387641E+18  3.567425E+25  0.000000E+00  3.567425E+25  4.999687E-01 -2.420833E-07  1.063761E+23  2.981874E-03
    305  4.4467387551946108E-01  6.5267089866450005E+09  2.1106161559377670E+09  2.387255E+18  6.358206E+23  0.000000E+00  6.358206E+23  4.999682E-01 -2.420848E-07  1.827407E+21  2.874092E-03
    306  4.4467586716792407E-01  6.5429540806743107E+09  2.1107411316691134E+09  2.386711E+18  1.307737E+22  0.000000E+00  1.307737E+22  4.999676E-01 -2.420849E-07 -4.545707E+21 -3.476010E-01
    307  4.4467985046485009E-01  6.5754442687333822E+09  2.1109910831318092E+09  2.385562E+18  4.764587E+22  0.000000E+00  4.764587E+22  4.999664E-01 -2.420849E-07 -2.404975E+22 -5.047605E-01
    308  4.4468781705870214E-01  6.6404246448515263E+09  2.1114909860572009E+09  2.383004E+18  9.881860E+23  0.000000E+00  9.881860E+23  4.999639E-01 -2.420846E-07 -1.375755E+22 -1.392203E-02
    309  4.4468941037747256E-01  6.6534207200752449E+09  2.1115909666422801E+09  2.382418E+18  2.570679E+22  0.000000E+00  2.570679E+22  4.999634E-01 -2.420847E-07 -1.986721E+22 -7.728389E-01
    310  4.4469259701501340E-01  6.6794128705226841E+09  2.1117909278124382E+09  2.381238E+18  4.457693E+22  0.000000E+00  4.457693E+22  4.999624E-01 -2.420847E-07 -2.282148E+22 -5.119572E-01
    311  4.4469897029009503E-01  6.7313971714171085E+09  2.1121908501527510E+09  2.378692E+18  1.087398E+24  0.000000E+00  1.087398E+24  4.999604E-01 -2.420846E-07 -4.777659E+22 -4.393660E-02
    312  4.4471171684025829E-01  6.8353657732059574E+09  2.1129906948333764E+09  2.372884E+18  7.305001E+24  0.000000E+00  7.305001E+24  4.999563E-01 -2.420837E-07  2.704277E+24  3.701954E-01
    313  4.4473106003810481E-01  6.9931406384416676E+09  2.1142044784615479E+09  2.362447E+18 -1.222503E+26  0.000000E+00 -1.222503E+26  4.999500E-01 -2.421406E-07  4.949711E+24 -4.048833E-02
    314  4.4473273124604129E-01  7.0067720249916811E+09  2.1143093465835960E+09  2.361516E+18 -2.996217E+24  0.000000E+00 -2.996217E+24  4.999494E-01 -2.421893E-07  7.967873E+22 -2.659311E-02
    315  4.4473561663790478E-01  7.0303070328030634E+09  2.1144904046192195E+09  2.359763E+18 -3.197761E+23  0.000000E+00 -3.197761E+23  4.999484E-01 -2.421893E-07 -5.137088E+22  1.606464E-01
    316  4.4474138742163177E-01  7.0773770484258270E+09  2.1148525206904666E+09  2.356131E+18  2.654928E+24  0.000000E+00  2.654928E+24  4.999465E-01 -2.421889E-07 -2.146034E+23 -8.083209E-02
    317  4.4475292898908581E-01  7.1715170796718073E+09  2.1155767528329642E+09  2.348354E+18  5.124870E+25  0.000000E+00  5.124870E+25  4.999425E-01 -2.421934E-07  1.894908E+24  3.697475E-02
    318  4.4475479464923495E-01  7.1867345365237150E+09  2.1156938228108826E+09  2.346999E+18  5.884139E+23  0.000000E+00  5.884139E+23  4.999419E-01 -2.421925E-07 -5.443858E+22 -9.251748E-02
    319  4.4475852596953319E-01  7.2171694502270775E+09  2.1159279627667162E+09  2.344303E+18 -4.911706E+23  0.000000E+00 -4.911706E+23  4.999406E-01 -2.421925E-07 -1.648203E+23  3.355663E-01
    320  4.4476598861012967E-01  7.2780392776338015E+09  2.1163962426783836E+09  2.338725E+18  1.103502E+25  0.000000E+00  1.103502E+25  4.999380E-01 -2.421910E-07 -6.649644E+23 -6.025948E-02
    321  4.4478091389132263E-01  7.3997789324472504E+09  2.1173328025017183E+09  2.326607E+18  1.160006E+26  0.000000E+00  1.160006E+26  4.999327E-01 -2.421804E-07  1.286047E+25  1.108655E-01
    322  4.4480225412180419E-01  7.5738428082883577E+09  2.1186718997174654E+09  2.306704E+18 -3.267772E+26  0.000000E+00 -3.267772E+26  4.999250E-01 -2.426778E-07  1.504181E+25 -4.603078E-02
    323  4.4480245964002901E-01  7.5755191397038193E+09  2.1186847959644337E+09  2.306953E+18  1.097276E+25  0.000000E+00  1.097276E+25  4.999249E-01 -2.431571E-07  1.128161E+24  1.028146E-01
    324  4.4480268840070292E-01  7.5773850506448526E+09  2.1186991506726344E+09  2.306775E+18  1.528019E+23  0.000000E+00  1.528019E+23  4.999248E-01 -2.431571E-07  2.550212E+22  1.668966E-01
    325  4.4480314592205067E-01  7.5811168725264664E+09  2.1187278600890322E+09  2.306401E+18  3.445743E+22  0.000000E+00  3.445743E+22  4.999247E-01 -2.431572E-07  3.539514E+22  1.027214E+00
    326  4.4480406096474617E-01  7.5885805162896938E+09  2.1187852789218278E+09  2.305601E+18 -4.363269E+23  0.000000E+00 -4.363269E+23  4.999243E-01 -2.431572E-07  4.941369E+22 -1.132492E-01
    327  4.4480589105013718E-01  7.6035078038161488E+09  2.1189001165874188E+09  2.303879E+18 -2.689024E+24  0.000000E+00 -2.689024E+24  4.999237E-01 -2.431569E-07  7.805337E+21 -2.902665E-03
    328  4.4480955122091920E-01  7.6333623788690586E+09  2.1191297919186010E+09  2.300255E+18 -1.010107E+25  0.000000E+00 -1.010107E+25  4.999223E-01 -2.431563E-07 -3.628803E+23  3.592493E-02
    329  4.4481687156248328E-01  7.6930715289753304E+09  2.1195891425809689E+09  2.292725E+18 -1.221287E+24  0.000000E+00 -1.221287E+24  4.999196E-01 -2.431537E-07 -1.780903E+24  1.458219E+00
    330  4.4481833563079609E-01  7.7050133589964943E+09  2.1196810127134416E+09  2.291160E+18 -3.161642E+24  0.000000E+00 -3.161642E+24  4.999190E-01 -2.431540E-07 -5.027701E+22  1.590218E-02
    331  4.4482126376742170E-01  7.7288970190388222E+09  2.1198647529783874E+09  2.288016E+18 -1.060560E+25  0.000000E+00 -1.060560E+25  4.999180E-01 -2.431537E-07 -1.691310E+23  1.594732E-02
    332  4.4482712004067299E-01  7.7766643391239300E+09  2.1202322335082824E+09  2.281558E+18 -3.171717E+25  0.000000E+00 -3.171717E+25  4.999158E-01 -2.431534E-07 -1.675831E+24  5.283672E-02
    333  4.4482829129532325E-01  7.7862178031410427E+09  2.1203057296142621E+09  2.280229E+18 -2.529589E+24  0.000000E+00 -2.529589E+24  4.999153E-01 -2.431541E-07  3.466378E+22 -1.370332E-02
    334  4.4482967226485604E-01  7.7974818290615854E+09  2.1203923853070383E+09  2.278657E+18 -2.439495E+24  0.000000E+00 -2.439495E+24  4.999148E-01 -2.431540E-07  1.115281E+23 -4.571771E-02
    335  4.4483243420392155E-01  7.8200098809022169E+09  2.1205656966925869E+09  2.275474E+18 -1.325967E+25  0.000000E+00 -1.325967E+25  4.999137E-01 -2.431544E-07 -9.573022E+22  7.219655E-03
    336  4.4483795808205256E-01  7.8523998878401470E+09  2.1207544833221440E+09  2.270760E+18  2.834427E+26  0.000000E+00  2.834427E+26  4.999116E-01 -2.431706E-07 -4.611104E+24 -1.626820E-02
    337  4.4484732951851713E-01  7.8613225280093031E+09  2.1205011962091284E+09  2.269439E+18 -4.970662E+24  0.000000E+00 -4.970662E+24  4.999081E-01 -2.431874E-07 -1.317044E+23  2.649635E-02
    338  4.4486607239144621E-01  7.8791678083475618E+09  2.1199946219830990E+09  2.266829E+18 -1.091969E+25  0.000000E+00 -1.091969E+25  4.999009E-01 -2.431937E-07  3.593981E+22 -3.291286E-03
    339  4.4490355813730437E-01  7.9148583690240784E+09  2.1189814735310397E+09  2.261490E+18 -4.965426E+25  0.000000E+00 -4.965426E+25  4.998865E-01 -2.431991E-07 -9.600993E+23  1.933569E-02
    340  4.4497852962902074E-01  7.9862394903771658E+09  2.1169551766269197E+09  2.250338E+18 -8.014081E+25  0.000000E+00 -8.014081E+25  4.998577E-01 -2.426324E-07 -2.875524E+24  3.588090E-02
    341  4.4499351543552274E-01  8.0005076294791594E+09  2.1165501467598922E+09  2.248028E+18 -1.104987E+25  0.000000E+00 -1.104987E+25  4.998519E-01 -2.426619E-07 -2.555239E+22  2.312460E-03
    342  4.4501464193480811E-01  8.0206223847645454E+09  2.1159791489163547E+09  2.244729E+18 -2.300910E+25  0.000000E+00 -2.300910E+25  4.998437E-01 -2.426367E-07  1.185051E+23 -5.150358E-03
    343  4.4505689493337880E-01  8.0608518953352652E+09  2.1148371532292809E+09  2.237964E+18 -1.038523E+26  0.000000E+00 -1.038523E+26  4.998273E-01 -2.427125E-07 -9.586714E+23  9.231108E-03
    344  4.4514140093052024E-01  8.1413109164767580E+09  2.1125531618551321E+09  2.223769E+18 -3.238809E+26  0.000000E+00 -3.238809E+26  4.997943E-01 -2.417352E-07 -6.297832E+24  1.944490E-02
    345  4.4515830212994850E-01  8.1574027207050352E+09  2.1120963635803030E+09  2.220805E+18 -2.683906E+25  0.000000E+00 -2.683906E+25  4.997877E-01 -2.417375E-07  1.350417E+22 -5.031537E-04
    346  4.4518355847570990E-01  8.1814495449105606E+09  2.1114137460405681E+09  2.216325E+18 -5.321362E+25  0.000000E+00 -5.321362E+25  4.997777E-01 -2.417086E-07  5.781152E+23 -1.086405E-02
    347  4.4523407116723263E-01  8.2295431933215580E+09  2.1100485109610994E+09  2.207093E+18 -2.542014E+26  0.000000E+00 -2.542014E+26  4.997578E-01 -2.417215E-07 -9.054712E+23  3.562023E-03
    348  4.4533509655027809E-01  8.3257304901435528E+09  2.1073180408021624E+09  2.187541E+18 -1.029503E+27  0.000000E+00 -1.029503E+27  4.997177E-01 -2.409101E-07 -9.363428E+24  9.095093E-03
    349  4.4535523256195370E-01  8.3449021920808907E+09  2.1067738134273896E+09  2.183450E+18 -5.278517E+25  0.000000E+00 -5.278517E+25  4.997097E-01 -2.410071E-07  7.985578E+23 -1.512845E-02
    350  4.4538994056913950E-01  8.3779480394574690E+09  2.1058357404892809E+09  2.176284E+18 -2.076047E+26  0.000000E+00 -2.076047E+26  4.996958E-01 -2.410069E-07  1.732765E+24 -8.346465E-03
    351  4.4545935658351110E-01  8.4440397342106256E+09  2.1039595946130636E+09  2.161380E+18 -1.041743E+27  0.000000E+00 -1.041743E+27  4.996679E-01 -2.416472E-07 -1.036676E+24  9.951359E-04
    352  4.4559818861225431E-01  8.5762231237169399E+09  2.1002073028606291E+09  2.128970E+18 -5.707695E+27  0.000000E+00 -5.707695E+27  4.996117E-01 -2.377400E-07  3.589838E+25 -6.289470E-03
    353  4.4561842588761680E-01  8.5954912398426094E+09  2.0996603385749249E+09  2.124212E+18  4.928452E+25  0.000000E+00  4.928452E+25  4.996035E-01 -2.377343E-07  3.486047E+24  7.073311E-02
    354  4.4565696953223299E-01  8.6321890367084846E+09  2.0986185976948745E+09  2.114592E+18 -5.718075E+26  0.000000E+00 -5.718075E+26  4.995877E-01 -2.378179E-07  6.805766E+24 -1.190220E-02
    355  4.4573405682146544E-01  8.6629530477809696E+09  2.0964508160498703E+09  2.106495E+18 -3.679336E+27  0.000000E+00 -3.679336E+27  4.995562E-01 -2.378394E-07  5.756867E+25 -1.564648E-02
    356  4.4585638584000242E-01  8.6625378007799320E+09  2.0929134296747839E+09  2.106633E+18 -1.811382E+25  0.000000E+00 -1.811382E+25  4.995064E-01 -2.376399E-07 -1.178746E+24  6.507440E-02
    357  4.4610104387707633E-01  8.6617073067778568E+09  2.0858386569246130E+09  2.107211E+18  2.967132E+25  0.000000E+00  2.967132E+25  4.994074E-01 -2.382001E-07  9.445832E+23  3.183489E-02
    358  4.4659035995122415E-01  8.6600738109776440E+09  2.0717522716614299E+09  2.108310E+18  4.769351E+25  0.000000E+00  4.769351E+25  4.992126E-01 -2.387878E-07  1.886248E+24  3.954937E-02
    359  4.4756899209951978E-01  8.6576308333152809E+09  2.0454809622523336E+09  2.110337E+18  4.078625E+25  0.000000E+00  4.078625E+25  4.988346E-01 -2.432967E-07  4.202677E+24  1.030415E-01
    360  4.4952625639611110E-01  8.6606541207567215E+09  2.0096439049187369E+09  2.113817E+18 -5.906461E+25  0.000000E+00 -5.906461E+25  4.981177E-01 -2.570718E-07  8.207185E+24 -1.389527E-01
    361  4.5344078498929374E-01  8.7348573424649506E+09  2.0496455883828468E+09  2.115487E+18 -2.097899E+27  0.000000E+00 -2.097899E+27  4.967895E-01 -2.806607E-07  1.224958E+25 -5.838973E-03
    362  4.5422369070793028E-01  8.7560965959679470E+09  2.0674814622170484E+09  2.115399E+18 -2.823042E+25  0.000000E+00 -2.823042E+25  4.965176E-01 -2.757662E-07  3.001721E+24 -1.063293E-01
    363  4.5578950214520336E-01  8.7829040746652431E+09  2.0802866696239779E+09  2.116441E+18 -7.757859E+25  0.000000E+00 -7.757859E+25  4.959756E-01 -2.708272E-07  1.272624E+24 -1.640433E-02
    364  4.5892112501974947E-01  8.7526189414021969E+09  1.9774371001452754E+09  2.123030E+18 -6.714992E+26  0.000000E+00 -6.714992E+26  4.949808E-01 -3.406344E-07  2.776199E+25 -4.134330E-02
    365  4.5954744959465871E-01  8.7378088412212830E+09  1.9469251487789555E+09  2.124936E+18  5.990715E+25  0.000000E+00  5.990715E+25  4.948048E-01 -3.362232E-07  1.097256E+24  1.831595E-02
    366  4.6050169534285551E-01  8.7140740077386971E+09  1.8997758320506606E+09  2.127919E+18  7.238492E+25  0.000000E+00  7.238492E+25  4.945484E-01 -3.288670E-07 -7.974119E+22 -1.101627E-03
    367  4.6241018683924912E-01  8.6740932650837536E+09  1.8170854366834145E+09  2.132618E+18  4.434117E+26  0.000000E+00  4.434117E+26  4.940743E-01 -3.312024E-07  3.502975E+24  7.900051E-03
    368  4.6622716983203627E-01  8.6476827119627495E+09  1.7408642211460381E+09  2.138552E+18  5.334999E+26  0.000000E+00  5.334999E+26  4.932266E-01 -4.594906E-07  2.548539E+24  4.777020E-03
    369  4.7386113581761063E-01  8.6698383374749641E+09  1.6955541556373653E+09  2.143255E+18 -2.095219E+27  0.000000E+00 -2.095219E+27  4.917018E-01 -2.639033E-07  1.802504E+25 -8.602940E-03
    370  4.8386113559409322E-01  8.6229628609250584E+09  1.5683718108846905E+09  2.154742E+18  3.755785E+27  0.000000E+00  3.755785E+27  4.900264E-01 -4.622208E-07 -3.828460E+25 -1.019350E-02
    371  4.9386113537057580E-01  8.5768903727905807E+09  1.4617363322609541E+09  2.164996E+18 -2.063183E+27  0.000000E+00 -2.063183E+27  4.886641E-01 -4.031437E-07  4.195354E+25 -2.033438E-02
    372  5.0386113514705833E-01  8.4987359551130772E+09  1.3342246075962429E+09  2.175498E+18  1.187468E+27  0.000000E+00  1.187468E+27  4.875551E-01 -7.060770E-07  5.500330E+24  4.631984E-03
    373  5.1386113492354091E-01  8.3994748041366072E+09  1.2034398240436840E+09  2.186939E+18  7.301305E+26  0.000000E+00  7.301305E+26  4.866740E-01 -6.470677E-07  1.615231E+25  2.212249E-02
    374  5.2386113470002349E-01  8.2928892301235199E+09  1.0839387654004211E+09  2.198729E+18  9.438471E+26  0.000000E+00  9.438471E+26  4.859734E-01 -6.720421E-07  1.025220E+25  1.086214E-02
    375  5.3386113447650607E-01  8.2026998282835131E+09  9.9264786919678283E+08  2.208799E+18  6.788809E+26  0.000000E+00  6.788809E+26  4.854066E-01 -5.791981E-07 -2.728753E+25 -4.019488E-02
    376  5.4386113425298865E-01  8.1021048208149652E+09  9.0279593951076996E+08  2.219700E+18  2.231499E+26  0.000000E+00  2.231499E+26  4.849372E-01 -6.260436E-07 -3.275504E+25 -1.467850E-01
    377  5.5386113402947124E-01  7.9882256782395601E+09  8.1319070668053067E+08  2.231805E+18 -9.912986E+26  0.000000E+00 -9.912986E+26  4.845541E-01 -6.472211E-07 -1.030983E+25  1.040033E-02
    378  5.6386113380595382E-01  7.8753295185128412E+09  7.3379798051236176E+08  2.243766E+18 -3.483650E+26  0.000000E+00 -3.483650E+26  4.842432E-01 -6.154501E-07 -2.346294E+25  6.735160E-02
    379  5.7386113358243640E-01  7.7621212567032242E+09  6.6125628651055074E+08  2.255752E+18 -2.183448E+26  0.000000E+00 -2.183448E+26  4.839894E-01 -6.497748E-07 -8.475407E+23  3.881663E-03
    380  5.8386113335891898E-01  7.6421484512460680E+09  5.9146851920254600E+08  2.267918E+18  6.076926E+24  0.000000E+00  6.076926E+24  4.837836E-01 -6.502734E-07 -1.804546E+24 -2.969504E-01
    381  5.8654596999999997E-01  7.6111521000000000E+09  5.7476619000000000E+08  2.271199E+18 -1.764677E+25  0.000000E+00 -1.764677E+25  4.837353E-01 -6.496018E-07 -3.761350E+23  2.131466E-02
