                           time                    temp                     den                    ener                    sdot                   sneut                   s-snu                      ye                   1-sum
      1  1.0175522000000001E-04  9.8688104000000000E+07  7.8888152999999998E+06  1.382835E+17 -3.841752E-07  0.000000E+00 -3.841752E-07  5.000000E-01  0.000000E+00  7.126061E-09 -1.854899E-02
      2  1.0175522001017553E-04  9.8688103999999985E+07  7.8888152999999980E+06  1.382835E+17 -3.841752E-07  0.000000E+00 -3.841752E-07  5.000000E-01  0.000000E+00  7.126061E-09 -1.854899E-02
      3  1.0175522003052657E-04  9.8688103999999955E+07  7.8888152999999933E+06  1.382835E+17 -3.841752E-07  0.000000E+00 -3.841752E-07  5.000000E-01  0.000000E+00  7.126061E-09 -1.854899E-02
      4  1.0175522007122866E-04  9.8688103999999896E+07  7.8888152999999849E+06  1.382835E+17 -3.841752E-07  0.000000E+00 -3.841752E-07  5.000000E-01  0.000000E+00  7.126061E-09 -1.854899E-02
      5  1.0175522015263284E-04  9.8688103999999791E+07  7.8888152999999691E+06  1.382835E+17 -3.841752E-07  0.000000E+00 -3.841752E-07  5.000000E-01  0.000000E+00  7.126061E-09 -1.854899E-02
      6  1.0175522031544119E-04  9.8688103999999568E+07  7.8888152999999356E+06  1.382835E+17 -3.841752E-07  0.000000E+00 -3.841752E-07  5.000000E-01  0.000000E+00  7.126061E-09 -1.854899E-02
      7  1.0175522064105789E-04  9.8688103999999121E+07  7.8888152999998694E+06  1.382835E+17 -3.841752E-07  0.000000E+00 -3.841752E-07  5.000000E-01  0.000000E+00  7.126061E-09 -1.854899E-02
      8  1.0175522129229130E-04  9.8688103999998227E+07  7.8888152999997372E+06  1.382835E+17 -3.841752E-07  0.000000E+00 -3.841752E-07  5.000000E-01  0.000000E+00  7.126061E-09 -1.854899E-02
      9  1.0175522259475811E-04  9.8688103999996439E+07  7.8888152999994727E+06  1.382835E+17 -3.841752E-07  0.000000E+00 -3.841752E-07  5.000000E-01  0.000000E+00  7.126061E-09 -1.854899E-02
     10  1.0175522519969174E-04  9.8688103999992862E+07  7.8888152999989437E+06  1.382835E+17 -3.841752E-07  0.000000E+00 -3.841752E-07  5.000000E-01  0.000000E+00  7.126061E-09 -1.854899E-02
     11  1.0175523040955900E-04  9.8688103999985710E+07  7.8888152999978866E+06  1.382835E+17 -3.841752E-07  0.000000E+00 -3.841752E-07  5.000000E-01  0.000000E+00  7.126061E-09 -1.854899E-02
     12  1.0175524082929354E-04  9.8688103999971405E+07  7.8888152999957707E+06  1.382835E+17 -3.841752E-07  0.000000E+00 -3.841752E-07  5.000000E-01  0.000000E+00  7.126061E-09 -1.854899E-02
     13  1.0175526166876259E-04  9.8688103999942809E+07  7.8888152999915387E+06  1.382835E+17 -3.841752E-07  0.000000E+00 -3.841752E-07  5.000000E-01  0.000000E+00  7.126061E-09 -1.854899E-02
     14  1.0175530334770070E-04  9.8688103999885604E+07  7.8888152999830758E+06  1.382835E+17 -3.841752E-07  0.000000E+00 -3.841752E-07  5.000000E-01  0.000000E+00  7.126061E-09 -1.854899E-02
     15  1.0175538670557692E-04  9.8688103999771178E+07  7.8888152999661509E+06  1.382835E+17 -3.841752E-07  0.000000E+00 -3.841752E-07  5.000000E-01  0.000000E+00  7.126061E-09 -1.854899E-02
     16  1.0175555342132937E-04  9.8688103999542341E+07  7.8888152999322992E+06  1.382835E+17 -3.841752E-07  0.000000E+00 -3.841752E-07  5.000000E-01  0.000000E+00  7.126061E-09 -1.854899E-02
     17  1.0175588685283427E-04  9.8688103999084681E+07  7.8888152998645967E+06  1.382835E+17 -3.841752E-07  0.000000E+00 -3.841752E-07  5.000000E-01  0.000000E+00  7.126061E-09 -1.854899E-02
     18  1.0175655371584406E-04  9.8688103998169333E+07  7.8888152997291917E+06  1.382835E+17 -3.841751E-07  0.000000E+00 -3.841751E-07  5.000000E-01  0.000000E+00  7.126061E-09 -1.854899E-02
     19  1.0175788744186364E-04  9.8688103996338665E+07  7.8888152994583817E+06  1.382835E+17 -3.841751E-07  0.000000E+00 -3.841751E-07  5.000000E-01  0.000000E+00  7.126061E-09 -1.854899E-02
     20  1.0176055489390281E-04  9.8688103992677316E+07  7.8888152989167627E+06  1.382835E+17 -3.841749E-07  0.000000E+00 -3.841749E-07  5.000000E-01  0.000000E+00  7.126060E-09 -1.854900E-02
     21  1.0176588979798114E-04  9.8688103985354617E+07  7.8888152978335228E+06  1.382835E+17 -3.841747E-07  0.000000E+00 -3.841747E-07  5.000000E-01  0.000000E+00  7.126059E-09 -1.854901E-02
     22  1.0177655960613782E-04  9.8688103970709220E+07  7.8888152956670430E+06  1.382835E+17 -3.841741E-07  0.000000E+00 -3.841741E-07  5.000000E-01  0.000000E+00  7.126057E-09 -1.854903E-02
     23  1.0179789922245117E-04  9.8688103941418409E+07  7.8888152913340852E+06  1.382835E+17 -3.841730E-07  0.000000E+00 -3.841730E-07  5.000000E-01  0.000000E+00  7.126053E-09 -1.854907E-02
     24  1.0184057845507785E-04  9.8688103882836819E+07  7.8888152826681677E+06  1.382835E+17 -3.841709E-07  0.000000E+00 -3.841709E-07  5.000000E-01  0.000000E+00  7.126044E-09 -1.854915E-02
     25  1.0192593692033123E-04  9.8688103765673622E+07  7.8888152653363338E+06  1.382835E+17 -3.841666E-07  0.000000E+00 -3.841666E-07  5.000000E-01  0.000000E+00  7.126026E-09 -1.854931E-02
     26  1.0209665385083798E-04  9.8688103531347215E+07  7.8888152306726649E+06  1.382835E+17 -3.841580E-07  0.000000E+00 -3.841580E-07  5.000000E-01  0.000000E+00  7.125990E-09 -1.854963E-02
     27  1.0243808771185149E-04  9.8688103062694415E+07  7.8888151613453282E+06  1.382835E+17 -3.841408E-07  0.000000E+00 -3.841408E-07  5.000000E-01  0.000000E+00  7.125919E-09 -1.855028E-02
     28  1.0312095543387850E-04  9.8688102125388831E+07  7.8888150226906547E+06  1.382835E+17 -3.841064E-07  0.000000E+00 -3.841064E-07  5.000000E-01  0.000000E+00  7.125776E-09 -1.855157E-02
     29  1.0448669087793252E-04  9.8688100250777647E+07  7.8888147453813078E+06  1.382835E+17 -3.840376E-07  0.000000E+00 -3.840376E-07  5.000000E-01  0.000000E+00  7.125491E-09 -1.855415E-02
     30  1.0721816176604055E-04  9.8688096501555279E+07  7.8888141907626148E+06  1.382835E+17 -3.839000E-07  0.000000E+00 -3.839000E-07  5.000000E-01  0.000000E+00  7.124920E-09 -1.855931E-02
     31  1.1268110354225661E-04  9.8688089003110543E+07  7.8888130815252271E+06  1.382835E+17 -3.838582E-07  0.000000E+00 -3.838582E-07  5.000000E-01  0.000000E+00  7.125954E-09 -1.856403E-02
     32  1.2360698709468874E-04  9.8688074006221056E+07  7.8888108630504524E+06  1.382835E+17 -3.878498E-07  0.000000E+00 -3.878498E-07  5.000000E-01  0.000000E+00  7.167485E-09 -1.848005E-02
     33  1.4545875419955299E-04  9.8688044012442112E+07  7.8888064261009041E+06  1.382835E+17 -3.982196E-07  0.000000E+00 -3.982196E-07  5.000000E-01  0.000000E+00  7.296801E-09 -1.832356E-02
     34  1.8916228840928150E-04  9.8687984024884209E+07  7.8887975522018056E+06  1.382835E+17 -4.071737E-07  0.000000E+00 -4.071737E-07  5.000000E-01  0.000000E+00  7.471721E-09 -1.835020E-02
     35  2.7656935682873854E-04  9.8687864913707107E+07  7.8887798217522511E+06  1.382835E+17 -3.857609E-07  0.000000E+00 -3.857609E-07  5.000000E-01  0.000000E+00  7.385000E-09 -1.914398E-02
     36  4.5138349366765263E-04  9.8687628495947972E+07  7.8887444028893039E+06  1.382835E+17 -3.652893E-07  0.000000E+00 -3.652893E-07  5.000000E-01  0.000000E+00  7.150889E-09 -1.957596E-02
     37  8.0101176734548069E-04  9.8687161506702796E+07  7.8886739561140621E+06  1.382835E+17 -3.635470E-07  0.000000E+00 -3.635470E-07  5.000000E-01  0.000000E+00  7.041098E-09 -1.936778E-02
     38  1.5002683147011370E-03  9.8686267575223491E+07  7.8885360812666323E+06  1.382835E+17 -3.548429E-07  0.000000E+00 -3.548429E-07  5.000000E-01  0.000000E+00  7.005882E-09 -1.974361E-02
     39  2.8987814094124497E-03  9.8684639158405647E+07  7.8882789549682904E+06  1.382835E+17 -3.455025E-07  0.000000E+00 -3.455025E-07  5.000000E-01  0.000000E+00  6.969521E-09 -2.017213E-02
     40  5.6958075988350742E-03  9.8682157722559616E+07  7.8878956565465499E+06  1.382835E+17 -3.364721E-07  0.000000E+00 -3.364721E-07  5.000000E-01  0.000000E+00  6.937418E-09 -2.061811E-02
     41  1.1289859977680325E-02  9.8680975256189898E+07  7.8877641573002636E+06  1.382835E+17 -3.292780E-07  0.000000E+00 -3.292780E-07  5.000000E-01  0.000000E+00  6.919303E-09 -2.101356E-02
     42  2.1289859754162907E-02  9.8664480175300926E+07  7.8871472726725368E+06  1.382835E+17 -3.248879E-07  0.000000E+00 -3.248879E-07  5.000000E-01  0.000000E+00  6.910563E-09 -2.127060E-02
     43  3.1289859530645489E-02  9.8880560749767363E+07  7.8807048289962998E+06  1.382835E+17 -3.281728E-07  0.000000E+00 -3.281728E-07  5.000000E-01  0.000000E+00  7.062205E-09 -2.151978E-02
     44  4.1289859307128071E-02  1.0166091176773205E+08  7.9090658524866542E+06  1.382835E+17 -4.226201E-07  0.000000E+00 -4.226201E-07  5.000000E-01  0.000000E+00  9.161481E-09 -2.167782E-02
     45  5.1289859083610653E-02  1.0198954504460242E+08  7.8590965721871993E+06  1.382835E+17 -4.330256E-07  0.000000E+00 -4.330256E-07  5.000000E-01  0.000000E+00  9.450763E-09 -2.182495E-02
     46  6.1289858860093235E-02  1.0148381968118031E+08  7.7998934239021633E+06  1.382835E+17 -4.109609E-07  0.000000E+00 -4.109609E-07  5.000000E-01  0.000000E+00  9.045029E-09 -2.200947E-02
     47  7.1289858636575817E-02  1.0232854935992256E+08  7.9862743368477998E+06  1.382835E+17 -4.391829E-07  0.000000E+00 -4.391829E-07  5.000000E-01  0.000000E+00  9.748207E-09 -2.219624E-02
     48  8.1289858413058400E-02  1.0308951722152875E+08  7.7745893629441215E+06  1.382835E+17 -4.683284E-07  0.000000E+00 -4.683284E-07  5.000000E-01  0.000000E+00  1.043244E-08 -2.227590E-02
     49  9.1289858189540982E-02  1.0183102023402730E+08  7.6671824873505021E+06  1.382835E+17 -4.151336E-07  0.000000E+00 -4.151336E-07  5.000000E-01  0.000000E+00  9.354220E-09 -2.253303E-02
     50  1.0128985796602356E-01  1.0495116418115348E+08  8.0324910188564444E+06  1.382835E+17 -5.398034E-07  0.000000E+00 -5.398034E-07  5.000000E-01  0.000000E+00  1.218214E-08 -2.256774E-02
     51  1.1128985774250615E-01  1.0570732092234336E+08  8.0211886671156110E+06  1.382835E+17 -5.732171E-07  0.000000E+00 -5.732171E-07  5.000000E-01  0.000000E+00  1.296927E-08 -2.262540E-02
     52  1.2128985751898873E-01  1.0272996793993907E+08  7.6658815879118908E+06  1.382835E+17 -4.421430E-07  0.000000E+00 -4.421430E-07  5.000000E-01  0.000000E+00  1.015054E-08 -2.295759E-02
     53  1.3128985729547132E-01  1.0935368162943552E+08  7.8890695733335037E+06  1.382835E+17 -7.503511E-07  0.000000E+00 -7.503511E-07  5.000000E-01  0.000000E+00  1.710493E-08 -2.279590E-02
     54  1.4128985707195391E-01  1.1065752381311284E+08  8.0534105656995140E+06  1.382835E+17 -8.241036E-07  0.000000E+00 -8.241036E-07  5.000000E-01  0.000000E+00  1.880860E-08 -2.282310E-02
     55  1.5128985684843649E-01  1.0872665505819200E+08  7.6348963361241985E+06  1.382835E+17 -7.193700E-07  0.000000E+00 -7.193700E-07  5.000000E-01  0.000000E+00  1.643422E-08 -2.284530E-02
     56  1.6128985662491907E-01  1.1339768086736749E+08  7.7806024140872266E+06  1.382835E+17 -9.879439E-07  0.000000E+00 -9.879439E-07  5.000000E-01  0.000000E+00  2.267564E-08 -2.295236E-02
     57  1.7128985640140165E-01  1.1581223614778306E+08  7.9315456203484135E+06  1.382835E+17 -1.147986E-06  0.000000E+00 -1.147986E-06  5.000000E-01  0.000000E+00  2.646654E-08 -2.305476E-02
     58  1.8128985617788423E-01  1.1628078740054584E+08  7.8135127923298776E+06  1.382835E+17 -1.182973E-06  0.000000E+00 -1.182973E-06  5.000000E-01  0.000000E+00  2.729320E-08 -2.307171E-02
     59  1.9128985595436682E-01  1.1674995238368650E+08  7.8661431764924265E+06  1.382835E+17 -1.213848E-06  0.000000E+00 -1.213848E-06  5.000000E-01  0.000000E+00  2.809710E-08 -2.314714E-02
     60  2.0128985573084940E-01  1.1865704729060018E+08  7.9402043008134207E+06  1.382835E+17 -1.349738E-06  0.000000E+00 -1.349738E-06  5.000000E-01  0.000000E+00  3.145212E-08 -2.330239E-02
     61  2.1128985550733198E-01  1.1714682865241322E+08  7.6604195937809665E+06  1.382835E+17 -1.238322E-06  0.000000E+00 -1.238322E-06  5.000000E-01  0.000000E+00  2.881601E-08 -2.327021E-02
     62  2.2128985528381456E-01  1.1924836672798474E+08  7.9167331788707189E+06  1.382835E+17 -1.387736E-06  0.000000E+00 -1.387736E-06  5.000000E-01  0.000000E+00  3.255167E-08 -2.345667E-02
     63  2.3128985506029714E-01  1.2770614427190685E+08  8.1951569748460706E+06  1.382835E+17 -2.100291E-06  0.000000E+00 -2.100291E-06  5.000000E-01  0.000000E+00  5.074120E-08 -2.415912E-02
     64  2.4128985483677973E-01  1.3126187824899024E+08  8.0726130469703395E+06  1.382835E+17 -2.455975E-06  0.000000E+00 -2.455975E-06  5.000000E-01  0.000000E+00  6.014040E-08 -2.448738E-02
     65  2.5128985461326231E-01  1.2466770434319505E+08  7.6355537289591925E+06  1.382835E+17 -1.837896E-06  0.000000E+00 -1.837896E-06  5.000000E-01  0.000000E+00  4.380836E-08 -2.383615E-02
     66  2.6128985438974489E-01  1.2655178643620966E+08  7.7889304642534535E+06  1.382835E+17 -1.995223E-06  0.000000E+00 -1.995223E-06  5.000000E-01  0.000000E+00  4.808777E-08 -2.410145E-02
     67  2.7128985416622747E-01  1.2868503266708335E+08  7.9210292921512499E+06  1.382835E+17 -2.190967E-06  0.000000E+00 -2.190967E-06  5.000000E-01  0.000000E+00  5.333494E-08 -2.434310E-02
     68  2.8128985394271006E-01  1.3065232693225603E+08  8.1135179434114918E+06  1.382835E+17 -2.381200E-06  0.000000E+00 -2.381200E-06  5.000000E-01  0.000000E+00  5.850507E-08 -2.456958E-02
     69  2.9128985371919264E-01  1.3269310318277782E+08  8.0488838384495126E+06  1.382835E+17 -2.585869E-06  0.000000E+00 -2.585869E-06  5.000000E-01  0.000000E+00  6.420276E-08 -2.482831E-02
     70  3.0128985349567522E-01  1.2908573161355977E+08  7.5758347696424983E+06  1.382835E+17 -2.225833E-06  0.000000E+00 -2.225833E-06  5.000000E-01  0.000000E+00  5.445139E-08 -2.446338E-02
     71  3.1128985327215780E-01  1.2903699936037414E+08  7.6622368417254966E+06  1.382835E+17 -2.214035E-06  0.000000E+00 -2.214035E-06  5.000000E-01  0.000000E+00  5.428560E-08 -2.451885E-02
     72  3.2128985304864038E-01  1.3226746168231359E+08  7.9706954690533318E+06  1.382835E+17 -2.528438E-06  0.000000E+00 -2.528438E-06  5.000000E-01  0.000000E+00  6.296876E-08 -2.490421E-02
     73  3.3128985282512297E-01  1.3366032091671821E+08  8.0911039044535588E+06  1.382835E+17 -2.673779E-06  0.000000E+00 -2.673779E-06  5.000000E-01  0.000000E+00  6.703216E-08 -2.507020E-02
     74  3.4128985260160555E-01  1.3342621554930086E+08  7.9441300954333059E+06  1.382835E+17 -2.648796E-06  0.000000E+00 -2.648796E-06  5.000000E-01  0.000000E+00  6.637539E-08 -2.505870E-02
     75  3.5128985237808813E-01  1.2858676435357012E+08  7.4300031979329148E+06  1.382835E+17 -2.160686E-06  0.000000E+00 -2.160686E-06  5.000000E-01  0.000000E+00  5.318863E-08 -2.461655E-02
     76  3.6128985215457071E-01  1.2865625895940286E+08  7.5417887845638003E+06  1.382835E+17 -2.160102E-06  0.000000E+00 -2.160102E-06  5.000000E-01  0.000000E+00  5.331219E-08 -2.468040E-02
     77  3.7128985193105329E-01  1.3494737672493163E+08  7.8396408987644147E+06  1.382835E+17 -2.790823E-06  0.000000E+00 -2.790823E-06  5.000000E-01  0.000000E+00  7.083100E-08 -2.537997E-02
     78  3.8128985170753588E-01  1.3812915672224298E+08  7.8241999077843297E+06  1.382835E+17 -3.148981E-06  0.000000E+00 -3.148981E-06  5.000000E-01  0.000000E+00  8.110990E-08 -2.575751E-02
     79  3.9128985148401846E-01  1.3870714894717523E+08  7.7436638508756896E+06  1.382835E+17 -3.217152E-06  0.000000E+00 -3.217152E-06  5.000000E-01  0.000000E+00  8.311560E-08 -2.583515E-02
     80  4.0128985126050104E-01  1.3730724070365262E+08  7.5571280298738489E+06  1.382835E+17 -3.057304E-06  0.000000E+00 -3.057304E-06  5.000000E-01  0.000000E+00  7.845988E-08 -2.566309E-02
     81  4.1128985103698362E-01  1.3748759787542069E+08  7.5910613186889691E+06  1.382835E+17 -3.071788E-06  0.000000E+00 -3.071788E-06  5.000000E-01  0.000000E+00  7.902814E-08 -2.572708E-02
     82  4.2128985081346620E-01  1.3951302309364176E+08  7.8198159456754467E+06  1.382835E+17 -3.299011E-06  0.000000E+00 -3.299011E-06  5.000000E-01  0.000000E+00  8.586987E-08 -2.602898E-02
     83  4.3128985058994879E-01  1.4108667560783160E+08  7.8130565620968966E+06  1.382835E+17 -3.482396E-06  0.000000E+00 -3.482396E-06  5.000000E-01  0.000000E+00  9.148875E-08 -2.627178E-02
     84  4.4128985036643137E-01  1.4058503190074137E+08  7.6336192138547339E+06  1.382835E+17 -3.424507E-06  0.000000E+00 -3.424507E-06  5.000000E-01  0.000000E+00  8.971358E-08 -2.619752E-02
     85  4.5128985014291395E-01  1.4492734475559309E+08  7.6360874120223848E+06  1.382835E+17 -3.944967E-06  0.000000E+00 -3.944967E-06  5.000000E-01  0.000000E+00  1.061890E-07 -2.691759E-02
     86  4.6128984991939653E-01  1.4442094516082743E+08  7.4316851175483139E+06  1.382835E+17 -3.887086E-06  0.000000E+00 -3.887086E-06  5.000000E-01  0.000000E+00  1.042452E-07 -2.681835E-02
     87  4.7128984969587912E-01  1.4573009125585964E+08  7.4996154424476810E+06  1.382835E+17 -4.048708E-06  0.000000E+00 -4.048708E-06  5.000000E-01  0.000000E+00  1.095390E-07 -2.705530E-02
     88  4.8128984947236170E-01  1.4864838580474159E+08  7.7492712742966330E+06  1.382835E+17 -4.420686E-06  0.000000E+00 -4.420686E-06  5.000000E-01  0.000000E+00  1.220272E-07 -2.760368E-02
     89  4.9128984924884428E-01  1.4642556425212178E+08  7.4870522707354985E+06  1.382835E+17 -4.135730E-06  0.000000E+00 -4.135730E-06  5.000000E-01  0.000000E+00  1.124767E-07 -2.719633E-02
     90  5.0128984902532681E-01  1.4520221607105488E+08  7.4599499838243518E+06  1.382835E+17 -3.978231E-06  0.000000E+00 -3.978231E-06  5.000000E-01  0.000000E+00  1.074164E-07 -2.700103E-02
     91  5.1128984880180939E-01  1.4854474383858934E+08  7.4611461905947300E+06  1.382835E+17 -4.399653E-06  0.000000E+00 -4.399653E-06  5.000000E-01  0.000000E+00  1.215635E-07 -2.763024E-02
     92  5.2128984857829197E-01  1.5780097846713871E+08  7.4085221257242830E+06  1.382835E+17 -5.683427E-06  0.000000E+00 -5.683427E-06  5.000000E-01  0.000000E+00  1.681065E-07 -2.957836E-02
     93  5.3128984835477455E-01  1.7473964415411311E+08  7.7190722621780010E+06  1.382835E+17 -8.253825E-06  0.000000E+00 -8.253825E-06  5.000000E-01  0.000000E+00  2.869118E-07 -3.476108E-02
     94  5.3128985966087872E-01  1.7473964972514397E+08  7.7190725303753670E+06  1.382835E+17 -8.253129E-06  0.000000E+00 -8.253129E-06  5.000000E-01  0.000000E+00  2.869053E-07 -3.476322E-02
     95  5.3128988227308704E-01  1.7473966086720571E+08  7.7190730667700991E+06  1.382835E+17 -8.251998E-06  0.000000E+00 -8.251998E-06  5.000000E-01  0.000000E+00  2.868922E-07 -3.476640E-02
     96  5.3128992749750370E-01  1.7473968315132913E+08  7.7190741395595623E+06  1.382835E+17 -8.249735E-06  0.000000E+00 -8.249735E-06  5.000000E-01  0.000000E+00  2.868661E-07 -3.477276E-02
     97  5.3129001794633701E-01  1.7473972771957603E+08  7.7190762851384906E+06  1.382835E+17 -8.245210E-06  0.000000E+00 -8.245210E-06  5.000000E-01  0.000000E+00  2.868138E-07 -3.478551E-02
     98  5.3129019884400375E-01  1.7473981685606989E+08  7.7190805762963491E+06  1.382835E+17 -8.236159E-06  0.000000E+00 -8.236159E-06  5.000000E-01  0.000000E+00  2.867092E-07 -3.481104E-02
     99  5.3129056063933722E-01  1.7473999512905759E+08  7.7190891586120669E+06  1.382835E+17 -8.246439E-06  0.000000E+00 -8.246439E-06  5.000000E-01  0.000000E+00  2.869686E-07 -3.479909E-02
    100  5.3129128423000416E-01  1.7474035167503300E+08  7.7191063232435016E+06  1.382835E+17 -8.368529E-06  0.000000E+00 -8.368529E-06  5.000000E-01  0.000000E+00  2.893609E-07 -3.457727E-02
    101  5.3129273141133793E-01  1.7474106476698375E+08  7.7191406525063682E+06  1.382835E+17 -8.570313E-06  0.000000E+00 -8.570313E-06  5.000000E-01  0.000000E+00  2.944374E-07 -3.435551E-02
    102  5.3129562577400546E-01  1.7474249095088524E+08  7.7192093110321015E+06  1.382835E+17 -8.561952E-06  0.000000E+00 -8.561952E-06  5.000000E-01  0.000000E+00  2.979807E-07 -3.480289E-02
    103  5.3130141449934054E-01  1.7474534331868824E+08  7.7193466280835690E+06  1.382835E+17 -7.853789E-06  0.000000E+00 -7.853789E-06  5.000000E-01  0.000000E+00  2.899913E-07 -3.692375E-02
    104  5.3131299195001080E-01  1.7475104805429426E+08  7.7196212621865058E+06  1.382835E+17 -7.386489E-06  0.000000E+00 -7.386489E-06  5.000000E-01  0.000000E+00  2.803331E-07 -3.795214E-02
    105  5.3133614685135133E-01  1.7476245752550635E+08  7.7201705303923804E+06  1.382835E+17 -7.024821E-06  0.000000E+00 -7.024821E-06  5.000000E-01  0.000000E+00  2.731046E-07 -3.887708E-02
    106  5.3138245665403239E-01  1.7478527646793050E+08  7.7212690668041287E+06  1.382835E+17 -6.578632E-06  0.000000E+00 -6.578632E-06  5.000000E-01  0.000000E+00  2.684642E-07 -4.080851E-02
    107  5.3147507625939439E-01  1.7483091435277876E+08  7.7234661396276224E+06  1.382835E+17 -6.245183E-06  0.000000E+00 -6.245183E-06  5.000000E-01  0.000000E+00  2.649544E-07 -4.242541E-02
    108  5.3166031547011849E-01  1.7492219012247530E+08  7.7278602852746127E+06  1.382835E+17 -6.229313E-06  0.000000E+00 -6.229313E-06  5.000000E-01  0.000000E+00  2.651431E-07 -4.256377E-02
    109  5.3203079389156660E-01  1.7548241574752653E+08  7.7401389149448061E+06  1.382835E+17 -6.743035E-06  0.000000E+00 -6.743035E-06  5.000000E-01  0.000000E+00  2.746983E-07 -4.073808E-02
    110  5.3277175073446292E-01  1.7783515740256214E+08  7.7727125869561723E+06  1.382835E+17 -7.794897E-06  0.000000E+00 -7.794897E-06  5.000000E-01  0.000000E+00  3.038251E-07 -3.897744E-02
    111  5.3425366442025557E-01  2.0044568289578119E+08  7.8989366380408769E+06  1.382835E+17 -1.142586E-05  0.000000E+00 -1.142586E-05  5.000000E-01  0.000000E+00  5.810972E-07 -5.085805E-02
    112  5.3455004715741405E-01  2.2353373143069279E+08  7.9575677083006753E+06  1.382835E+17 -1.088189E-05  0.000000E+00 -1.088189E-05  5.000000E-01  0.000000E+00  1.007275E-06 -9.256437E-02
    113  5.3514281263173114E-01  2.7756060480479062E+08  8.0877998098001545E+06  1.382835E+17 -5.113894E-06  0.000000E+00 -5.113894E-06  5.000000E-01  0.000000E+00  3.509748E-06 -6.863161E-01
    114  5.3632834358036519E-01  6.4660078431321573E+08  8.8107343561379015E+06  1.382835E+17  1.047737E+07  0.000000E+00  1.047737E+07  5.000000E-01 -6.661338E-16 -2.549736E+02 -2.433566E-05
    115  5.3632834393110540E-01  6.4660095353232884E+08  8.8107346881304942E+06  1.382835E+17  1.054196E+07  0.000000E+00  1.054196E+07  5.000000E-01 -6.661338E-16 -3.036170E+03 -2.880081E-04
    116  5.3632834463258583E-01  6.4660129197055495E+08  8.8107353521156777E+06  1.382835E+17  1.066695E+07  0.000000E+00  1.066695E+07  5.000000E-01 -6.661338E-16 -8.417974E+03 -7.891641E-04
    117  5.3632834603554669E-01  6.4660196884700727E+08  8.8107366800860465E+06  1.382835E+17  1.090101E+07  0.000000E+00  1.090101E+07  5.000000E-01 -6.661338E-16 -1.849529E+04 -1.696658E-03
    118  5.3632834884146841E-01  6.4660332259991169E+08  8.8107393360267822E+06  1.382835E+17  1.131164E+07  0.000000E+00  1.131164E+07  5.000000E-01 -6.661338E-16 -3.617074E+04 -3.197657E-03
    119  5.3632835445331184E-01  6.4660603010572076E+08  8.8107446479082555E+06  1.382835E+17  1.194489E+07  0.000000E+00  1.194489E+07  5.000000E-01 -6.661338E-16 -6.341640E+04 -5.309081E-03
    120  5.3632836567699871E-01  6.4661144511733878E+08  8.8107552716712020E+06  1.382835E+17  1.270461E+07  0.000000E+00  1.270461E+07  5.000000E-01 -6.661338E-16 -9.605823E+04 -7.560895E-03
    121  5.3632838812437233E-01  6.4662227514052129E+08  8.8107765191969890E+06  1.382835E+17  1.327085E+07  0.000000E+00  1.327085E+07  5.000000E-01 -6.661338E-16 -1.202453E+05 -9.060859E-03
    122  5.3632843301911959E-01  6.4664393518688619E+08  8.8108190142485630E+06  1.382835E+17  1.345265E+07  0.000000E+00  1.345265E+07  5.000000E-01 -6.661338E-16 -1.276311E+05 -9.487427E-03
    123  5.3632852280861409E-01  6.4668725527961600E+08  8.8109040043517109E+06  1.382835E+17  1.348809E+07  0.000000E+00  1.348809E+07  5.000000E-01 -6.661338E-16 -1.282519E+05 -9.508528E-03
    124  5.3632870238760322E-01  6.4677389546512926E+08  8.8110739845581129E+06  1.382835E+17  1.354264E+07  0.000000E+00  1.354264E+07  5.000000E-01 -6.661338E-16 -1.287847E+05 -9.509571E-03
    125  5.3632906154558135E-01  6.4694717583610225E+08  8.8114139449708108E+06  1.382835E+17  1.365240E+07  0.000000E+00  1.365240E+07  5.000000E-01 -6.661338E-16 -1.298576E+05 -9.511702E-03
    126  5.3632977986153763E-01  6.4729373657804811E+08  8.8120938657962084E+06  1.382835E+17  1.387455E+07  0.000000E+00  1.387455E+07  5.000000E-01 -6.661338E-16 -1.320324E+05 -9.516153E-03
    127  5.3633121649345017E-01  6.4798685806193995E+08  8.8134537074470036E+06  1.382835E+17  1.432954E+07  0.000000E+00  1.432954E+07  5.000000E-01 -8.881784E-16 -1.364991E+05 -9.525712E-03
    128  5.3633408975727526E-01  6.4937310102972341E+08  8.8161733907485921E+06  1.382835E+17  1.528300E+07  0.000000E+00  1.528300E+07  5.000000E-01 -6.661338E-16 -1.458841E+05 -9.545512E-03
    129  5.3633983628492543E-01  6.5214558696529067E+08  8.8216127573517691E+06  1.382835E+17  1.737520E+07  0.000000E+00  1.737520E+07  5.000000E-01 -8.881784E-16 -1.665504E+05 -9.585523E-03
    130  5.3635132934022589E-01  6.5769055883647859E+08  8.8324914905582275E+06  1.382835E+17  2.240947E+07  0.000000E+00  2.240947E+07  5.000000E-01 -8.881784E-16 -2.165902E+05 -9.665120E-03
    131  5.3637431545082670E-01  6.6878050257880080E+08  8.8542489569710400E+06  1.382835E+17  3.695890E+07  0.000000E+00  3.695890E+07  5.000000E-01 -6.661338E-16 -3.629243E+05 -9.819670E-03
    132  5.3642028767202843E-01  6.9096039006349885E+08  8.8977638897967711E+06  1.382835E+17  9.728586E+07  0.000000E+00  9.728586E+07  5.000000E-01 -8.881784E-16 -9.832771E+05 -1.010709E-02
    133  5.3651223211443189E-01  7.3532016503289497E+08  8.9847937554482333E+06  1.382835E+17  5.987197E+08  0.000000E+00  5.987197E+08  5.000000E-01 -8.881784E-16 -6.377449E+06 -1.065181E-02
    134  5.3669612099923869E-01  8.2403971497163367E+08  9.1588534867510516E+06  1.382835E+17  1.532019E+10  0.000000E+00  1.532019E+10  5.000000E-01 -6.661338E-16 -1.834405E+08 -1.197377E-02
    135  5.3706389876885230E-01  1.0733220193506299E+09  9.6983384719837848E+06  1.382835E+17  2.300703E+13  0.000000E+00  2.300703E+13  5.000000E-01 -1.332712E-12 -4.201539E+11 -1.826198E-02
    136  5.3713745432277504E-01  1.1279295261521902E+09  9.8188906170421224E+06  1.382835E+17  8.127052E+13  0.000000E+00  8.127052E+13  5.000000E-01 -2.550848E-12 -1.522237E+12 -1.873049E-02
    137  5.3724543529466617E-01  1.2080943994012890E+09  9.9958634911860935E+06  1.382835E+17  4.845232E+14  0.000000E+00  4.845232E+14  5.000000E-01 -5.291323E-12 -9.949823E+12 -2.053529E-02
    138  5.3746139723844832E-01  1.3684241458994040E+09  1.0349809239473855E+07  1.382843E+17  1.292888E+16  0.000000E+00  1.292888E+16  5.000000E-01 -1.777249E-10 -4.449852E+14 -3.441791E-02
    139  5.3750458962720471E-01  1.4004900951989942E+09  1.0420598389131334E+07  1.382849E+17  1.915163E+16  0.000000E+00  1.915163E+16  5.000000E-01 -1.953870E-10 -4.743210E+14 -2.476661E-02
    140  5.3758011394945293E-01  1.4565592119537218E+09  1.0544377200730834E+07  1.382874E+17  4.945826E+16  0.000000E+00  4.945826E+16  5.000000E-01 -1.956368E-10 -1.066188E+15 -2.155732E-02
    141  5.3773116259394949E-01  1.5783132407563069E+09  1.0845658808445912E+07  1.383139E+17  4.015336E+17  0.000000E+00  4.015336E+17  5.000000E-01 -1.261711E-10 -4.545401E+15 -1.132010E-02
    142  5.3775390800602851E-01  1.5975006262616701E+09  1.0895793987972032E+07  1.383251E+17  5.644821E+17  0.000000E+00  5.644821E+17  5.000000E-01 -1.271236E-10 -1.131987E+16 -2.005355E-02
    143  5.3779939883018668E-01  1.6358753972724900E+09  1.0996064347024519E+07  1.383594E+17  9.383541E+17  0.000000E+00  9.383541E+17  5.000000E-01 -1.271230E-10 -1.640925E+16 -1.748726E-02
    144  5.3789038047850291E-01  1.7126249392940361E+09  1.1196605065129247E+07  1.385133E+17  1.931032E+18  0.000000E+00  1.931032E+18  5.000000E-01 -1.271234E-10  2.886241E+16  1.494662E-02
    145  5.3790802574829499E-01  1.7275099891964338E+09  1.1235498568827465E+07  1.385652E+17  3.198834E+18  0.000000E+00  3.198834E+18  5.000000E-01 -1.271230E-10 -6.788515E+16 -2.122184E-02
    146  5.3793393748874452E-01  1.7493683996482871E+09  1.1292612933463177E+07  1.386612E+17  4.207655E+18  0.000000E+00  4.207655E+18  5.000000E-01 -1.271236E-10 -9.146859E+16 -2.173862E-02
    147  5.3798576096964368E-01  1.7930852205520873E+09  1.1406841662734848E+07  1.389509E+17  6.823788E+18  0.000000E+00  6.823788E+18  5.000000E-01 -1.271243E-10 -1.203023E+17 -1.762984E-02
    148  5.3799612566582355E-01  1.8018285847328846E+09  1.1429687408589279E+07  1.390295E+17  7.969618E+18  0.000000E+00  7.969618E+18  5.000000E-01 -1.271236E-10 -1.817375E+17 -2.280379E-02
    149  5.3801223420983668E-01  1.8154172962864976E+09  1.1465193678741543E+07  1.391689E+17  9.351271E+18  0.000000E+00  9.351271E+18  5.000000E-01 -1.271239E-10 -2.145912E+17 -2.294781E-02
    150  5.3804445129786305E-01  1.8425947193938169E+09  1.1536206219046315E+07  1.395237E+17  1.267729E+19  0.000000E+00  1.267729E+19  5.000000E-01 -1.271236E-10 -2.812619E+17 -2.218629E-02
    151  5.3810888547391567E-01  1.8969495656083622E+09  1.1678231299655614E+07  1.406653E+17  2.122953E+19  0.000000E+00  2.122953E+19  5.000000E-01 -1.271228E-10 -2.571861E+17 -1.211455E-02
    152  5.3811920404277147E-01  1.9056540180848470E+09  1.1700975372185100E+07  1.409211E+17  2.593462E+19  0.000000E+00  2.593462E+19  5.000000E-01 -1.271223E-10 -6.134191E+17 -2.365252E-02
    153  5.3813870803941855E-01  1.9221070373250556E+09  1.1743965860551741E+07  1.414762E+17  3.096400E+19  0.000000E+00  3.096400E+19  5.000000E-01 -1.271216E-10 -7.308978E+17 -2.360476E-02
    154  5.3817771603271281E-01  1.9550130758055668E+09  1.1829946837285269E+07  1.429285E+17  4.259089E+19  0.000000E+00  4.259089E+19  5.000000E-01 -1.271221E-10 -8.661408E+17 -2.033629E-02
    155  5.3818518201922594E-01  1.9613111705996995E+09  1.1846403280143943E+07  1.432687E+17  4.705226E+19  0.000000E+00  4.705226E+19  5.000000E-01 -1.271223E-10 -1.130151E+18 -2.401906E-02
    156  5.3819936803025115E-01  1.9732780877686772E+09  1.1877671924872700E+07  1.439798E+17  5.321721E+19  0.000000E+00  5.321721E+19  5.000000E-01 -1.271236E-10 -1.274440E+18 -2.394789E-02
    157  5.3822774005230167E-01  1.9972119221067262E+09  1.1940209214330461E+07  1.456922E+17  6.698277E+19  0.000000E+00  6.698277E+19  5.000000E-01 -1.271232E-10 -1.508140E+18 -2.251535E-02
    158  5.3823290409290070E-01  2.0015681605162389E+09  1.1951591734093690E+07  1.460517E+17  7.160174E+19  0.000000E+00  7.160174E+19  5.000000E-01 -1.271225E-10 -1.770481E+18 -2.472679E-02
    159  5.3823753093294624E-01  2.0054712317517474E+09  1.1961790162485134E+07  1.463873E+17  7.389468E+19  0.000000E+00  7.389468E+19  5.000000E-01 -1.271223E-10 -1.775052E+18 -2.402137E-02
    160  5.3824635230716000E-01  2.0129126932270753E+09  1.1981234135552647E+07  1.470636E+17  7.946472E+19  0.000000E+00  7.946472E+19  5.000000E-01 -1.271223E-10 -1.904287E+18 -2.396393E-02
    161  5.3826399505558764E-01  2.0277956161778247E+09  1.2020122081687918E+07  1.485725E+17  9.161727E+19  0.000000E+00  9.161727E+19  5.000000E-01 -1.271232E-10 -2.173874E+18 -2.372777E-02
    162  5.3829928055244292E-01  2.0575614620793235E+09  1.2097897973958461E+07  1.523110E+17  1.139908E+20  0.000000E+00  1.139908E+20  5.000000E-01 -1.271230E-10 -1.891158E+18 -1.659045E-02
    163  5.3835629345998148E-01  2.1056559363373976E+09  1.2223565178615863E+07  1.608949E+17  1.071510E+20  0.000000E+00  1.071510E+20  5.000000E-01 -1.271236E-10  6.309756E+18  5.888657E-02
    164  5.3841020650191396E-01  2.1511354517548814E+09  1.2342399694635734E+07  1.726690E+17  3.546054E+19  0.000000E+00  3.546054E+19  5.000000E-01 -1.271250E-10  2.565907E+19  7.235950E-01
    165  5.3841517375388215E-01  2.1553256848482547E+09  1.2353348455129124E+07  1.739579E+17  2.603897E+20  0.000000E+00  2.603897E+20  5.000000E-01 -1.271243E-10 -5.739335E+18 -2.204132E-02
    166  5.3842219047896511E-01  2.1612447954224758E+09  1.2368814641034992E+07  1.758401E+17  2.733583E+20  0.000000E+00  2.733583E+20  5.000000E-01 -1.271250E-10 -6.349732E+18 -2.322861E-02
    167  5.3843622392913115E-01  2.1730830165710111E+09  1.2399747012846977E+07  1.798227E+17  2.946368E+20  0.000000E+00  2.946368E+20  5.000000E-01 -1.271259E-10 -6.885956E+18 -2.337099E-02
    168  5.3846281428502318E-01  2.1955138877925363E+09  1.2458357173950173E+07  1.881736E+17  3.258972E+20  0.000000E+00  3.258972E+20  5.000000E-01 -1.271250E-10 -6.537984E+18 -2.006149E-02
    169  5.3850791297123934E-01  2.2307425290566754E+09  1.2566337091541892E+07  2.045760E+17  3.334469E+20  0.000000E+00  3.334469E+20  5.000000E-01 -1.271248E-10 -6.202011E+17 -1.859970E-03
    170  5.3851483499772546E-01  2.2357458331763277E+09  1.2584140285201816E+07  2.072817E+17  3.927418E+20  0.000000E+00  3.927418E+20  5.000000E-01 -1.271254E-10 -8.872435E+18 -2.259101E-02
    171  5.3852379091286962E-01  2.2422192506395426E+09  1.2607174564546634E+07  2.108425E+17  4.012921E+20  0.000000E+00  4.012921E+20  5.000000E-01 -1.271248E-10 -9.216232E+18 -2.296639E-02
    172  5.3853307019399399E-01  2.2489263999938750E+09  1.2631040529118365E+07  2.145981E+17  4.083262E+20  0.000000E+00  4.083262E+20  5.000000E-01 -1.271259E-10 -9.378683E+18 -2.296860E-02
    173  5.3855162875624274E-01  2.2623406987025399E+09  1.2678772458261827E+07  2.222865E+17  4.209187E+20  0.000000E+00  4.209187E+20  5.000000E-01 -1.271250E-10 -9.774681E+18 -2.322225E-02
    174  5.3858596718069018E-01  2.2871608262829499E+09  1.2767089603774216E+07  2.369732E+17  4.339495E+20  0.000000E+00  4.339495E+20  5.000000E-01 -1.271252E-10 -1.002524E+19 -2.310233E-02
    175  5.3865464402958507E-01  2.3368010814437699E+09  1.2943723894798996E+07  2.668006E+17  5.937558E+20  0.000000E+00  5.937558E+20  5.000000E-01 -1.271254E-10 -3.588408E+19 -6.043576E-02
    176  5.3866424473178121E-01  2.3437405568915806E+09  1.2968416542365711E+07  2.708867E+17  4.272428E+20  0.000000E+00  4.272428E+20  5.000000E-01 -1.271254E-10 -1.030516E+19 -2.412015E-02
    177  5.3867730800144464E-01  2.3531828078067350E+09  1.3002014784169123E+07  2.763740E+17  4.167650E+20  0.000000E+00  4.167650E+20  5.000000E-01 -1.271254E-10 -9.615298E+18 -2.307127E-02
    178  5.3870343454077141E-01  2.3720673096369629E+09  1.3069211267775662E+07  2.870372E+17  3.992681E+20  0.000000E+00  3.992681E+20  5.000000E-01 -1.271252E-10 -9.248230E+18 -2.316295E-02
    179  5.3874922944580106E-01  2.4051682862734513E+09  1.3186994053570621E+07  3.044432E+17  3.507582E+20  0.000000E+00  3.507582E+20  5.000000E-01 -1.271252E-10 -6.956430E+18 -1.983255E-02
    180  5.3882788171153106E-01  2.4620188640538874E+09  1.3389284744222069E+07  3.296402E+17  2.141394E+20  0.000000E+00  2.141394E+20  5.000000E-01 -1.271254E-10  4.189317E+18  1.956350E-02
    181  5.3894803675934977E-01  2.5488680327120161E+09  1.3698319040728426E+07  3.565529E+17  9.386624E+19  0.000000E+00  9.386624E+19  5.000000E-01 -6.703094E-10  9.229716E+18  9.832839E-02
    182  5.3906721350943376E-01  2.6350100788105669E+09  1.4004837191989880E+07  3.730400E+17  2.106543E+20  0.000000E+00  2.106543E+20  5.000000E-01 -7.897347E-09 -2.087053E+19 -9.907478E-02
    183  5.3916885519640612E-01  2.7084776207475319E+09  1.4266255815671964E+07  3.829273E+17  1.005010E+20  0.000000E+00  1.005010E+20  5.000000E-01 -2.011567E-08 -3.746307E+18 -3.727633E-02
    184  5.3918338663891008E-01  2.7189810804338593E+09  1.4303630143200926E+07  3.842053E+17  8.777804E+19  0.000000E+00  8.777804E+19  5.000000E-01 -2.011567E-08 -1.411401E+18 -1.607920E-02
    185  5.3920550647042320E-01  2.7349694971724658E+09  1.4360521523917710E+07  3.861281E+17  8.659616E+19  0.000000E+00  8.659616E+19  5.000000E-01 -2.011568E-08 -1.215063E+18 -1.403137E-02
    186  5.3924974613344945E-01  2.7669463306496787E+09  1.4474304285351276E+07  3.899685E+17  8.780245E+19  0.000000E+00  8.780245E+19  5.000000E-01 -2.011568E-08 -1.024523E+18 -1.166850E-02
    187  5.3933822545950194E-01  2.8299483136321850E+09  1.4699646748773277E+07  3.980829E+17  9.873352E+19  0.000000E+00  9.873352E+19  5.000000E-01 -2.011568E-08 -9.416201E+17 -9.536985E-03
    188  5.3950582356358534E-01  2.9203305879157782E+09  1.5058851795689169E+07  4.140507E+17  9.028698E+19  0.000000E+00  9.028698E+19  5.000000E-01 -2.011549E-08 -3.221589E+17 -3.568165E-03
    189  5.3952016197523900E-01  2.9280630038757291E+09  1.5089582631571351E+07  4.153495E+17  8.970835E+19  0.000000E+00  8.970835E+19  5.000000E-01 -2.011549E-08 -3.075433E+17 -3.428257E-03
    190  5.3953779207661889E-01  2.9375705616567664E+09  1.5127368389518505E+07  4.169132E+17  8.748385E+19  0.000000E+00  8.748385E+19  5.000000E-01 -2.011549E-08 -2.914926E+17 -3.331959E-03
    191  5.3957305227937857E-01  2.9565856772187815E+09  1.5202939905412573E+07  4.199065E+17  8.133992E+19  0.000000E+00  8.133992E+19  5.000000E-01 -2.011549E-08 -2.303085E+17 -2.831433E-03
    192  5.3964357268489804E-01  2.9946159083428712E+09  1.5354082937200950E+07  4.252018E+17  6.816512E+19  0.000000E+00  6.816512E+19  5.000000E-01 -2.011550E-08 -2.044136E+17 -2.998800E-03
    193  5.3976363522274440E-01  3.0593632113398886E+09  1.5611407265395500E+07  4.315841E+17  2.974895E+19  0.000000E+00  2.974895E+19  5.000000E-01 -2.011547E-08  3.314282E+17  1.114084E-02
    194  5.3987401384656619E-01  3.1188881749894929E+09  1.5847976521147281E+07  4.346343E+17  6.799759E+18  0.000000E+00  6.799759E+18  5.000000E-01 -1.780469E-08  9.632129E+17  1.416540E-01
    195  5.3998009570651184E-01  3.1760959806180720E+09  1.6075336727201525E+07  4.359285E+17  6.638930E+18  0.000000E+00  6.638930E+18  5.000000E-01 -1.004616E-07 -1.708941E+17 -2.574121E-02
    196  5.4015461486804894E-01  3.2702106414733038E+09  1.6449375347450249E+07  4.371412E+17 -1.177853E+19  0.000000E+00 -1.177853E+19  5.000000E-01 -9.737557E-08  2.430794E+18 -2.063751E-01
    197  5.4032024819896707E-01  3.3483598126322932E+09  1.6725419527325165E+07  4.389367E+17  9.167748E+18  0.000000E+00  9.167748E+18  5.000000E-01 -9.739554E-08  9.427216E+17  1.028302E-01
    198  5.4034299858357171E-01  3.3587955982420511E+09  1.6761227491246400E+07  4.392790E+17  1.551397E+19  0.000000E+00  1.551397E+19  5.000000E-01 -9.739554E-08 -3.055577E+17 -1.969565E-02
    199  5.4037540404657225E-01  3.3736602464814301E+09  1.6812232064142171E+07  4.398174E+17  1.730554E+19  0.000000E+00  1.730554E+19  5.000000E-01 -9.739554E-08 -3.259017E+17 -1.883221E-02
    200  5.4044021497257322E-01  3.4033895429601369E+09  1.6914241209933538E+07  4.410965E+17  2.011529E+19  0.000000E+00  2.011529E+19  5.000000E-01 -9.739554E-08 -1.124911E+17 -5.592316E-03
    201  5.4056244053795743E-01  3.4594553993642035E+09  1.7106618117471073E+07  4.444161E+17  2.755439E+19  0.000000E+00  2.755439E+19  5.000000E-01 -9.739554E-08  5.054472E+17  1.834362E-02
    202  5.4075030217166442E-01  3.5456290517105031E+09  1.7402302903414942E+07  4.529333E+17  7.371689E+19  0.000000E+00  7.371689E+19  5.000000E-01 -9.740589E-08 -9.300622E+18 -1.261668E-01
    203  5.4091258196511127E-01  3.6200681068138452E+09  1.7657723156297382E+07  4.656425E+17  9.185385E+19  0.000000E+00  9.185385E+19  5.000000E-01 -9.740589E-08 -2.110919E+18 -2.298128E-02
    204  5.4106776375274590E-01  3.6880679575311346E+09  1.7891916244028479E+07  4.847009E+17  1.398230E+20  0.000000E+00  1.398230E+20  5.000000E-01 -9.740589E-08 -5.624162E+18 -4.022344E-02
    205  5.4122235128401885E-01  3.7458642244254193E+09  1.8093804358607255E+07  5.106841E+17  2.054494E+20  0.000000E+00  2.054494E+20  5.000000E-01 -9.740589E-08 -3.436143E+18 -1.672501E-02
    206  5.4124479657273972E-01  3.7542559354951806E+09  1.8123117440870211E+07  5.150103E+17  1.959015E+20  0.000000E+00  1.959015E+20  5.000000E-01 -9.740589E-08 -4.932568E+18 -2.517882E-02
    207  5.4127708449136813E-01  3.7663275505028219E+09  1.8165284793967102E+07  5.214713E+17  2.042121E+20  0.000000E+00  2.042121E+20  5.000000E-01 -9.740589E-08 -5.201159E+18 -2.546940E-02
    208  5.4134166032862485E-01  3.7904707805180635E+09  1.8249619500160746E+07  5.351905E+17  2.188069E+20  0.000000E+00  2.188069E+20  5.000000E-01 -9.740589E-08 -5.830963E+18 -2.664890E-02
    209  5.4146653388968180E-01  3.8371577649304338E+09  1.8412701784966826E+07  5.642172E+17  2.396915E+20  0.000000E+00  2.396915E+20  5.000000E-01 -9.740589E-08 -4.510193E+18 -1.881666E-02
    210  5.4148562415546764E-01  3.8442951199768305E+09  1.8437633276753869E+07  5.688638E+17  2.441811E+20  0.000000E+00  2.441811E+20  5.000000E-01 -9.740589E-08 -6.598460E+18 -2.702281E-02
    211  5.4151228996165901E-01  3.8542647730199766E+09  1.8472458267433055E+07  5.754094E+17  2.464367E+20  0.000000E+00  2.464367E+20  5.000000E-01 -9.740589E-08 -6.753272E+18 -2.740367E-02
    212  5.4156562157404176E-01  3.8742040791062689E+09  1.8542108248791430E+07  5.886109E+17  2.474332E+20  0.000000E+00  2.474332E+20  5.000000E-01 -9.740589E-08 -7.001920E+18 -2.829822E-02
    213  5.4167226366833110E-01  3.9140747911420898E+09  1.8681380615543913E+07  6.149951E+17  2.510477E+20  0.000000E+00  2.510477E+20  5.000000E-01 -9.740589E-08 -6.845861E+18 -2.726916E-02
    214  5.4168737976395076E-01  3.9197263070802727E+09  1.8701121923392717E+07  6.187140E+17  2.458548E+20  0.000000E+00  2.458548E+20  5.000000E-01 -9.740589E-08 -7.399654E+18 -3.009766E-02
    215  5.4171048925449972E-01  3.9283663459796591E+09  1.8731302439488590E+07  6.243884E+17  2.451874E+20  0.000000E+00  2.451874E+20  5.000000E-01 -9.740589E-08 -7.409617E+18 -3.022022E-02
    216  5.4175670823559763E-01  3.9456464237784319E+09  1.8791663471680339E+07  6.356873E+17  2.423705E+20  0.000000E+00  2.423705E+20  5.000000E-01 -9.740589E-08 -7.139067E+18 -2.945518E-02
    217  5.4184215122485402E-01  3.9775913404909468E+09  1.8903250246259779E+07  6.562339E+17  2.276222E+20  0.000000E+00  2.276222E+20  5.000000E-01 -9.740589E-08 -3.851138E+18 -1.691899E-02
    218  5.4185592888306822E-01  3.9827424494113679E+09  1.8921243582573973E+07  6.594782E+17  2.342738E+20  0.000000E+00  2.342738E+20  5.000000E-01 -9.740589E-08 -7.252048E+18 -3.095543E-02
    219  5.4187306034725524E-01  3.9891474593645639E+09  1.8943616920036655E+07  6.634753E+17  2.319981E+20  0.000000E+00  2.319981E+20  5.000000E-01 -9.740589E-08 -7.236153E+18 -3.119057E-02
    220  5.4190732327562940E-01  4.0032453397529945E+09  1.8959839758529022E+07  6.713489E+17  2.242763E+20  0.000000E+00  2.242763E+20  5.000000E-01 -9.740589E-08 -6.841754E+18 -3.050591E-02
    221  5.4197584913237773E-01  4.0320000678366961E+09  1.8979905296318062E+07  6.865775E+17  2.045214E+20  0.000000E+00  2.045214E+20  5.000000E-01 -9.740589E-08 -2.982514E+18 -1.458289E-02
    222  5.4209032606168683E-01  4.0800367233466015E+09  1.9013426090657942E+07  7.095644E+17  1.485719E+20  0.000000E+00  1.485719E+20  5.000000E-01 -9.740589E-08 -2.250140E+19 -1.514512E-01
    223  5.4218040412289947E-01  4.1178351585560932E+09  1.9039802480928607E+07  7.246111E+17  1.277330E+20  0.000000E+00  1.277330E+20  5.000000E-01 -9.740589E-08  7.329426E+18  5.738082E-02
    224  5.4219310104472995E-01  4.1231630238621240E+09  1.9043520355857622E+07  7.264806E+17  1.440324E+20  0.000000E+00  1.440324E+20  5.000000E-01 -9.740589E-08 -4.592337E+18 -3.188406E-02
    225  5.4221075776030392E-01  4.1305721111654077E+09  1.9048690542855516E+07  7.289721E+17  1.373204E+20  0.000000E+00  1.373204E+20  5.000000E-01 -9.740589E-08 -4.492709E+18 -3.271699E-02
    226  5.4224607119145196E-01  4.1453902857720218E+09  1.9059030916851334E+07  7.335734E+17  1.204996E+20  0.000000E+00  1.204996E+20  5.000000E-01 -9.740589E-08 -3.435539E+18 -2.851080E-02
    227  5.4231449853844760E-01  4.1741036773254476E+09  1.9079067609307252E+07  7.410420E+17  7.622050E+19  0.000000E+00  7.622050E+19  5.000000E-01 -9.740589E-08  3.907384E+18  5.126421E-02
    228  5.4242253405558383E-01  4.2194373961002994E+09  1.9110702248471513E+07  7.491666E+17 -4.310285E+19  0.000000E+00 -4.310285E+19  5.000000E-01 -9.740589E-08 -5.273911E+19  1.223564E+00
    229  5.4252208626288767E-01  4.2612113597833476E+09  1.9139852830053791E+07  7.532951E+17 -1.913252E+20  0.000000E+00 -1.913252E+20  5.000000E-01 -9.740589E-08 -5.859060E+19  3.062356E-01
    230  5.4253105878089891E-01  4.2649763957549067E+09  1.9142480136121318E+07  7.535371E+17  2.219221E+19  0.000000E+00  2.219221E+19  5.000000E-01 -9.740589E-08 -1.502644E+18 -6.771043E-02
    231  5.4254186306058161E-01  4.2695100731017981E+09  1.9145643813199487E+07  7.538060E+17  2.338077E+19  0.000000E+00  2.338077E+19  5.000000E-01 -9.740589E-08 -6.296856E+17 -2.693177E-02
    232  5.4256347161994700E-01  4.2785774277955809E+09  1.9151971167355821E+07  7.542688E+17  1.328536E+19  0.000000E+00  1.328536E+19  5.000000E-01 -9.740589E-08 -2.833952E+17 -2.133140E-02
    233  5.4260668873867768E-01  4.2967121371830997E+09  1.9164625875668459E+07  7.549282E+17 -1.739947E+19  0.000000E+00 -1.739947E+19  5.000000E-01 -9.740589E-08  2.415129E+18 -1.388048E-01
    234  5.4268182591660030E-01  4.3282410989891062E+09  1.9186627320882127E+07  7.554192E+17  1.950852E+20  0.000000E+00  1.950852E+20  5.000000E-01 -9.740589E-08  3.028473E+19  1.552385E-01
    235  5.4269274365636277E-01  4.3328223863024702E+09  1.9189824221003775E+07  7.554394E+17  4.429406E+18  0.000000E+00  4.429406E+18  5.000000E-01 -9.740589E-08  8.224375E+17  1.856767E-01
    236  5.4270774372184349E-01  4.3391166936574287E+09  1.9194216495614029E+07  7.554499E+17 -3.775659E+17  0.000000E+00 -3.775659E+17  5.000000E-01 -9.740589E-08  5.137319E+17 -1.360642E+00
    237  5.4273774385280482E-01  4.3520849255904694E+09  1.9199845201778524E+07  7.554189E+17 -4.318665E+19  0.000000E+00 -4.318665E+19  5.000000E-01 -9.740589E-08  3.086194E+18 -7.146176E-02
    238  5.4279082162735226E-01  4.3765465678351183E+09  1.9197187820719715E+07  7.552276E+17 -1.432622E+20  0.000000E+00 -1.432622E+20  5.000000E-01 -9.740589E-08  1.240663E+19 -8.660087E-02
    239  5.4287269549979267E-01  4.4142792986042147E+09  1.9193088740084004E+07  7.547462E+17  7.255923E+20  0.000000E+00  7.255923E+20  5.000000E-01 -9.740589E-08  6.851300E+19  9.442355E-02
    240  5.4288382622786158E-01  4.4194090518816576E+09  1.9192531471317682E+07  7.546717E+17  5.792420E+18  0.000000E+00  5.792420E+18  5.000000E-01 -9.740589E-08  2.035700E+18  3.514420E-01
    241  5.4289857075975223E-01  4.4262042777035618E+09  1.9191793274584658E+07  7.545688E+17 -9.232009E+18  0.000000E+00 -9.232009E+18  5.000000E-01 -9.740589E-08  1.109017E+18 -1.201274E-01
    242  5.4292805982353354E-01  4.4397947293473711E+09  1.9190316881118607E+07  7.543561E+17 -4.730853E+19  0.000000E+00 -4.730853E+19  5.000000E-01 -9.740589E-08  3.534887E+18 -7.471988E-02
    243  5.4298275772647553E-01  4.4650030306506538E+09  1.9187578387041308E+07  7.539458E+17 -2.864475E+20  0.000000E+00 -2.864475E+20  5.000000E-01 -9.740589E-08  1.996137E+19 -6.968597E-02
    244  5.4306704593859345E-01  4.5038484439681787E+09  1.9183358430566631E+07  7.533024E+17  8.172402E+20  0.000000E+00  8.172402E+20  5.000000E-01 -9.740589E-08  9.547411E+19  1.168250E-01
    245  5.4307870231287958E-01  4.5092204487307787E+09  1.9182774844903775E+07  7.532156E+17  5.518830E+18  0.000000E+00  5.518830E+18  5.000000E-01 -9.740589E-08  2.552792E+18  4.625603E-01
    246  5.4309461654992641E-01  4.5165547496986570E+09  1.9181978085950442E+07  7.530967E+17 -1.425247E+19  0.000000E+00 -1.425247E+19  5.000000E-01 -9.740589E-08  1.533847E+18 -1.076197E-01
    247  5.4312644502402008E-01  4.5312233516344156E+09  1.9180384568043780E+07  7.528628E+17 -8.308038E+19  0.000000E+00 -8.308038E+19  5.000000E-01 -9.740589E-08  5.850498E+18 -7.041974E-02
    248  5.4318695509987514E-01  4.5591102749348660E+09  1.9177355082900230E+07  7.524367E+17 -5.057133E+20  0.000000E+00 -5.057133E+20  5.000000E-01 -9.740589E-08  3.375423E+19 -6.674577E-02
    249  5.4328466384125140E-01  4.6041407287566442E+09  1.9172463216938876E+07  7.518079E+17  1.455140E+21  0.000000E+00  1.455140E+21  5.000000E-01 -9.740589E-08  3.548265E+19  2.438435E-02
    250  5.4336791799103845E-01  4.6425095798405008E+09  1.9168295031618420E+07  7.513405E+17  9.927651E+20  0.000000E+00  9.927651E+20  5.000000E-01 -9.740589E-08  5.962954E+19  6.006410E-02
    251  5.4345372681564863E-01  4.6820557889071970E+09  1.9163998944468167E+07  7.509170E+17  1.656345E+21  0.000000E+00  1.656345E+21  5.000000E-01 -9.740589E-08  6.497873E+19  3.923019E-02
    252  5.4353830663610170E-01  4.7210355940456066E+09  1.9159764388389926E+07  7.505655E+17  2.310196E+21  0.000000E+00  2.310196E+21  5.000000E-01 -9.740589E-08  3.637424E+19  1.574509E-02
    253  5.4362132564830801E-01  4.7560353966193047E+09  1.9140898891553979E+07  7.503758E+17  3.810977E+21  0.000000E+00  3.810977E+21  5.000000E-01 -9.740589E-08 -3.849567E+19 -1.010126E-02
    254  5.4370236766315416E-01  4.7880220191048603E+09  1.9112649919019315E+07  7.503202E+17  2.402233E+20  0.000000E+00  2.402233E+20  4.999999E-01 -9.740589E-08  1.223784E+20  5.094358E-01
    255  5.4371371945768165E-01  4.7925024798482637E+09  1.9108693001950618E+07  7.503197E+17  2.776051E+18  0.000000E+00  2.776051E+18  4.999999E-01 -9.740589E-08  2.555282E+18  9.204737E-01
    256  5.4372873612885986E-01  4.7984294375242138E+09  1.9103458611708958E+07  7.503200E+17 -4.328817E+19  0.000000E+00 -4.328817E+19  4.999999E-01 -9.740589E-08  2.078832E+18 -4.802309E-02
    257  5.4375876947121615E-01  4.8102833528760710E+09  1.9092989831225678E+07  7.503285E+17 -3.604661E+20  0.000000E+00 -3.604661E+20  4.999999E-01 -9.740589E-08  6.589734E+18 -1.828115E-02
    258  5.4381883615592885E-01  4.8339911835798283E+09  1.9072052270259079E+07  7.503773E+17  4.772175E+19  0.000000E+00  4.772175E+19  4.999999E-01 -9.740589E-08  5.066027E+19  1.061576E+00
    259  5.4390924176198374E-01  4.8696735391696434E+09  1.9040539412548516E+07  7.505289E+17  3.539219E+21  0.000000E+00  3.539219E+21  4.999999E-01 -9.740589E-08  8.591956E+19  2.427642E-02
    260  5.4398610127546909E-01  4.9000093624700193E+09  1.9013748342637468E+07  7.507411E+17  5.655737E+21  0.000000E+00  5.655737E+21  4.999999E-01 -9.740589E-08  3.178465E+18  5.619895E-04
    261  5.4399649895812707E-01  4.9041132430378551E+09  1.9010124002196439E+07  7.507740E+17  8.500703E+19  0.000000E+00  8.500703E+19  4.999999E-01 -9.740589E-08  2.400650E+18  2.824061E-02
    262  5.4401113604762941E-01  4.9098903829212513E+09  1.9005021923476852E+07  7.508227E+17 -7.189831E+19  0.000000E+00 -7.189831E+19  4.999999E-01 -9.740589E-08  4.137841E+18 -5.755130E-02
    263  5.4403081380389651E-01  4.9176570328777380E+09  1.8998162809751850E+07  7.508915E+17 -2.640343E+20  0.000000E+00 -2.640343E+20  4.999999E-01 -9.740589E-08  8.144150E+18 -3.084505E-02
    264  5.4407016931643071E-01  4.9331903327907124E+09  1.8984444582301844E+07  7.510405E+17 -2.291540E+21  0.000000E+00 -2.291540E+21  4.999999E-01 -9.740589E-08  5.595949E+19 -2.442003E-02
    265  5.4407785091105865E-01  4.9362221955586529E+09  1.8981766993941300E+07  7.510701E+17 -5.805070E+19  0.000000E+00 -5.805070E+19  4.999999E-01 -9.740589E-08  3.435151E+18 -5.917501E-02
    266  5.4408927189014067E-01  4.9407299628816338E+09  1.8977785961078044E+07  7.511164E+17 -7.810010E+19  0.000000E+00 -7.810010E+19  4.999999E-01 -9.740589E-08  4.436000E+18 -5.679890E-02
    267  5.4411211384830471E-01  4.9497454975275965E+09  1.8969823895351533E+07  7.512121E+17 -5.754250E+20  0.000000E+00 -5.754250E+20  4.999999E-01 -9.740589E-08  1.599475E+19 -2.779640E-02
    268  5.4415779776463280E-01  4.9677765668195219E+09  1.8953899763898507E+07  7.514146E+17 -4.413360E+21  0.000000E+00 -4.413360E+21  4.999999E-01 -9.740589E-08  1.171682E+20 -2.654853E-02
    269  5.4416619824036905E-01  4.9710921660995312E+09  1.8950971593753655E+07  7.514511E+17 -1.115609E+20  0.000000E+00 -1.115609E+20  4.999999E-01 -9.740589E-08  4.928952E+18 -4.418171E-02
    270  5.4417864966132612E-01  4.9760066404289103E+09  1.8946631377764434E+07  7.515083E+17 -1.218690E+20  0.000000E+00 -1.218690E+20  4.999999E-01 -9.740589E-08  6.053172E+18 -4.966950E-02
    271  5.4420355250324026E-01  4.9858355890876684E+09  1.8937950945785996E+07  7.516240E+17 -9.369676E+20  0.000000E+00 -9.369676E+20  4.999999E-01 -9.740589E-08  2.698219E+19 -2.879735E-02
    272  5.4425335818706855E-01  5.0054934864051838E+09  1.8920590081829116E+07  7.518562E+17  1.164104E+22  0.000000E+00  1.164104E+22  4.999999E-01 -9.740589E-08 -3.464806E+21 -2.976372E-01
    273  5.4432832206338810E-01  5.0350811171722546E+09  1.8894459777847122E+07  7.521790E+17  4.596440E+21  0.000000E+00  4.596440E+21  4.999999E-01 -9.740588E-08  1.936237E+20  4.212470E-02
    274  5.4439942366490601E-01  5.0631443395660858E+09  1.8869675754495002E+07  7.524484E+17  9.590214E+21  0.000000E+00  9.590214E+21  4.999999E-01 -9.740588E-08 -2.354214E+19 -2.454809E-03
    275  5.4449804011120551E-01  5.0552408807743778E+09  1.8787041638908491E+07  7.565447E+17  4.852998E+21  0.000000E+00  4.852998E+21  4.999999E-01 -9.740589E-08 -5.713185E+20 -1.177249E-01
    276  5.4458289264941273E-01  5.0455382236241674E+09  1.8712949697620802E+07  7.599062E+17  2.194333E+21  0.000000E+00  2.194333E+21  4.999998E-01 -9.740589E-08 -2.381514E+19 -1.085302E-02
    277  5.4474797417558773E-01  5.0266615997287464E+09  1.8568803028546866E+07  7.655662E+17  3.629185E+21  0.000000E+00  3.629185E+21  4.999998E-01 -9.740587E-08 -4.581950E+19 -1.262529E-02
    278  5.4502708836965119E-01  4.9947456501534815E+09  1.8325084774313789E+07  7.733879E+17  1.204902E+21  0.000000E+00  1.204902E+21  4.999997E-01 -9.740587E-08  1.935798E+21  1.606602E+00
    279  5.4506599778198739E-01  4.9902964645923805E+09  1.8291109669322688E+07  7.743398E+17  7.149516E+19  0.000000E+00  7.149516E+19  4.999997E-01 -9.740587E-08 -2.129632E+19 -2.978708E-01
    280  5.4511823353208322E-01  4.9843234485238905E+09  1.8245498209595144E+07  7.755923E+17  4.425271E+19  0.000000E+00  4.425271E+19  4.999997E-01 -9.740587E-08 -6.228549E+18 -1.407496E-01
    281  5.4522270503227488E-01  4.9723774163869104E+09  1.8154275290140055E+07  7.779763E+17  6.714852E+19  0.000000E+00  6.714852E+19  4.999997E-01 -9.740587E-08 -2.087048E+19 -3.108107E-01
    282  5.4524359933231326E-01  4.9752031383038902E+09  1.8138550289388657E+07  7.778510E+17  9.286767E+20  0.000000E+00  9.286767E+20  4.999997E-01 -9.740587E-08 -3.446697E+19 -3.711407E-02
    283  5.4526325391832497E-01  4.9803619183273840E+09  1.8124966510696687E+07  7.774503E+17 -5.141476E+19  0.000000E+00 -5.141476E+19  4.999997E-01 -9.740587E-08  4.020523E+18 -7.819785E-02
    284  5.4530256309034852E-01  4.9906794783744001E+09  1.8097798953312665E+07  7.766423E+17 -2.044753E+20  0.000000E+00 -2.044753E+20  4.999997E-01 -9.740587E-08 -4.694317E+17  2.295787E-03
    285  5.4531042492475323E-01  4.9927429903838034E+09  1.8092365441835858E+07  7.764794E+17 -4.424723E+19  0.000000E+00 -4.424723E+19  4.999997E-01 -9.740587E-08  4.379188E+18 -9.897089E-02
    286  5.4531856831054759E-01  4.9948804017713785E+09  1.8086737343112849E+07  7.763111E+17 -4.514958E+19  0.000000E+00 -4.514958E+19  4.999997E-01 -9.740587E-08  4.716050E+18 -1.044539E-01
    287  5.4533485508213642E-01  4.9991552245465584E+09  1.8075481145666745E+07  7.759739E+17 -5.410177E+19  0.000000E+00 -5.410177E+19  4.999997E-01 -9.740587E-08  3.966906E+18 -7.332303E-02
    288  5.4533811243645414E-01  5.0000101891015825E+09  1.8073229906177554E+07  7.759058E+17  5.472215E+20  0.000000E+00  5.472215E+20  4.999997E-01 -9.740587E-08 -1.335401E+20 -2.440330E-01
    289  5.4534273495150598E-01  5.0012234702306557E+09  1.8070035169772163E+07  7.758100E+17 -4.049790E+19  0.000000E+00 -4.049790E+19  4.999997E-01 -9.740587E-08  4.422478E+18 -1.092027E-01
    290  5.4535197998160956E-01  5.0036500324887714E+09  1.8063645696961455E+07  7.756180E+17 -4.623968E+19  0.000000E+00 -4.623968E+19  4.999997E-01 -9.740587E-08  4.694500E+18 -1.015253E-01
    291  5.4537047004181682E-01  5.0085031570050325E+09  1.8050866751339961E+07  7.752327E+17 -5.706573E+19  0.000000E+00 -5.706573E+19  4.999996E-01 -9.740587E-08  3.114503E+18 -5.457746E-02
    292  5.4540745016223136E-01  5.0182094060375547E+09  1.8025308860096972E+07  7.744577E+17 -1.759222E+20  0.000000E+00 -1.759222E+20  4.999996E-01 -9.740587E-08 -3.550758E+18  2.018368E-02
    293  5.4548141040306042E-01  5.0376219041025982E+09  1.7974193077610992E+07  7.728881E+17 -1.535482E+21  0.000000E+00 -1.535482E+21  4.999996E-01 -9.740587E-08  1.359152E+19 -8.851627E-03
    294  5.4562571278927641E-01  5.0754972512052860E+09  1.7874462069391701E+07  7.696825E+17 -1.576256E+22  0.000000E+00 -1.576256E+22  4.999995E-01 -9.740589E-08  2.492959E+21 -1.581569E-01
    295  5.4564636452316628E-01  5.0809177547039642E+09  1.7860189136723556E+07  7.692174E+17 -3.190556E+20  0.000000E+00 -3.190556E+20  4.999995E-01 -9.740589E-08  4.415226E+19 -1.383842E-01
    296  5.4567444713664170E-01  5.0882886566053381E+09  1.7840780536292344E+07  7.685637E+17 -1.225842E+20  0.000000E+00 -1.225842E+20  4.999995E-01 -9.740588E-08  3.996691E+18 -3.260364E-02
    297  5.4573061236359244E-01  5.1030304604080563E+09  1.7801963335429996E+07  7.672227E+17 -8.450026E+20  0.000000E+00 -8.450026E+20  4.999995E-01 -9.740589E-08  2.134813E+19 -2.526398E-02
    298  5.4584294281749390E-01  5.1325140680134935E+09  1.7724328933705304E+07  7.643822E+17 -9.184938E+21  0.000000E+00 -9.184938E+21  4.999994E-01 -9.740591E-08  5.822179E+20 -6.338833E-02
    299  5.4586304448279521E-01  5.1377901938669462E+09  1.7710436167272560E+07  7.638291E+17 -1.061069E+20  0.000000E+00 -1.061069E+20  4.999994E-01 -9.740591E-08 -5.894060E+18  5.554834E-02
    300  5.4588561241591005E-01  5.1437136461571627E+09  1.7694838901128955E+07  7.632126E+17 -8.627089E+19  0.000000E+00 -8.627089E+19  4.999994E-01 -9.740591E-08  3.719216E+18 -4.311091E-02
    301  5.4593074828213961E-01  5.1555605507375641E+09  1.7663644368841819E+07  7.619416E+17 -4.657529E+20  0.000000E+00 -4.657529E+20  4.999994E-01 -9.740591E-08  1.868933E+19 -4.012714E-02
    302  5.4602102001459885E-01  5.1792543598983974E+09  1.7601255304267474E+07  7.592296E+17 -4.877803E+21  0.000000E+00 -4.877803E+21  4.999994E-01 -9.740591E-08  3.621346E+20 -7.424133E-02
    303  5.4603888463031369E-01  5.1839433226993532E+09  1.7588908619064189E+07  7.586516E+17 -6.148997E+19  0.000000E+00 -6.148997E+19  4.999994E-01 -9.740591E-08 -2.242489E+18  3.646919E-02
    304  5.4605914833953972E-01  5.1818517071555357E+09  1.7568605904805452E+07  7.592575E+17  4.860898E+20  0.000000E+00  4.860898E+20  4.999993E-01 -9.740591E-08  1.380729E+20  2.840482E-01
    305  5.4609967575799190E-01  5.1751479117149887E+09  1.7525858260947622E+07  7.608581E+17  5.898203E+19  0.000000E+00  5.898203E+19  4.999993E-01 -9.740590E-08 -2.307287E+19 -3.911848E-01
    306  5.4618073059489614E-01  5.1617403208339148E+09  1.7440362973232079E+07  7.639222E+17 -1.478921E+19  0.000000E+00 -1.478921E+19  4.999993E-01 -9.740590E-08 -7.900929E+19  5.342362E+00
    307  5.4634284026870461E-01  5.1349251390717649E+09  1.7269372397800993E+07  7.696199E+17  2.983177E+21  0.000000E+00  2.983177E+21  4.999992E-01 -9.740592E-08 -5.320663E+20 -1.783556E-01
    308  5.4662198023107267E-01  5.0887515292425184E+09  1.6974940229320310E+07  7.785823E+17  2.142973E+22  0.000000E+00  2.142973E+22  4.999990E-01 -9.740593E-08 -2.657300E+21 -1.240006E-01
    309  5.4666065886040083E-01  5.0823535490888433E+09  1.6934142657341223E+07  7.797118E+17 -1.851102E+20  0.000000E+00 -1.851102E+20  4.999990E-01 -9.740593E-08  2.923232E+19 -1.579185E-01
    310  5.4670934524683468E-01  5.0743001475188150E+09  1.6882789070375033E+07  7.811611E+17  1.707834E+20  0.000000E+00  1.707834E+20  4.999990E-01 -9.740593E-08 -3.463132E+19 -2.027791E-01
    311  5.4680671801970238E-01  5.0581933443787594E+09  1.6780081896442655E+07  7.839950E+17  6.178332E+20  0.000000E+00  6.178332E+20  4.999989E-01 -9.740593E-08 -1.574271E+20 -2.548052E-01
    312  5.4700146356543788E-01  5.0570683551764460E+09  1.6613595184189284E+07  7.843490E+17  9.048639E+20  0.000000E+00  9.048639E+20  4.999988E-01 -9.740594E-08 -7.669063E+20 -8.475378E-01
    313  5.4728498339113629E-01  5.0659235636923046E+09  1.6384354756611682E+07  7.829976E+17  2.387843E+20  0.000000E+00  2.387843E+20  4.999987E-01 -9.740594E-08 -3.503738E+19 -1.467323E-01
    314  5.4785202304253311E-01  5.0605962415513668E+09  1.5905929290038742E+07  7.839862E+17 -8.327699E+21  0.000000E+00 -8.327699E+21  4.999983E-01 -9.740595E-08  2.804432E+21 -3.367596E-01
    315  5.4837808554654865E-01  5.0213860198756962E+09  1.5432410309566766E+07  7.904519E+17  9.314823E+21  0.000000E+00  9.314823E+21  4.999980E-01 -9.740585E-08 -9.734700E+20 -1.045076E-01
    316  5.4914514061088782E-01  4.9891528894570446E+09  1.4931605213203685E+07  7.954611E+17  2.139949E+22  0.000000E+00  2.139949E+22  4.999976E-01 -9.740578E-08 -2.748484E+21 -1.284369E-01
    317  5.4982737401924398E-01  4.9524976543246908E+09  1.4474026642834220E+07  8.009556E+17  2.661170E+21  0.000000E+00  2.661170E+21  4.999975E-01 -9.740575E-08 -1.712392E+20 -6.434733E-02
    318  5.5088507527267205E-01  4.9149162885546780E+09  1.3990445126777811E+07  8.065007E+17 -3.543723E+21  0.000000E+00 -3.543723E+21  4.999972E-01 -9.740567E-08  1.004412E+21 -2.834342E-01
    319  5.5234126372857573E-01  4.8732428636726904E+09  1.3490478640760180E+07  8.124639E+17 -5.774699E+21  0.000000E+00 -5.774699E+21  4.999969E-01 -9.740554E-08  1.037992E+21 -1.797482E-01
    320  5.5357063062303691E-01  4.8521352151227770E+09  1.3260918244541297E+07  8.155346E+17  4.980044E+20  0.000000E+00  4.980044E+20  4.999967E-01 -9.740555E-08 -9.070404E+19 -1.821350E-01
    321  5.5574576461975767E-01  4.8058970554361343E+09  1.2751161757641284E+07  8.218000E+17  6.308010E+21  0.000000E+00  6.308010E+21  4.999962E-01 -9.740562E-08 -6.997127E+20 -1.109245E-01
    322  5.5607213147256906E-01  4.7986562666574125E+09  1.2670254148785574E+07  8.227265E+17 -4.463792E+19  0.000000E+00 -4.463792E+19  4.999962E-01 -9.740562E-08  4.774860E+18 -1.069687E-01
    323  5.5653586102816444E-01  4.7871895670590181E+09  1.2559223690324236E+07  8.242210E+17  8.840691E+20  0.000000E+00  8.840691E+20  4.999961E-01 -9.740561E-08 -1.245583E+20 -1.408920E-01
    324  5.5716035610008086E-01  4.7721729378526287E+09  1.2407204837564252E+07  8.261210E+17  1.560567E+21  0.000000E+00  1.560567E+21  4.999960E-01 -9.740561E-08 -2.173178E+20 -1.392557E-01
    325  5.5834848039120544E-01  4.7403809152328615E+09  1.2087672850830274E+07  8.299993E+17  2.102066E+21  0.000000E+00  2.102066E+21  4.999958E-01 -9.740560E-08 -2.688091E+20 -1.278785E-01
    326  5.6021169494584755E-01  4.6914700177092581E+09  1.1606239900088344E+07  8.357046E+17  7.670061E+20  0.000000E+00  7.670061E+20  4.999955E-01 -9.740563E-08 -3.769403E+19 -4.914437E-02
    327  5.6047713214974171E-01  4.6846462705883970E+09  1.1539199413176766E+07  8.364315E+17 -7.587709E+18  0.000000E+00 -7.587709E+18  4.999955E-01 -9.740563E-08  1.607216E+18 -2.118184E-01
    328  5.6084354605265541E-01  4.6759141742085667E+09  1.1443783956287595E+07  8.373631E+17  7.743805E+19  0.000000E+00  7.743805E+19  4.999954E-01 -9.740563E-08 -1.002790E+19 -1.294958E-01
    329  5.6157637385848291E-01  4.6577685364274578E+09  1.1287357845079614E+07  8.393962E+17  1.516115E+20  0.000000E+00  1.516115E+20  4.999953E-01 -9.740562E-08 -1.641627E+19 -1.082785E-01
    330  5.6304202947013793E-01  4.6195566606407461E+09  1.0960458681468619E+07  8.435237E+17 -7.064501E+20  0.000000E+00 -7.064501E+20  4.999951E-01 -9.740559E-08  8.232055E+19 -1.165271E-01
    331  5.6326446924347828E-01  4.6101947470020399E+09  1.0894746318391906E+07  8.445233E+17  8.238040E+19  0.000000E+00  8.238040E+19  4.999951E-01 -9.740559E-08 -9.814054E+18 -1.191309E-01
    332  5.6354959860566645E-01  4.5987464049063120E+09  1.0807009116569152E+07  8.457171E+17  1.164435E+20  0.000000E+00  1.164435E+20  4.999950E-01 -9.740559E-08 -1.382176E+19 -1.186993E-01
    333  5.6411985733004277E-01  4.5777597111140003E+09  1.0628645624158390E+07  8.477981E+17  8.099655E+20  0.000000E+00  8.099655E+20  4.999949E-01 -9.740560E-08 -9.664387E+19 -1.193185E-01
    334  5.6423390907491799E-01  4.5739032023991976E+09  1.0593196370505499E+07  8.481752E+17  1.263807E+17  0.000000E+00  1.263807E+17  4.999949E-01 -9.740560E-08  1.584874E+17  1.254047E+00
    335  5.6440604960809104E-01  4.5670021941877499E+09  1.0539315029795954E+07  8.488575E+17 -7.678625E+19  0.000000E+00 -7.678625E+19  4.999949E-01 -9.740560E-08  9.786378E+18 -1.274496E-01
    336  5.6475033067443714E-01  4.5514003533154764E+09  1.0428303695734538E+07  8.504010E+17  3.311601E+20  0.000000E+00  3.311601E+20  4.999949E-01 -9.740560E-08 -3.843572E+19 -1.160639E-01
    337  5.6543889280712922E-01  4.5206440019248800E+09  1.0195932238766009E+07  8.533028E+17  1.317225E+21  0.000000E+00  1.317225E+21  4.999948E-01 -9.740560E-08 -1.537611E+20 -1.167311E-01
    338  5.6658116774155654E-01  4.4731321135351448E+09  9.8404165745039228E+06  8.575631E+17  6.465081E+20  0.000000E+00  6.465081E+20  4.999947E-01 -9.740558E-08 -1.170442E+20 -1.810406E-01
    339  5.6823779554863729E-01  4.4058645030705318E+09  9.3603227674764264E+06  8.631740E+17 -3.815157E+21  0.000000E+00 -3.815157E+21  4.999945E-01 -9.740556E-08  5.262918E+20 -1.379476E-01
    340  5.6839143263514591E-01  4.3996467857587538E+09  9.3165041564757396E+06  8.635998E+17  8.047739E+19  0.000000E+00  8.047739E+19  4.999945E-01 -9.740556E-08 -1.063987E+19 -1.322094E-01
    341  5.6857830346255678E-01  4.3924996687542000E+09  9.2647905430471767E+06  8.641483E+17  2.128982E+18  0.000000E+00  2.128982E+18  4.999945E-01 -9.740556E-08  9.191203E+15  4.317182E-03
    342  5.6895204511737851E-01  4.3789262375319719E+09  9.1685669548770208E+06  8.651762E+17  4.834807E+19  0.000000E+00  4.834807E+19  4.999945E-01 -9.740556E-08 -4.065662E+18 -8.409150E-02
    343  5.6969952842702198E-01  4.3525230518204536E+09  8.9944299405152146E+06  8.671373E+17  4.152175E+20  0.000000E+00  4.152175E+20  4.999944E-01 -9.740555E-08 -4.246560E+19 -1.022731E-01
    344  5.7106182860620247E-01  4.3076395092202702E+09  8.7004345446807202E+06  8.703140E+17 -7.318982E+20  0.000000E+00 -7.318982E+20  4.999943E-01 -9.740554E-08  5.979158E+19 -8.169385E-02
    345  5.7219614238276162E-01  4.2720004233140559E+09  8.4732984576372057E+06  8.726354E+17  5.403567E+20  0.000000E+00  5.403567E+20  4.999942E-01 -9.740554E-08 -6.054476E+19 -1.120459E-01
    346  5.7396511806884587E-01  4.2266676401758547E+09  8.1835273737711748E+06  8.754376E+17 -4.866816E+20  0.000000E+00 -4.866816E+20  4.999941E-01 -9.740555E-08  2.116286E+19 -4.348399E-02
    347  5.7638870637535211E-01  4.1882763404299383E+09  7.9346225053193169E+06  8.775911E+17  3.508774E+20  0.000000E+00  3.508774E+20  4.999939E-01 -9.740552E-08 -5.292755E+19 -1.508434E-01
    348  5.7967347550954207E-01  4.1151261813798089E+09  7.5245303585435655E+06  8.814417E+17 -1.902914E+20  0.000000E+00 -1.902914E+20  4.999938E-01 -9.740552E-08  1.142647E+20 -6.004725E-01
    349  5.7997004154699228E-01  4.1066086828423243E+09  7.4828778260798026E+06  8.818595E+17  8.181932E+18  0.000000E+00  8.181932E+18  4.999937E-01 -9.740552E-08 -2.672251E+18 -3.266039E-01
    350  5.8033788306347656E-01  4.0961031353401480E+09  7.4249189899827000E+06  8.823594E+17  1.230821E+19  0.000000E+00  1.230821E+19  4.999937E-01 -9.740552E-08 -1.241482E+18 -1.008662E-01
    351  5.8073723609213179E-01  4.0850748119025588E+09  7.3566556460814606E+06  8.828620E+17  6.961279E+18  0.000000E+00  6.961279E+18  4.999937E-01 -9.740552E-08 -5.269826E+17 -7.570198E-02
    352  5.8153594214944226E-01  4.0590517107648797E+09  7.2137494076498328E+06  8.840306E+17  2.312248E+19  0.000000E+00  2.312248E+19  4.999937E-01 -9.740552E-08 -1.147741E+18 -4.963745E-02
    353  5.8302862034846270E-01  4.0066480775589757E+09  6.9176786303236065E+06  8.862048E+17 -1.041801E+20  0.000000E+00 -1.041801E+20  4.999936E-01 -9.740552E-08 -6.070974E+18  5.827381E-02
    354  5.8324517222091965E-01  3.9991272080094047E+09  6.8767893637144482E+06  8.864872E+17  5.488713E+18  0.000000E+00  5.488713E+18  4.999936E-01 -9.740552E-08 -2.777324E+17 -5.060065E-02
    355  5.8350997303866647E-01  3.9883402989940996E+09  6.8251754468582738E+06  8.869081E+17  6.274891E+18  0.000000E+00  6.274891E+18  4.999936E-01 -9.740552E-08 -5.800865E+17 -9.244566E-02
    356  5.8401650656648552E-01  3.9681527062397637E+09  6.7226975166183347E+06  8.876653E+17  2.663685E+19  0.000000E+00  2.663685E+19  4.999936E-01 -9.740552E-08 -2.760073E+18 -1.036186E-01
    357  5.8497491338105001E-01  3.9295758429930716E+09  6.5295619515995532E+06  8.890244E+17  3.330788E+19  0.000000E+00  3.330788E+19  4.999935E-01 -9.740552E-08 -2.683872E+18 -8.057769E-02
    358  5.8512457123603145E-01  3.9236346685943422E+09  6.4995518147589080E+06  8.892255E+17  1.073734E+18  0.000000E+00  1.073734E+18  4.999935E-01 -9.740552E-08 -9.525477E+16 -8.871358E-02
    359  5.8530191077943738E-01  3.9168947771398292E+09  6.4647565491082035E+06  8.894478E+17  2.174631E+18  0.000000E+00  2.174631E+18  4.999935E-01 -9.740552E-08 -1.882364E+17 -8.656016E-02
    360  5.8565658986624936E-01  3.9028488135793495E+09  6.3936072257619109E+06  8.898982E+17  1.360032E+19  0.000000E+00  1.360032E+19  4.999935E-01 -9.740552E-08 -1.259197E+18 -9.258583E-02
    361  5.8632565781052060E-01  3.8742241837300320E+09  6.2539682113496084E+06  8.907848E+17  3.862485E+19  0.000000E+00  3.862485E+19  4.999935E-01 -9.740552E-08 -4.619380E+18 -1.195961E-01
    362  5.8654596999999997E-01  3.8657952000000000E+09  6.2103819000000004E+06  8.910341E+17  1.980214E+18  0.000000E+00  1.980214E+18  4.999935E-01 -9.740552E-08 -1.648780E+17 -8.326272E-02
