    1   2  1.661103E-09 h2   
    1   3  1.049296E-13 h3   
    2   3  8.043722E-10 he3  
    3   6  4.415212E-13 li6  
    3   7  1.743904E-16 li7  
    4   7  2.929999E-13 be7  
    4   9  2.070851E-15 be9  
    5   8  4.623159E-18 b8   
    5   9  2.046632E-12 b9   
    5  10  2.163409E-14 b10  
    5  11  1.480508E-16 b11  
    6  11  1.714248E-12 c11  
    6  12  5.696414E-07 c12  
    6  13  3.908346E-12 c13  
    6  14  3.199260E-15 c14  
    7  12  3.656612E-17 n12  
    7  13  4.255809E-10 n13  
    7  14  1.095956E-10 n14  
    7  15  2.223737E-11 n15  
    8  14  1.424530E-11 o14  
    8  15  9.242292E-10 o15  
    8  16  1.426975E-06 o16  
    8  17  5.953290E-12 o17  
    8  18  1.332437E-15 o18  
    8  19  4.422096E-15 o19  
    9  17  2.355309E-10 f17  
    9  18  1.282256E-12 f18  
    9  19  1.163576E-13 f19  
    9  20  9.221376E-12 f20  
    9  21  4.123743E-14 f21  
   10  17  4.555613E-19 ne17 
   10  18  4.227326E-13 ne18 
   10  19  4.340707E-12 ne19 
   10  20  2.992649E-08 ne20 
   10  21  1.065472E-11 ne21 
   10  22  3.539763E-13 ne22 
   10  23  7.595637E-18 ne23 
   10  24  7.310378E-21 ne24 
   11  19  3.106235E-17 na19 
   11  20  3.610849E-15 na20 
   11  21  1.047642E-10 na21 
   11  22  9.487851E-11 na22 
   11  23  3.061322E-10 na23 
   11  24  8.951383E-14 na24 
   11  25  6.300546E-16 na25 
   11  26  9.873772E-21 na26 
   11  27  5.898286E-25 na27 
   12  20  6.961406E-21 mg20 
   12  21  1.105630E-17 mg21 
   12  22  9.942087E-12 mg22 
   12  23  1.162262E-09 mg23 
   12  24  3.492564E-06 mg24 
   12  25  7.322907E-09 mg25 
   12  26  4.755013E-10 mg26 
   12  27  7.077349E-14 mg27 
   12  28  8.666701E-17 mg28 
   12  29  1.299682E-22 mg29 
   13  22  6.287323E-23 al22 
   13  23  5.394927E-16 al23 
   13  24  7.270992E-13 al24 
   13  25  1.553501E-08 al25 
   13  26  2.518884E-08 al26 
   13  27  2.325065E-07 al27 
   13  28  2.813696E-10 al28 
   13  29  2.496788E-12 al29 
   13  30  6.079006E-17 al30 
   13  31  7.629400E-21 al31 
   14  23  6.179229E-27 si23 
   14  24  4.181844E-19 si24 
   14  25  2.689337E-15 si25 
   14  26  9.053504E-10 si26 
   14  27  1.807091E-07 si27 
   14  28  1.766644E-03 si28 
   14  29  1.071188E-05 si29 
   14  30  7.815157E-07 si30 
   14  31  2.627956E-10 si31 
   14  32  6.801681E-13 si32 
   14  33  3.685734E-18 si33 
   14  34  3.573431E-22 si34 
   15  27  2.029462E-13 p27  
   15  28  1.063551E-10 p28  
   15  29  6.440387E-06 p29  
   15  30  8.323422E-06 p30  
   15  31  2.221573E-05 p31  
   15  32  7.783279E-08 p32  
   15  33  1.374213E-09 p33  
   15  34  1.389283E-13 p34  
   15  35  1.074097E-16 p35  
   15  36  1.074707E-22 p36  
   15  37  3.423423E-27 p37  
   15  38  3.693765E-31 p38  
   16  28  4.545343E-17 s28  
   16  29  3.505156E-13 s29  
   16  30  1.280176E-07 s30  
   16  31  5.923003E-06 s31  
   16  32  2.349957E-03 s32  
   16  33  3.911867E-05 s33  
   16  34  7.803868E-06 s34  
   16  35  4.797028E-09 s35  
   16  36  4.661228E-11 s36  
   16  37  4.100425E-16 s37  
   16  38  7.170548E-20 s38  
   16  39  3.208653E-25 s39  
   16  40  3.984242E-29 s40  
   16  41  4.093007E-31 s41  
   16  42  4.232786E-31 s42  
   17  31  1.113471E-11 cl31 
   17  32  3.609293E-09 cl32 
   17  33  7.781087E-06 cl33 
   17  34  1.552618E-05 cl34 
   17  35  6.483893E-05 cl35 
   17  36  3.689839E-07 cl36 
   17  37  1.953587E-08 cl37 
   17  38  1.571870E-12 cl38 
   17  39  1.330807E-15 cl39 
   17  40  4.038278E-20 cl40 
   17  41  1.696988E-23 cl41 
   17  42  3.766356E-28 cl42 
   17  43  4.748813E-31 cl43 
   17  44  4.426719E-31 cl44 
   17  45  4.617933E-31 cl45 
   18  32  2.082682E-15 ar32 
   18  33  1.326639E-11 ar33 
   18  34  1.407060E-07 ar34 
   18  35  6.308952E-06 ar35 
   18  36  2.054739E-03 ar36 
   18  37  4.492887E-05 ar37 
   18  38  1.894646E-05 ar38 
   18  39  1.165451E-08 ar39 
   18  40  7.540985E-11 ar40 
   18  41  2.268468E-14 ar41 
   18  42  4.111591E-17 ar42 
   18  43  2.289056E-21 ar43 
   18  44  7.845099E-25 ar44 
   18  45  2.509602E-29 ar45 
   18  46  4.882742E-31 ar46 
   19  35  8.064780E-12 k35  
   19  36  3.257052E-09 k36  
   19  37  3.142587E-06 k37  
   19  38  1.750962E-05 k38  
   19  39  1.523793E-04 k39  
   19  40  5.558883E-07 k40  
   19  41  1.213956E-08 k41  
   19  42  2.891789E-11 k42  
   19  43  2.163860E-13 k43  
   19  44  9.968172E-17 k44  
   19  45  2.543062E-19 k45  
   19  46  5.241314E-23 k46  
   19  47  3.708649E-26 k47  
   19  48  7.060097E-31 k48  
   19  49  5.170764E-31 k49  
   20  36  1.987887E-15 ca36 
   20  37  6.845931E-12 ca37 
   20  38  4.393935E-08 ca38 
   20  39  5.048195E-06 ca39 
   20  40  3.542119E-03 ca40 
   20  41  6.598122E-05 ca41 
   20  42  1.057923E-05 ca42 
   20  43  1.049208E-07 ca43 
   20  44  5.721842E-09 ca44 
   20  45  1.582205E-11 ca45 
   20  46  1.915678E-13 ca46 
   20  47  2.759737E-16 ca47 
   20  48  1.578947E-18 ca48 
   20  49  2.787808E-23 ca49 
   21  40  5.348895E-10 sc40 
   21  41  2.370904E-06 sc41 
   21  42  2.575201E-06 sc42 
   21  43  1.890818E-05 sc43 
   21  44  1.381620E-06 sc44 
   21  45  4.420652E-07 sc45 
   21  46  5.669917E-09 sc46 
   21  47  2.120593E-10 sc47 
   21  48  1.087113E-12 sc48 
   21  49  1.487952E-14 sc49 
   21  50  9.760416E-19 sc50 
   21  51  5.949517E-23 sc51 
   22  41  3.187529E-13 ti41 
   22  42  5.670870E-09 ti42 
   22  43  1.833597E-07 ti43 
   22  44  3.173434E-04 ti44 
   22  45  8.943425E-05 ti45 
   22  46  1.967420E-04 ti46 
   22  47  7.952058E-06 ti47 
   22  48  1.316379E-06 ti48 
   22  49  9.900187E-09 ti49 
   22  50  3.905494E-10 ti50 
   22  51  7.561865E-14 ti51 
   22  52  2.017420E-17 ti52 
   22  53  5.224860E-22 ti53 
   23  43  1.062558E-13 v43  
   23  44  2.725001E-11 v44  
   23  45  8.193961E-07 v45  
   23  46  1.006464E-05 v46  
   23  47  4.748047E-04 v47  
   23  48  1.138112E-04 v48  
   23  49  6.980108E-05 v49  
   23  50  1.836563E-06 v50  
   23  51  2.240419E-07 v51  
   23  52  2.225536E-10 v52  
   23  53  2.567467E-13 v53  
   23  54  1.010678E-17 v54  
   23  55  1.901606E-21 v55  
   24  44  4.071359E-17 cr44 
   24  45  1.036154E-13 cr45 
   24  46  5.564171E-09 cr46 
   24  47  1.286980E-06 cr47 
   24  48  3.098075E-03 cr48 
   24  49  2.685108E-03 cr49 
   24  50  8.521964E-03 cr50 
   24  51  5.657293E-04 cr51 
   24  52  1.778319E-04 cr52 
   24  53  8.195218E-07 cr53 
   24  54  7.735320E-09 cr54 
   24  55  1.474056E-12 cr55 
   24  56  4.509781E-16 cr56 
   24  57  1.187061E-20 cr57 
   24  58  7.480213E-25 cr58 
   25  46  2.425768E-18 mn46 
   25  47  1.214532E-12 mn47 
   25  48  3.467905E-09 mn48 
   25  49  9.424997E-06 mn49 
   25  50  2.297623E-04 mn50 
   25  51  1.304177E-02 mn51 
   25  52  4.596555E-03 mn52 
   25  53  4.847632E-03 mn53 
   25  54  9.949146E-05 mn54 
   25  55  3.145306E-06 mn55 
   25  56  3.080611E-09 mn56 
   25  57  3.104809E-12 mn57 
   25  58  2.968487E-16 mn58 
   25  59  9.489469E-20 mn59 
   25  60  1.380630E-24 mn60 
   25  61  1.132234E-28 mn61 
   26  47  3.692980E-22 fe47 
   26  48  5.180335E-16 fe48 
   26  49  3.625076E-12 fe49 
   26  50  4.026804E-08 fe50 
   26  51  2.460161E-05 fe51 
   26  52  3.240561E-02 fe52 
   26  53  3.508594E-02 fe53 
   26  54  1.620499E-01 fe54 
   26  55  1.109932E-02 fe55 
   26  56  1.676953E-03 fe56 
   26  57  7.557176E-06 fe57 
   26  58  5.858964E-08 fe58 
   26  59  2.052743E-11 fe59 
   26  60  1.888197E-14 fe60 
   26  61  8.793294E-19 fe61 
   26  62  2.077893E-22 fe62 
   26  63  3.216256E-27 fe63 
   27  50  2.309950E-16 co50 
   27  51  3.323170E-11 co51 
   27  52  6.694082E-09 co52 
   27  53  2.934543E-05 co53 
   27  54  2.013909E-03 co54 
   27  55  1.663139E-01 co55 
   27  56  3.159641E-02 co56 
   27  57  9.772982E-03 co57 
   27  58  1.604788E-04 co58 
   27  59  4.458984E-06 co59 
   27  60  8.105645E-09 co60 
   27  61  2.432623E-11 co61 
   27  62  5.509087E-15 co62 
   27  63  5.420619E-18 co63 
   27  64  2.869589E-22 co64 
   27  65  7.108061E-26 co65 
   28  51  8.919739E-21 ni51 
   28  52  2.658708E-15 ni52 
   28  53  8.531714E-12 ni53 
   28  54  7.730625E-08 ni54 
   28  55  1.039529E-04 ni55 
   28  56  2.287157E-01 ni56 
   28  57  1.070881E-01 ni57 
   28  58  1.024307E-01 ni58 
   28  59  5.700432E-03 ni59 
   28  60  6.240724E-04 ni60 
   28  61  4.882365E-06 ni61 
   28  62  8.327703E-08 ni62 
   28  63  8.742424E-11 ni63 
   28  64  2.153228E-13 ni64 
   28  65  5.898874E-17 ni65 
   28  66  3.833594E-20 ni66 
   28  67  2.110047E-24 ni67 
   29  55  6.201318E-13 cu55 
   29  56  1.560208E-09 cu56 
   29  57  4.417572E-05 cu57 
   29  58  4.896212E-04 cu58 
   29  59  4.194419E-03 cu59 
   29  60  1.100763E-03 cu60 
   29  61  3.918465E-04 cu61 
   29  62  1.261268E-05 cu62 
   29  63  6.035552E-07 cu63 
   29  64  2.318340E-09 cu64 
   29  65  2.112925E-11 cu65 
   29  66  1.535612E-14 cu66 
   29  67  4.755271E-17 cu67 
   29  68  6.535844E-21 cu68 
   29  69  2.531110E-24 cu69 
   30  57  1.710164E-13 zn57 
   30  58  1.052431E-08 zn58 
   30  59  1.279681E-06 zn59 
   30  60  2.283989E-04 zn60 
   30  61  1.885177E-04 zn61 
   30  62  3.169049E-04 zn62 
   30  63  2.607542E-05 zn63 
   30  64  5.326889E-06 zn64 
   30  65  6.414894E-08 zn65 
   30  66  2.096597E-09 zn66 
   30  67  5.081411E-12 zn67 
   30  68  2.631016E-14 zn68 
   30  69  1.561628E-17 zn69 
   30  70  2.300846E-20 zn70 
   30  71  3.854297E-24 zn71 
   30  72  2.092304E-27 zn72 
   31  59  2.934324E-14 ga59 
   31  60  2.243425E-11 ga60 
   31  61  6.060490E-09 ga61 
   31  62  8.812852E-07 ga62 
   31  63  5.276454E-06 ga63 
   31  64  1.450438E-06 ga64 
   31  65  1.037853E-06 ga65 
   31  66  3.302791E-08 ga66 
   31  67  5.066576E-09 ga67 
   31  68  2.972103E-11 ga68 
   31  69  7.952605E-13 ga69 
   31  70  8.969265E-16 ga70 
   31  71  6.358862E-18 ga71 
   31  72  2.765594E-21 ga72 
   31  73  5.340545E-24 ga73 
   31  74  9.647470E-28 ga74 
   31  75  1.864470E-30 ga75 
   32  62  5.001641E-12 ge62 
   32  63  3.272949E-09 ge63 
   32  64  1.478554E-07 ge64 
   32  65  4.467094E-08 ge65 
   32  66  2.656437E-07 ge66 
   32  67  3.375544E-08 ge67 
   32  68  1.276143E-08 ge68 
   32  69  3.220487E-10 ge69 
   32  70  2.076590E-11 ge70 
   32  71  1.318914E-13 ge71 
   32  72  2.309359E-15 ge72 
   32  73  4.461581E-18 ge73 
   32  74  2.085911E-20 ge74 
   32  75  1.312991E-23 ge75 
   32  76  2.015954E-26 ge76 
   32  77  4.544415E-30 ge77 
   32  78  9.536011E-31 ge78 
   33  65  1.900645E-11 as65 
   33  66  6.043061E-10 as66 
   33  67  1.002009E-09 as67 
   33  68  6.360381E-10 as68 
   33  69  1.378069E-09 as69 
   33  70  7.788006E-11 as70 
   33  71  2.156653E-11 as71 
   33  72  2.690712E-13 as72 
   33  73  2.092892E-14 as73 
   33  74  7.128417E-17 as74 
   33  75  1.517174E-18 as75 
   33  76  2.206362E-21 as76 
   33  77  1.071696E-23 as77 
   33  78  2.595413E-27 as78 
   33  79  7.648352E-30 as79 
   34  67  2.229449E-12 se67 
   34  68  2.683601E-11 se68 
   34  69  1.946319E-11 se69 
   34  70  1.811298E-10 se70 
   34  71  8.544144E-11 se71 
   34  72  4.385490E-11 se72 
   34  73  2.385730E-12 se73 
   34  74  3.668755E-13 se74 
   34  75  4.903060E-15 se75 
   34  76  2.028073E-16 se76 
   34  77  8.678112E-19 se77 
   34  78  7.060001E-21 se78 
   34  79  1.408577E-23 se79 
   34  80  3.825772E-26 se80 
   34  81  3.347301E-29 se81 
   34  82  1.339424E-30 se82 
   34  83  6.605489E-31 se83 
   35  68  5.735955E-17 br68 
   35  69  3.666339E-15 br69 
   35  70  2.762298E-14 br70 
   35  71  1.636364E-12 br71 
   35  72  6.372987E-13 br72 
   35  73  2.699821E-12 br73 
   35  74  3.639656E-13 br74 
   35  75  2.288142E-13 br75 
   35  76  6.597092E-15 br76 
   35  77  1.065770E-15 br77 
   35  78  6.049159E-18 br78 
   35  79  2.365914E-19 br79 
   35  80  9.860780E-22 br80 
   35  81  9.247868E-24 br81 
   35  82  1.467740E-26 br82 
   35  83  5.852721E-29 br83 
   36  69  4.362623E-21 kr69 
   36  70  1.012634E-18 kr70 
   36  71  5.675593E-17 kr71 
   36  72  1.764397E-14 kr72 
   36  73  6.425666E-14 kr73 
   36  74  3.573619E-13 kr74 
   36  75  1.775804E-13 kr75 
   36  76  2.452529E-13 kr76 
   36  77  2.819000E-14 kr77 
   36  78  7.955987E-15 kr78 
   36  79  2.047486E-16 kr79 
   36  80  9.860919E-18 kr80 
   36  81  1.073959E-19 kr81 
   36  82  2.222558E-21 kr82 
   36  83  1.097067E-23 kr83 
   36  84  9.345645E-26 kr84 
   36  85  1.712167E-28 kr85 
   36  86  1.480147E-30 kr86 
   36  87  6.373266E-31 kr87 
   37  73  1.696891E-18 rb73 
   37  74  1.076907E-16 rb74 
   37  75  1.850069E-15 rb75 
   37  76  2.334242E-15 rb76 
   37  77  9.136179E-15 rb77 
   37  78  9.469135E-16 rb78 
   37  79  2.672438E-15 rb79 
   37  80  7.469256E-17 rb80 
   37  81  2.374208E-17 rb81 
   37  82  3.934028E-19 rb82 
   37  83  3.983926E-20 rb83 
   37  84  2.907975E-22 rb84 
   37  85  1.274245E-23 rb85 
   38  74  4.490355E-22 sr74 
   38  75  2.084619E-19 sr75 
   38  76  4.713172E-17 sr76 
   38  77  1.537380E-16 sr77 
   38  78  9.365609E-16 sr78 
   38  79  9.067849E-16 sr79 
   38  80  1.061936E-15 sr80 
   38  81  2.337521E-16 sr81 
   38  82  8.298854E-17 sr82 
   38  83  4.455651E-18 sr83 
   38  84  6.526300E-19 sr84 
   39  75  1.531702E-27 y75  
   39  76  2.422484E-24 y76  
   39  77  1.110998E-21 y77  
   39  78  4.955371E-20 y78  
   39  79  6.018175E-18 y79  
   39  80  2.256507E-16 y80  
   39  81  2.612696E-17 y81  
   39  82  1.004630E-17 y82  
   39  83  1.665529E-17 y83  
   39  84  1.349771E-18 y84  
   39  85  8.457339E-19 y85  
   39  86  5.437869E-20 y86  
   39  87  1.149058E-20 y87  
   40  78  1.151693E-25 zr78 
   40  79  2.431520E-23 zr79 
   40  80  1.015959E-19 zr80 
   40  81  9.351419E-20 zr81 
   40  82  2.080953E-18 zr82 
   40  83  2.048173E-18 zr83 
   40  84  1.629446E-18 zr84 
   40  85  9.087997E-19 zr85 
   40  86  8.999084E-19 zr86 
   40  87  2.205884E-19 zr87 
   40  88  7.306609E-20 zr88 
   40  89  7.387064E-21 zr89 
   40  90  1.061778E-21 zr90 
   41  82  1.259705E-22 nb82 
   41  83  9.100708E-21 nb83 
   41  84  8.624039E-21 nb84 
   41  85  1.152024E-20 nb85 
   41  86  7.508706E-20 nb86 
   41  87  1.393053E-19 nb87 
   41  88  4.531536E-20 nb88 
   41  89  5.248071E-20 nb89 
   41  90  1.175144E-20 nb90 
   42  83  8.010231E-27 mo83 
   42  84  8.398018E-25 mo84 
   42  85  1.545151E-23 mo85 
   42  86  1.009264E-22 mo86 
   42  87  7.015441E-21 mo87 
   42  88  1.013671E-20 mo88 
   42  89  1.724349E-20 mo89 
   42  90  2.864379E-20 mo90 
   43  89  8.833723E-23 tc89 
   43  90  2.712844E-22 tc90 
   43  91  1.224521E-21 tc91 
    0   1  4.235834E-07 neut 
    1   1  1.393764E-02 prot 
    2   4  3.271883E-02 he4  
