    1   2  1.277356E-15 h2   
    1   3 -3.684248E-23 h3   
    2   3  1.928339E-15 he3  
    3   6 -3.723148E-22 li6  
    3   7 -4.940929E-28 li7  
    4   7  1.341034E-21 be7  
    4   9  1.680198E-24 be9  
    5   8  1.592781E-28 b8   
    5   9  1.193029E-17 b9   
    5  10  1.230982E-23 b10  
    5  11  7.275226E-24 b11  
    6  11  5.197534E-15 c11  
    6  12  2.699773E-07 c12  
    6  13  4.391721E-16 c13  
    6  14  5.387040E-22 c14  
    7  12  1.499623E-21 n12  
    7  13  1.392230E-11 n13  
    7  14  3.833503E-13 n14  
    7  15  3.376455E-15 n15  
    8  14  5.500869E-13 o14  
    8  15  5.397775E-11 o15  
    8  16  7.220911E-07 o16  
    8  17  2.750171E-16 o17  
    8  18  3.399725E-23 o18  
    8  19  5.329419E-20 o19  
    9  17  1.950364E-12 f17  
    9  18  2.049091E-16 f18  
    9  19  6.762781E-19 f19  
    9  20  1.924602E-14 f20  
    9  21  3.893982E-18 f21  
   10  17  6.255549E-24 ne17 
   10  18  2.988466E-15 ne18 
   10  19  2.384633E-15 ne19 
   10  20  1.307184E-09 ne20 
   10  21  2.414375E-15 ne21 
   10  22  7.357818E-19 ne22 
   10  23 -9.640373E-28 ne23 
   10  24  1.011761E-29 ne24 
   11  19  7.955461E-22 na19 
   11  20  2.600468E-19 na20 
   11  21  5.513214E-13 na21 
   11  22  1.733278E-13 na22 
   11  23  6.093231E-14 na23 
   11  24  6.551696E-20 na24 
   11  25 -5.366672E-24 na25 
   11  26  1.114824E-29 na26 
   11  27  1.157378E-29 na27 
   12  20  1.819845E-26 mg20 
   12  21  1.896231E-22 mg21 
   12  22  2.890491E-13 mg22 
   12  23  4.820466E-11 mg23 
   12  24  4.478501E-06 mg24 
   12  25  2.145249E-11 mg25 
   12  26  1.266020E-13 mg26 
   12  27  4.418068E-22 mg27 
   12  28 -5.958674E-26 mg28 
   12  29  1.239797E-29 mg29 
   13  22  4.971524E-30 al22 
   13  23  1.579339E-19 al23 
   13  24  1.723974E-15 al24 
   13  25  1.761117E-09 al25 
   13  26  4.337927E-10 al26 
   13  27  3.200122E-09 al27 
   13  28  1.159825E-14 al28 
   13  29  1.305138E-18 al29 
   13  30 -9.474711E-27 al30 
   13  31  1.349631E-29 al31 
   14  23  7.211806E-30 si23 
   14  24  3.180585E-23 si24 
   14  25  2.048147E-18 si25 
   14  26  3.267584E-10 si26 
   14  27  7.495847E-08 si27 
   14  28  4.219536E-02 si28 
   14  29  1.813833E-06 si29 
   14  30  8.939309E-09 si30 
   14  31  1.588215E-15 si31 
   14  32 -2.385370E-20 si32 
   14  33 -3.507631E-29 si33 
   14  34  1.496177E-29 si34 
   15  27  1.224340E-15 p27  
   15  28  3.048000E-12 p28  
   15  29  2.372628E-05 p29  
   15  30  3.774213E-06 p30  
   15  31  3.903121E-06 p31  
   15  32  5.380259E-11 p32  
   15  33  2.905589E-14 p33  
   15  34 -5.612457E-22 p34  
   15  35 -7.347927E-27 p35  
   15  36  1.398496E-29 p36  
   15  37  1.847925E-29 p37  
   15  38  1.481770E-29 p38  
   16  28  3.837579E-20 s28  
   16  29  2.462955E-15 s29  
   16  30  4.600136E-07 s30  
   16  31  1.539764E-05 s31  
   16  32  4.662171E-02 s32  
   16  33  5.914322E-06 s33  
   16  34  1.726102E-07 s34  
   16  35  1.127161E-13 s35  
   16  36  1.818700E-18 s36  
   16  37 -1.829955E-26 s37  
   16  38  1.459509E-29 s38  
   16  39  1.710800E-29 s39  
   16  40  1.923239E-29 s40  
   16  41  1.746704E-29 s41  
   16  42  1.900116E-29 s42  
   17  31  3.884311E-13 cl31 
   17  32  3.825222E-10 cl32 
   17  33  1.352350E-05 cl33 
   17  34  3.443973E-06 cl34 
   17  35  9.743865E-06 cl35 
   17  36  3.615015E-10 cl36 
   17  37  8.831748E-13 cl37 
   17  38 -6.635171E-21 cl38 
   17  39 -7.940453E-26 cl39 
   17  40  1.975901E-29 cl40 
   17  41  1.704280E-29 cl41 
   17  42  1.915155E-29 cl42 
   17  43  2.132269E-29 cl43 
   17  44  1.848946E-29 cl44 
   17  45  2.057990E-29 cl45 
   18  32  7.811846E-18 ar32 
   18  33  3.406190E-13 ar33 
   18  34  2.876077E-07 ar34 
   18  35  7.121633E-06 ar35 
   18  36  2.047171E-02 ar36 
   18  37  3.857041E-06 ar37 
   18  38  4.068445E-07 ar38 
   18  39  1.736304E-13 ar39 
   18  40  4.881721E-18 ar40 
   18  41 -3.469519E-24 ar41 
   18  42 -5.359447E-29 ar42 
   18  43  2.242752E-29 ar43 
   18  44  1.739240E-29 ar44 
   18  45  2.071039E-29 ar45 
   18  46  2.122112E-29 ar46 
   19  35  1.227002E-13 k35  
   19  36  1.430992E-10 k36  
   19  37  1.672053E-06 k37  
   19  38  2.852912E-06 k38  
   19  39  2.332359E-05 k39  
   19  40  2.458091E-10 k40  
   19  41  1.142193E-13 k41  
   19  42 -1.297313E-19 k42  
   19  43 -6.747272E-23 k43  
   19  44 -1.541821E-28 k44  
   19  45  2.076703E-29 k45  
   19  46  2.142761E-29 k46  
   19  47  2.388471E-29 k47  
   19  48  2.068827E-29 k48  
   19  49  2.281189E-29 k49  
   20  36  4.070840E-18 ca36 
   20  37  6.063778E-14 ca37 
   20  38  2.523523E-08 ca38 
   20  39  3.144646E-06 ca39 
   20  40  2.918972E-02 ca40 
   20  41  3.050057E-06 ca41 
   20  42  6.050025E-08 ca42 
   20  43  1.896848E-12 ca43 
   20  44  9.700540E-15 ca44 
   20  45 -4.303394E-20 ca45 
   20  46 -3.274705E-23 ca46 
   20  47 -1.287200E-28 ca47 
   20  48  1.959334E-29 ca48 
   20  49  2.264263E-29 ca49 
   21  40  3.561923E-12 sc40 
   21  41  4.613051E-07 sc41 
   21  42  4.153149E-08 sc42 
   21  43  1.407738E-07 sc43 
   21  44  1.980848E-10 sc44 
   21  45  9.145329E-12 sc45 
   21  46  2.872881E-16 sc46 
   21  47 -1.596948E-18 sc47 
   21  48 -1.004518E-22 sc48 
   21  49 -2.811879E-26 sc49 
   21  50  2.365458E-29 sc50 
   21  51  2.422200E-29 sc51 
   22  41  2.308524E-16 ti41 
   22  42  3.655975E-10 ti42 
   22  43  4.445732E-09 ti43 
   22  44  1.644183E-04 ti44 
   22  45  1.084291E-06 ti45 
   22  46  1.932502E-06 ti46 
   22  47  1.011644E-09 ti47 
   22  48  2.536524E-11 ti48 
   22  49 -2.426024E-16 ti49 
   22  50 -1.135970E-18 ti50 
   22  51 -3.186543E-25 ti51 
   22  52  2.488278E-29 ti52 
   22  53  2.487526E-29 ti53 
   23  43  2.581651E-17 v43  
   23  44  1.020484E-14 v44  
   23  45  2.369779E-08 v45  
   23  46  1.154825E-07 v46  
   23  47  9.304309E-06 v47  
   23  48  1.110614E-07 v48  
   23  49  1.442205E-08 v49  
   23  50  3.794066E-12 v50  
   23  51  9.007815E-15 v51  
   23  52 -1.069952E-19 v52  
   23  53 -4.824314E-25 v53  
   23  54  2.575265E-29 v54  
   23  55  2.642684E-29 v55  
   24  44  1.957961E-21 cr44 
   24  45  4.849153E-18 cr45 
   24  46  2.224478E-10 cr46 
   24  47  3.211344E-08 cr47 
   24  48  2.105269E-03 cr48 
   24  49  1.350341E-04 cr49 
   24  50  2.683116E-04 cr50 
   24  51  3.406298E-07 cr51 
   24  52  3.021762E-08 cr52 
   24  53  9.314358E-14 cr53 
   24  54 -3.122266E-17 cr54 
   24  55 -1.029030E-23 cr55 
   24  56  6.943441E-30 cr56 
   24  57  2.612799E-29 cr57 
   24  58  2.794423E-29 cr58 
   25  46  6.803609E-25 mn46 
   25  47  3.716381E-16 mn47 
   25  48  1.237326E-11 mn48 
   25  49  5.431788E-07 mn49 
   25  50  8.358092E-06 mn50 
   25  51  9.992321E-04 mn51 
   25  52  1.825261E-05 mn52 
   25  53  6.795706E-06 mn53 
   25  54  9.610579E-10 mn54 
   25  55  8.151495E-13 mn55 
   25  56 -1.699419E-18 mn56 
   25  57 -1.184017E-23 mn57 
   25  58  2.825515E-29 mn58 
   25  59  3.085746E-29 mn59 
   25  60  2.665553E-29 mn60 
   25  61  2.934354E-29 mn61 
   26  47  1.427359E-29 fe47 
   26  48  3.056233E-20 fe48 
   26  49  9.879185E-16 fe49 
   26  50  1.116505E-09 fe50 
   26  51  1.590871E-06 fe51 
   26  52  4.055495E-02 fe52 
   26  53  3.485498E-03 fe53 
   26  54  1.672537E-02 fe54 
   26  55  1.921715E-05 fe55 
   26  56  3.237308E-07 fe56 
   26  57  1.242519E-12 fe57 
   26  58 -1.839909E-16 fe58 
   26  59 -3.473175E-23 fe59 
   26  60 -2.024541E-27 fe60 
   26  61  2.881431E-29 fe61 
   26  62  3.395809E-29 fe62 
   26  63  2.658692E-29 fe63 
   27  50  1.171891E-21 co50 
   27  51  3.833062E-14 co51 
   27  52  1.056800E-11 co52 
   27  53  2.176762E-06 co53 
   27  54  1.326879E-04 co54 
   27  55  3.683624E-02 co55 
   27  56  1.909012E-04 co56 
   27  57  9.494705E-06 co57 
   27  58  8.198651E-10 co58 
   27  59  2.458641E-13 co59 
   27  60 -2.126388E-18 co60 
   27  61  1.687658E-24 co61 
   27  62  7.689801E-29 co62 
   27  63  2.700281E-29 co63 
   27  64  2.959379E-29 co64 
   27  65  3.193062E-29 co65 
   28  51  8.511699E-28 ni51 
   28  52  2.196662E-19 ni52 
   28  53  2.240513E-15 ni53 
   28  54  2.206108E-09 ni54 
   28  55  8.670962E-06 ni55 
   28  56  7.503617E-01 ni56 
   28  57  1.279906E-02 ni57 
   28  58  3.616385E-03 ni58 
   28  59  2.037542E-06 ni59 
   28  60  3.667892E-08 ni60 
   28  61  6.651404E-14 ni61 
   28  62  8.659809E-17 ni62 
   28  63  2.242975E-23 ni63 
   28  64 -3.210318E-26 ni64 
   28  65  3.181093E-29 ni65 
   28  66  3.390162E-29 ni66 
   28  67  3.171229E-29 ni67 
   29  55  2.964125E-17 cu55 
   29  56  3.293680E-13 cu56 
   29  57  1.957512E-06 cu57 
   29  58  6.791297E-06 cu58 
   29  59  3.660849E-05 cu59 
   29  60  2.348704E-07 cu60 
   29  61  2.087250E-08 cu61 
   29  62  1.247349E-12 cu62 
   29  63  4.387702E-15 cu63 
   29  64 -9.341800E-20 cu64 
   29  65 -2.470295E-23 cu65 
   29  66  5.447411E-29 cu66 
   29  67  3.292774E-29 cu67 
   29  68  3.230023E-29 cu68 
   29  69  3.427946E-29 cu69 
   30  57  1.465318E-18 zn57 
   30  58  3.452738E-11 zn58 
   30  59  2.746725E-09 zn59 
   30  60  3.233327E-06 zn60 
   30  61  9.208453E-08 zn61 
   30  62  1.005928E-07 zn62 
   30  63  3.428411E-11 zn63 
   30  64  3.186752E-12 zn64 
   30  65 -6.123363E-17 zn65 
   30  66  5.474486E-20 zn66 
   30  67 -1.642957E-25 zn67 
   30  68  2.912770E-29 zn68 
   30  69  3.367061E-29 zn69 
   30  70  3.705200E-29 zn70 
   30  71  3.288620E-29 zn71 
   30  72  3.595573E-29 zn72 
   31  59  9.130547E-20 ga59 
   31  60  1.238295E-16 ga60 
   31  61  6.057280E-13 ga61 
   31  62  4.094449E-11 ga62 
   31  63  2.049460E-10 ga63 
   31  64  4.983322E-13 ga64 
   31  65  1.839578E-13 ga65 
   31  66 -4.635361E-17 ga66 
   31  67 -1.638900E-19 ga67 
   31  68 -2.689680E-23 ga68 
   31  69 -1.169195E-26 ga69 
   31  70  3.712318E-29 ga70 
   31  71  3.407519E-29 ga71 
   31  72  3.428731E-29 ga72 
   31  73  3.732097E-29 ga73 
   31  74  3.563876E-29 ga74 
   31  75  3.753448E-29 ga75 
   32  62  1.959897E-17 ge62 
   32  63  3.972189E-14 ge63 
   32  64  8.613193E-12 ge64 
   32  65  2.081432E-14 ge65 
   32  66  2.187093E-13 ge66 
   32  67 -2.894880E-16 ge67 
   32  68 -5.285617E-18 ge68 
   32  69 -7.160209E-21 ge69 
   32  70 -3.033833E-24 ge70 
   32  71 -3.185986E-28 ge71 
   32  72  3.610942E-29 ge72 
   32  73  3.729297E-29 ge73 
   32  74  3.673042E-29 ge74 
   32  75  3.707922E-29 ge75 
   32  76  3.988693E-29 ge76 
   32  77  3.664354E-29 ge77 
   32  78  3.938619E-29 ge78 
   33  65  6.660354E-18 as65 
   33  66  3.417880E-17 as66 
   33  67  5.572246E-17 as67 
   33  68 -1.682355E-18 as68 
   33  69 -9.939473E-19 as69 
   33  70 -1.388540E-21 as70 
   33  71 -2.617657E-23 as71 
   33  72 -2.193938E-27 as72 
   33  73  5.874261E-29 as73 
   33  74  3.574085E-29 as74 
   33  75  3.918455E-29 as75 
   33  76  3.906589E-29 as76 
   33  77  3.822594E-29 as77 
   33  78  3.796172E-29 as78 
   33  79  4.010154E-29 as79 
   34  67  2.670532E-20 se67 
   34  68  1.423869E-18 se68 
   34  69 -9.598117E-20 se69 
   34  70 -4.924610E-19 se70 
   34  71 -1.572868E-20 se71 
   34  72 -1.820539E-21 se72 
   34  73 -1.161174E-24 se73 
   34  74 -1.172926E-26 se74 
   34  75  5.050324E-29 se75 
   34  76  3.816488E-29 se76 
   34  77  3.905010E-29 se77 
   34  78  3.752511E-29 se78 
   34  79  4.020430E-29 se79 
   34  80  4.220938E-29 se80 
   34  81  4.044379E-29 se81 
   34  82  4.563974E-29 se82 
   34  83  3.800461E-29 se83 
   35  68 -1.973542E-27 br68 
   35  69 -8.822374E-25 br69 
   35  70 -2.626041E-24 br70 
   35  71 -6.558128E-22 br71 
   35  72 -1.783485E-23 br72 
   35  73 -1.909138E-23 br73 
   35  74 -1.146364E-25 br74 
   35  75 -9.771715E-27 br75 
   35  76  4.845967E-29 br76 
   35  77  4.052871E-29 br77 
   35  78  3.880750E-29 br78 
   35  79  4.010707E-29 br79 
   35  80  4.057274E-29 br80 
   35  81  4.379332E-29 br81 
   35  82  4.442580E-29 br82 
   35  83  3.777884E-29 br83 
   36  69  1.698563E-29 kr69 
   36  70  5.514023E-30 kr70 
   36  71 -1.277693E-27 kr71 
   36  72 -6.141762E-24 kr72 
   36  73 -3.306461E-24 kr73 
   36  74 -1.221139E-23 kr74 
   36  75 -4.709847E-25 kr75 
   36  76 -2.776158E-25 kr76 
   36  77 -4.489623E-28 kr77 
   36  78  9.560362E-28 kr78 
   36  79  4.334721E-29 kr79 
   36  80  5.775496E-29 kr80 
   36  81  4.508024E-29 kr81 
   36  82  4.276556E-29 kr82 
   36  83  4.022821E-29 kr83 
   36  84  4.373317E-29 kr84 
   36  85  4.418406E-29 kr85 
   36  86  5.425387E-29 kr86 
   36  87  3.847337E-29 kr87 
   37  73  1.002451E-29 rb73 
   37  74 -2.208821E-28 rb74 
   37  75 -5.373131E-27 rb75 
   37  76 -1.373045E-27 rb76 
   37  77 -2.272722E-27 rb77 
   37  78  3.732143E-29 rb78 
   37  79  1.941631E-28 rb79 
   37  80  4.189057E-29 rb80 
   37  81  8.376996E-29 rb81 
   37  82  4.496037E-29 rb82 
   37  83  3.954303E-29 rb83 
   37  84  4.481800E-29 rb84 
   37  85  2.848134E-28 rb85 
   38  74  2.474989E-29 sr74 
   38  75  2.948579E-29 sr75 
   38  76 -8.042598E-29 sr76 
   38  77 -1.179198E-28 sr77 
   38  78 -8.207798E-28 sr78 
   38  79  9.509356E-30 sr79 
   38  80  5.588338E-28 sr80 
   38  81  2.061678E-28 sr81 
   38  82  3.241776E-27 sr82 
   38  83  5.834480E-29 sr83 
   38  84  2.087312E-28 sr84 
   39  75  7.482828E-30 y75  
   39  76  7.040754E-30 y76  
   39  77  1.190885E-29 y77  
   39  78  1.737457E-29 y78  
   39  79  2.938463E-29 y79  
   39  80  2.679588E-29 y80  
   39  81  3.654582E-29 y81  
   39  82  3.897912E-29 y82  
   39  83  2.682595E-28 y83  
   39  84  4.303557E-29 y84  
   39  85  1.802914E-28 y85  
   39  86  4.529768E-29 y86  
   39  87  4.673863E-29 y87  
   40  78  2.194394E-29 zr78 
   40  79  2.681653E-29 zr79 
   40  80  3.216266E-29 zr80 
   40  81  2.927308E-29 zr81 
   40  82  4.357211E-29 zr82 
   40  83  4.679294E-29 zr83 
   40  84  1.074866E-28 zr84 
   40  85  7.266046E-29 zr85 
   40  86  1.622159E-27 zr86 
   40  87  1.324447E-28 zr87 
   40  88  1.200708E-27 zr88 
   40  89  5.208216E-29 zr89 
   40  90  6.528683E-29 zr90 
   41  82  1.402041E-29 nb82 
   41  83  2.966631E-29 nb83 
   41  84  2.697344E-29 nb84 
   41  85  3.166439E-29 nb85 
   41  86  4.101971E-29 nb86 
   41  87  1.214339E-28 nb87 
   41  88  4.702048E-29 nb88 
   41  89  4.359061E-28 nb89 
   41  90  6.128425E-29 nb90 
   42  83  2.261628E-29 mo83 
   42  84  2.813399E-29 mo84 
   42  85  3.766575E-29 mo85 
   42  86  4.334244E-29 mo86 
   42  87  4.645198E-29 mo87 
   42  88  6.262675E-29 mo88 
   42  89  6.274431E-29 mo89 
   42  90  2.807100E-27 mo90 
   43  89  3.149492E-29 tc89 
   43  90  3.799783E-29 tc90 
   43  91  5.606973E-29 tc91 
    0   1  3.400079E-12 neut 
    1   1  1.483854E-03 prot 
    2   4  2.222357E-04 he4  
