                           time                    temp                     den                    ener                    sdot                   sneut                   s-snu                      ye                   1-sum
      1  1.0175522000000001E-04  9.8688104000000000E+07  7.8888152999999998E+06  1.382835E+17 -3.841752E-07  0.000000E+00 -3.841752E-07  5.000000E-01  0.000000E+00  7.126061E-09 -1.854899E-02
      2  1.0175522001017553E-04  9.8688103999999985E+07  7.8888152999999980E+06  1.382835E+17 -3.841752E-07  0.000000E+00 -3.841752E-07  5.000000E-01  0.000000E+00  7.126061E-09 -1.854899E-02
      3  1.0175522003052657E-04  9.8688103999999955E+07  7.8888152999999933E+06  1.382835E+17 -3.841752E-07  0.000000E+00 -3.841752E-07  5.000000E-01  0.000000E+00  7.126061E-09 -1.854899E-02
      4  1.0175522007122866E-04  9.8688103999999896E+07  7.8888152999999849E+06  1.382835E+17 -3.841752E-07  0.000000E+00 -3.841752E-07  5.000000E-01  0.000000E+00  7.126061E-09 -1.854899E-02
      5  1.0175522015263284E-04  9.8688103999999791E+07  7.8888152999999691E+06  1.382835E+17 -3.841752E-07  0.000000E+00 -3.841752E-07  5.000000E-01  0.000000E+00  7.126061E-09 -1.854899E-02
      6  1.0175522031544119E-04  9.8688103999999568E+07  7.8888152999999356E+06  1.382835E+17 -3.841752E-07  0.000000E+00 -3.841752E-07  5.000000E-01  0.000000E+00  7.126061E-09 -1.854899E-02
      7  1.0175522064105789E-04  9.8688103999999121E+07  7.8888152999998694E+06  1.382835E+17 -3.841752E-07  0.000000E+00 -3.841752E-07  5.000000E-01  0.000000E+00  7.126061E-09 -1.854899E-02
      8  1.0175522129229130E-04  9.8688103999998227E+07  7.8888152999997372E+06  1.382835E+17 -3.841752E-07  0.000000E+00 -3.841752E-07  5.000000E-01  0.000000E+00  7.126061E-09 -1.854899E-02
      9  1.0175522259475811E-04  9.8688103999996439E+07  7.8888152999994727E+06  1.382835E+17 -3.841752E-07  0.000000E+00 -3.841752E-07  5.000000E-01  0.000000E+00  7.126061E-09 -1.854899E-02
     10  1.0175522519969174E-04  9.8688103999992862E+07  7.8888152999989437E+06  1.382835E+17 -3.841752E-07  0.000000E+00 -3.841752E-07  5.000000E-01  0.000000E+00  7.126061E-09 -1.854899E-02
     11  1.0175523040955900E-04  9.8688103999985710E+07  7.8888152999978866E+06  1.382835E+17 -3.841752E-07  0.000000E+00 -3.841752E-07  5.000000E-01  0.000000E+00  7.126061E-09 -1.854899E-02
     12  1.0175524082929354E-04  9.8688103999971405E+07  7.8888152999957707E+06  1.382835E+17 -3.841752E-07  0.000000E+00 -3.841752E-07  5.000000E-01  0.000000E+00  7.126061E-09 -1.854899E-02
     13  1.0175526166876259E-04  9.8688103999942809E+07  7.8888152999915387E+06  1.382835E+17 -3.841752E-07  0.000000E+00 -3.841752E-07  5.000000E-01  0.000000E+00  7.126061E-09 -1.854899E-02
     14  1.0175530334770070E-04  9.8688103999885604E+07  7.8888152999830758E+06  1.382835E+17 -3.841752E-07  0.000000E+00 -3.841752E-07  5.000000E-01  0.000000E+00  7.126061E-09 -1.854899E-02
     15  1.0175538670557692E-04  9.8688103999771178E+07  7.8888152999661509E+06  1.382835E+17 -3.841752E-07  0.000000E+00 -3.841752E-07  5.000000E-01  0.000000E+00  7.126061E-09 -1.854899E-02
     16  1.0175555342132937E-04  9.8688103999542341E+07  7.8888152999322992E+06  1.382835E+17 -3.841752E-07  0.000000E+00 -3.841752E-07  5.000000E-01  0.000000E+00  7.126061E-09 -1.854899E-02
     17  1.0175588685283427E-04  9.8688103999084681E+07  7.8888152998645967E+06  1.382835E+17 -3.841752E-07  0.000000E+00 -3.841752E-07  5.000000E-01  0.000000E+00  7.126061E-09 -1.854899E-02
     18  1.0175655371584406E-04  9.8688103998169333E+07  7.8888152997291917E+06  1.382835E+17 -3.841751E-07  0.000000E+00 -3.841751E-07  5.000000E-01  0.000000E+00  7.126061E-09 -1.854899E-02
     19  1.0175788744186364E-04  9.8688103996338665E+07  7.8888152994583817E+06  1.382835E+17 -3.841751E-07  0.000000E+00 -3.841751E-07  5.000000E-01  0.000000E+00  7.126061E-09 -1.854899E-02
     20  1.0176055489390281E-04  9.8688103992677316E+07  7.8888152989167627E+06  1.382835E+17 -3.841749E-07  0.000000E+00 -3.841749E-07  5.000000E-01  0.000000E+00  7.126060E-09 -1.854900E-02
     21  1.0176588979798114E-04  9.8688103985354617E+07  7.8888152978335228E+06  1.382835E+17 -3.841747E-07  0.000000E+00 -3.841747E-07  5.000000E-01  0.000000E+00  7.126059E-09 -1.854901E-02
     22  1.0177655960613782E-04  9.8688103970709220E+07  7.8888152956670430E+06  1.382835E+17 -3.841741E-07  0.000000E+00 -3.841741E-07  5.000000E-01  0.000000E+00  7.126057E-09 -1.854903E-02
     23  1.0179789922245117E-04  9.8688103941418409E+07  7.8888152913340852E+06  1.382835E+17 -3.841730E-07  0.000000E+00 -3.841730E-07  5.000000E-01  0.000000E+00  7.126053E-09 -1.854907E-02
     24  1.0184057845507785E-04  9.8688103882836819E+07  7.8888152826681677E+06  1.382835E+17 -3.841709E-07  0.000000E+00 -3.841709E-07  5.000000E-01  0.000000E+00  7.126044E-09 -1.854915E-02
     25  1.0192593692033123E-04  9.8688103765673622E+07  7.8888152653363338E+06  1.382835E+17 -3.841666E-07  0.000000E+00 -3.841666E-07  5.000000E-01  0.000000E+00  7.126026E-09 -1.854931E-02
     26  1.0209665385083798E-04  9.8688103531347215E+07  7.8888152306726649E+06  1.382835E+17 -3.841580E-07  0.000000E+00 -3.841580E-07  5.000000E-01  0.000000E+00  7.125990E-09 -1.854963E-02
     27  1.0243808771185149E-04  9.8688103062694415E+07  7.8888151613453282E+06  1.382835E+17 -3.841408E-07  0.000000E+00 -3.841408E-07  5.000000E-01  0.000000E+00  7.125919E-09 -1.855028E-02
     28  1.0312095543387850E-04  9.8688102125388831E+07  7.8888150226906547E+06  1.382835E+17 -3.841064E-07  0.000000E+00 -3.841064E-07  5.000000E-01  0.000000E+00  7.125776E-09 -1.855157E-02
     29  1.0448669087793252E-04  9.8688100250777647E+07  7.8888147453813078E+06  1.382835E+17 -3.840376E-07  0.000000E+00 -3.840376E-07  5.000000E-01  0.000000E+00  7.125491E-09 -1.855415E-02
     30  1.0721816176604055E-04  9.8688096501555279E+07  7.8888141907626148E+06  1.382835E+17 -3.839000E-07  0.000000E+00 -3.839000E-07  5.000000E-01  0.000000E+00  7.124920E-09 -1.855931E-02
     31  1.1268110354225661E-04  9.8688089003110543E+07  7.8888130815252271E+06  1.382835E+17 -3.838582E-07  0.000000E+00 -3.838582E-07  5.000000E-01  0.000000E+00  7.125954E-09 -1.856403E-02
     32  1.2360698709468874E-04  9.8688074006221056E+07  7.8888108630504524E+06  1.382835E+17 -3.878498E-07  0.000000E+00 -3.878498E-07  5.000000E-01  0.000000E+00  7.167485E-09 -1.848005E-02
     33  1.4545875419955299E-04  9.8688044012442112E+07  7.8888064261009041E+06  1.382835E+17 -3.982196E-07  0.000000E+00 -3.982196E-07  5.000000E-01  0.000000E+00  7.296801E-09 -1.832356E-02
     34  1.8916228840928150E-04  9.8687984024884209E+07  7.8887975522018056E+06  1.382835E+17 -4.071737E-07  0.000000E+00 -4.071737E-07  5.000000E-01  0.000000E+00  7.471721E-09 -1.835020E-02
     35  2.7656935682873854E-04  9.8687864913707107E+07  7.8887798217522511E+06  1.382835E+17 -3.857609E-07  0.000000E+00 -3.857609E-07  5.000000E-01  0.000000E+00  7.385000E-09 -1.914398E-02
     36  4.5138349366765263E-04  9.8687628495947972E+07  7.8887444028893039E+06  1.382835E+17 -3.652893E-07  0.000000E+00 -3.652893E-07  5.000000E-01  0.000000E+00  7.150889E-09 -1.957596E-02
     37  8.0101176734548069E-04  9.8687161506702796E+07  7.8886739561140621E+06  1.382835E+17 -3.635470E-07  0.000000E+00 -3.635470E-07  5.000000E-01  0.000000E+00  7.041098E-09 -1.936778E-02
     38  1.5002683147011370E-03  9.8686267575223491E+07  7.8885360812666323E+06  1.382835E+17 -3.548429E-07  0.000000E+00 -3.548429E-07  5.000000E-01  0.000000E+00  7.005882E-09 -1.974361E-02
     39  2.8987814094124497E-03  9.8684639158405647E+07  7.8882789549682904E+06  1.382835E+17 -3.455025E-07  0.000000E+00 -3.455025E-07  5.000000E-01  0.000000E+00  6.969521E-09 -2.017213E-02
     40  5.6958075988350742E-03  9.8682157722559616E+07  7.8878956565465499E+06  1.382835E+17 -3.364721E-07  0.000000E+00 -3.364721E-07  5.000000E-01  0.000000E+00  6.937418E-09 -2.061811E-02
     41  1.1289859977680325E-02  9.8680975256189898E+07  7.8877641573002636E+06  1.382835E+17 -3.292780E-07  0.000000E+00 -3.292780E-07  5.000000E-01  0.000000E+00  6.919303E-09 -2.101356E-02
     42  2.1289859754162907E-02  9.8664480175300926E+07  7.8871472726725368E+06  1.382835E+17 -3.248879E-07  0.000000E+00 -3.248879E-07  5.000000E-01  0.000000E+00  6.910563E-09 -2.127060E-02
     43  3.1289859530645489E-02  9.8880560749767363E+07  7.8807048289962998E+06  1.382835E+17 -3.281728E-07  0.000000E+00 -3.281728E-07  5.000000E-01  0.000000E+00  7.062205E-09 -2.151978E-02
     44  4.1289859307128071E-02  1.0166091176773205E+08  7.9090658524866542E+06  1.382835E+17 -4.226201E-07  0.000000E+00 -4.226201E-07  5.000000E-01  0.000000E+00  9.161481E-09 -2.167782E-02
     45  5.1289859083610653E-02  1.0198954504460242E+08  7.8590965721871993E+06  1.382835E+17 -4.330256E-07  0.000000E+00 -4.330256E-07  5.000000E-01  0.000000E+00  9.450763E-09 -2.182495E-02
     46  6.1289858860093235E-02  1.0148381968118031E+08  7.7998934239021633E+06  1.382835E+17 -4.109609E-07  0.000000E+00 -4.109609E-07  5.000000E-01  0.000000E+00  9.045029E-09 -2.200947E-02
     47  7.1289858636575817E-02  1.0232854935992256E+08  7.9862743368477998E+06  1.382835E+17 -4.391829E-07  0.000000E+00 -4.391829E-07  5.000000E-01  0.000000E+00  9.748207E-09 -2.219624E-02
     48  8.1289858413058400E-02  1.0308951722152875E+08  7.7745893629441215E+06  1.382835E+17 -4.683284E-07  0.000000E+00 -4.683284E-07  5.000000E-01  0.000000E+00  1.043244E-08 -2.227590E-02
     49  9.1289858189540982E-02  1.0183102023402730E+08  7.6671824873505021E+06  1.382835E+17 -4.151336E-07  0.000000E+00 -4.151336E-07  5.000000E-01  0.000000E+00  9.354220E-09 -2.253303E-02
     50  1.0128985796602356E-01  1.0495116418115348E+08  8.0324910188564444E+06  1.382835E+17 -5.398034E-07  0.000000E+00 -5.398034E-07  5.000000E-01  0.000000E+00  1.218214E-08 -2.256774E-02
     51  1.1128985774250615E-01  1.0570732092234336E+08  8.0211886671156110E+06  1.382835E+17 -5.732171E-07  0.000000E+00 -5.732171E-07  5.000000E-01  0.000000E+00  1.296927E-08 -2.262540E-02
     52  1.2128985751898873E-01  1.0272996793993907E+08  7.6658815879118908E+06  1.382835E+17 -4.421430E-07  0.000000E+00 -4.421430E-07  5.000000E-01  0.000000E+00  1.015054E-08 -2.295759E-02
     53  1.3128985729547132E-01  1.0935368162943552E+08  7.8890695733335037E+06  1.382835E+17 -7.503511E-07  0.000000E+00 -7.503511E-07  5.000000E-01  0.000000E+00  1.710493E-08 -2.279590E-02
     54  1.4128985707195391E-01  1.1065752381311284E+08  8.0534105656995140E+06  1.382835E+17 -8.241036E-07  0.000000E+00 -8.241036E-07  5.000000E-01  0.000000E+00  1.880860E-08 -2.282310E-02
     55  1.5128985684843649E-01  1.0872665505819200E+08  7.6348963361241985E+06  1.382835E+17 -7.193700E-07  0.000000E+00 -7.193700E-07  5.000000E-01  0.000000E+00  1.643422E-08 -2.284530E-02
     56  1.6128985662491907E-01  1.1339768086736749E+08  7.7806024140872266E+06  1.382835E+17 -9.879439E-07  0.000000E+00 -9.879439E-07  5.000000E-01  0.000000E+00  2.267564E-08 -2.295236E-02
     57  1.7128985640140165E-01  1.1581223614778306E+08  7.9315456203484135E+06  1.382835E+17 -1.147986E-06  0.000000E+00 -1.147986E-06  5.000000E-01  0.000000E+00  2.646654E-08 -2.305476E-02
     58  1.8128985617788423E-01  1.1628078740054584E+08  7.8135127923298776E+06  1.382835E+17 -1.182973E-06  0.000000E+00 -1.182973E-06  5.000000E-01  0.000000E+00  2.729320E-08 -2.307171E-02
     59  1.9128985595436682E-01  1.1674995238368650E+08  7.8661431764924265E+06  1.382835E+17 -1.213848E-06  0.000000E+00 -1.213848E-06  5.000000E-01  0.000000E+00  2.809710E-08 -2.314714E-02
     60  2.0128985573084940E-01  1.1865704729060018E+08  7.9402043008134207E+06  1.382835E+17 -1.349738E-06  0.000000E+00 -1.349738E-06  5.000000E-01  0.000000E+00  3.145212E-08 -2.330239E-02
     61  2.1128985550733198E-01  1.1714682865241322E+08  7.6604195937809665E+06  1.382835E+17 -1.238322E-06  0.000000E+00 -1.238322E-06  5.000000E-01  0.000000E+00  2.881601E-08 -2.327021E-02
     62  2.2128985528381456E-01  1.1924836672798474E+08  7.9167331788707189E+06  1.382835E+17 -1.387736E-06  0.000000E+00 -1.387736E-06  5.000000E-01  0.000000E+00  3.255167E-08 -2.345667E-02
     63  2.3128985506029714E-01  1.2770614427190685E+08  8.1951569748460706E+06  1.382835E+17 -2.100291E-06  0.000000E+00 -2.100291E-06  5.000000E-01  0.000000E+00  5.074120E-08 -2.415912E-02
     64  2.4128985483677973E-01  1.3126187824899024E+08  8.0726130469703395E+06  1.382835E+17 -2.455975E-06  0.000000E+00 -2.455975E-06  5.000000E-01  0.000000E+00  6.014040E-08 -2.448738E-02
     65  2.5128985461326231E-01  1.2466770434319505E+08  7.6355537289591925E+06  1.382835E+17 -1.837896E-06  0.000000E+00 -1.837896E-06  5.000000E-01  0.000000E+00  4.380836E-08 -2.383615E-02
     66  2.6128985438974489E-01  1.2655178643620966E+08  7.7889304642534535E+06  1.382835E+17 -1.995223E-06  0.000000E+00 -1.995223E-06  5.000000E-01  0.000000E+00  4.808777E-08 -2.410145E-02
     67  2.7128985416622747E-01  1.2868503266708335E+08  7.9210292921512499E+06  1.382835E+17 -2.190967E-06  0.000000E+00 -2.190967E-06  5.000000E-01  0.000000E+00  5.333494E-08 -2.434310E-02
     68  2.8128985394271006E-01  1.3065232693225603E+08  8.1135179434114918E+06  1.382835E+17 -2.381200E-06  0.000000E+00 -2.381200E-06  5.000000E-01  0.000000E+00  5.850507E-08 -2.456958E-02
     69  2.9128985371919264E-01  1.3269310318277782E+08  8.0488838384495126E+06  1.382835E+17 -2.585869E-06  0.000000E+00 -2.585869E-06  5.000000E-01  0.000000E+00  6.420276E-08 -2.482831E-02
     70  3.0128985349567522E-01  1.2908573161355977E+08  7.5758347696424983E+06  1.382835E+17 -2.225833E-06  0.000000E+00 -2.225833E-06  5.000000E-01  0.000000E+00  5.445139E-08 -2.446338E-02
     71  3.1128985327215780E-01  1.2903699936037414E+08  7.6622368417254966E+06  1.382835E+17 -2.214035E-06  0.000000E+00 -2.214035E-06  5.000000E-01  0.000000E+00  5.428560E-08 -2.451885E-02
     72  3.2128985304864038E-01  1.3226746168231359E+08  7.9706954690533318E+06  1.382835E+17 -2.528438E-06  0.000000E+00 -2.528438E-06  5.000000E-01  0.000000E+00  6.296876E-08 -2.490421E-02
     73  3.3128985282512297E-01  1.3366032091671821E+08  8.0911039044535588E+06  1.382835E+17 -2.673779E-06  0.000000E+00 -2.673779E-06  5.000000E-01  0.000000E+00  6.703216E-08 -2.507020E-02
     74  3.4128985260160555E-01  1.3342621554930086E+08  7.9441300954333059E+06  1.382835E+17 -2.648796E-06  0.000000E+00 -2.648796E-06  5.000000E-01  0.000000E+00  6.637539E-08 -2.505870E-02
     75  3.5128985237808813E-01  1.2858676435357012E+08  7.4300031979329148E+06  1.382835E+17 -2.160686E-06  0.000000E+00 -2.160686E-06  5.000000E-01  0.000000E+00  5.318863E-08 -2.461655E-02
     76  3.6128985215457071E-01  1.2865625895940286E+08  7.5417887845638003E+06  1.382835E+17 -2.160102E-06  0.000000E+00 -2.160102E-06  5.000000E-01  0.000000E+00  5.331219E-08 -2.468040E-02
     77  3.7128985193105329E-01  1.3494737672493163E+08  7.8396408987644147E+06  1.382835E+17 -2.790823E-06  0.000000E+00 -2.790823E-06  5.000000E-01  0.000000E+00  7.083100E-08 -2.537997E-02
     78  3.8128985170753588E-01  1.3812915672224298E+08  7.8241999077843297E+06  1.382835E+17 -3.148981E-06  0.000000E+00 -3.148981E-06  5.000000E-01  0.000000E+00  8.110990E-08 -2.575751E-02
     79  3.9128985148401846E-01  1.3870714894717523E+08  7.7436638508756896E+06  1.382835E+17 -3.217152E-06  0.000000E+00 -3.217152E-06  5.000000E-01  0.000000E+00  8.311560E-08 -2.583515E-02
     80  4.0128985126050104E-01  1.3730724070365262E+08  7.5571280298738489E+06  1.382835E+17 -3.057304E-06  0.000000E+00 -3.057304E-06  5.000000E-01  0.000000E+00  7.845988E-08 -2.566309E-02
     81  4.1128985103698362E-01  1.3748759787542069E+08  7.5910613186889691E+06  1.382835E+17 -3.071788E-06  0.000000E+00 -3.071788E-06  5.000000E-01  0.000000E+00  7.902814E-08 -2.572708E-02
     82  4.2128985081346620E-01  1.3951302309364176E+08  7.8198159456754467E+06  1.382835E+17 -3.299011E-06  0.000000E+00 -3.299011E-06  5.000000E-01  0.000000E+00  8.586987E-08 -2.602898E-02
     83  4.3128985058994879E-01  1.4108667560783160E+08  7.8130565620968966E+06  1.382835E+17 -3.482396E-06  0.000000E+00 -3.482396E-06  5.000000E-01  0.000000E+00  9.148875E-08 -2.627178E-02
     84  4.4128985036643137E-01  1.4058503190074137E+08  7.6336192138547339E+06  1.382835E+17 -3.424507E-06  0.000000E+00 -3.424507E-06  5.000000E-01  0.000000E+00  8.971358E-08 -2.619752E-02
     85  4.5128985014291395E-01  1.4492734475559309E+08  7.6360874120223848E+06  1.382835E+17 -3.944967E-06  0.000000E+00 -3.944967E-06  5.000000E-01  0.000000E+00  1.061890E-07 -2.691759E-02
     86  4.6128984991939653E-01  1.4442094516082743E+08  7.4316851175483139E+06  1.382835E+17 -3.887086E-06  0.000000E+00 -3.887086E-06  5.000000E-01  0.000000E+00  1.042452E-07 -2.681835E-02
     87  4.7128984969587912E-01  1.4573009125585964E+08  7.4996154424476810E+06  1.382835E+17 -4.048708E-06  0.000000E+00 -4.048708E-06  5.000000E-01  0.000000E+00  1.095390E-07 -2.705530E-02
     88  4.8128984947236170E-01  1.4864838580474159E+08  7.7492712742966330E+06  1.382835E+17 -4.420686E-06  0.000000E+00 -4.420686E-06  5.000000E-01  0.000000E+00  1.220272E-07 -2.760368E-02
     89  4.9128984924884428E-01  1.4642556425212178E+08  7.4870522707354985E+06  1.382835E+17 -4.135730E-06  0.000000E+00 -4.135730E-06  5.000000E-01  0.000000E+00  1.124767E-07 -2.719633E-02
     90  5.0128984902532681E-01  1.4520221607105488E+08  7.4599499838243518E+06  1.382835E+17 -3.978231E-06  0.000000E+00 -3.978231E-06  5.000000E-01  0.000000E+00  1.074164E-07 -2.700103E-02
     91  5.1128984880180939E-01  1.4854474383858934E+08  7.4611461905947300E+06  1.382835E+17 -4.399653E-06  0.000000E+00 -4.399653E-06  5.000000E-01  0.000000E+00  1.215635E-07 -2.763024E-02
     92  5.2128984857829197E-01  1.5780097846713871E+08  7.4085221257242830E+06  1.382835E+17 -5.683427E-06  0.000000E+00 -5.683427E-06  5.000000E-01  0.000000E+00  1.681065E-07 -2.957836E-02
     93  5.3128984835477455E-01  1.7473964415411311E+08  7.7190722621780010E+06  1.382835E+17 -8.253825E-06  0.000000E+00 -8.253825E-06  5.000000E-01  0.000000E+00  2.869118E-07 -3.476108E-02
     94  5.3128986158110914E-01  1.7473965067132869E+08  7.7190725759260477E+06  1.382835E+17 -8.253033E-06  0.000000E+00 -8.253033E-06  5.000000E-01  0.000000E+00  2.869042E-07 -3.476349E-02
     95  5.3128988803377819E-01  1.7473966370575979E+08  7.7190732034221385E+06  1.382835E+17 -8.251710E-06  0.000000E+00 -8.251710E-06  5.000000E-01  0.000000E+00  2.868889E-07 -3.476721E-02
     96  5.3128994093911630E-01  1.7473968977462196E+08  7.7190744584143199E+06  1.382835E+17 -8.249063E-06  0.000000E+00 -8.249063E-06  5.000000E-01  0.000000E+00  2.868583E-07 -3.477466E-02
     97  5.3129004674979263E-01  1.7473974191234642E+08  7.7190769683986856E+06  1.382835E+17 -8.243768E-06  0.000000E+00 -8.243768E-06  5.000000E-01  0.000000E+00  2.867972E-07 -3.478957E-02
     98  5.3129025837114519E-01  1.7473984618779525E+08  7.7190819883674141E+06  1.382835E+17 -8.233181E-06  0.000000E+00 -8.233181E-06  5.000000E-01  0.000000E+00  2.866748E-07 -3.481945E-02
     99  5.3129068161385040E-01  1.7474005473869294E+08  7.7190920283048730E+06  1.382835E+17 -8.262224E-06  0.000000E+00 -8.262224E-06  5.000000E-01  0.000000E+00  2.872591E-07 -3.476777E-02
    100  5.3129152809926083E-01  1.7474047184048837E+08  7.7191121081797928E+06  1.382835E+17 -8.412117E-06  0.000000E+00 -8.412117E-06  5.000000E-01  0.000000E+00  2.903133E-07 -3.451133E-02
    101  5.3129322107008170E-01  1.7474130604407918E+08  7.7191522679296313E+06  1.382835E+17 -8.608747E-06  0.000000E+00 -8.608747E-06  5.000000E-01  0.000000E+00  2.957499E-07 -3.435458E-02
    102  5.3129660701172332E-01  1.7474297445126081E+08  7.7192325874293055E+06  1.382835E+17 -8.443825E-06  0.000000E+00 -8.443825E-06  5.000000E-01  0.000000E+00  2.970360E-07 -3.517790E-02
    103  5.3130337889500667E-01  1.7474631126562405E+08  7.7193932264286578E+06  1.382835E+17 -7.773346E-06  0.000000E+00 -7.773346E-06  5.000000E-01  0.000000E+00  2.887796E-07 -3.714997E-02
    104  5.3131692266157327E-01  1.7475298489435053E+08  7.7197145044273594E+06  1.382835E+17 -7.280697E-06  0.000000E+00 -7.280697E-06  5.000000E-01  0.000000E+00  2.784219E-07 -3.824110E-02
    105  5.3134401019470645E-01  1.7476633215180346E+08  7.7203570604247618E+06  1.382835E+17 -6.922855E-06  0.000000E+00 -6.922855E-06  5.000000E-01  0.000000E+00  2.720259E-07 -3.929390E-02
    106  5.3139818526097282E-01  1.7479302666670930E+08  7.7216421724195667E+06  1.382835E+17 -6.485778E-06  0.000000E+00 -6.485778E-06  5.000000E-01  0.000000E+00  2.675165E-07 -4.124663E-02
    107  5.3150653539350556E-01  1.7484641569652104E+08  7.7242123964091772E+06  1.382835E+17 -6.209321E-06  0.000000E+00 -6.209321E-06  5.000000E-01  0.000000E+00  2.644889E-07 -4.259547E-02
    108  5.3172323565857116E-01  1.7497979666905183E+08  7.7295986996677676E+06  1.382835E+17 -6.293324E-06  0.000000E+00 -6.293324E-06  5.000000E-01  0.000000E+00  2.662186E-07 -4.230175E-02
    109  5.3215663618870224E-01  1.7568807026310697E+08  7.7444516101045106E+06  1.382835E+17 -6.928365E-06  0.000000E+00 -6.928365E-06  5.000000E-01  0.000000E+00  2.783079E-07 -4.016935E-02
    110  5.3302343724896450E-01  1.7952380564075550E+08  7.7893706549016694E+06  1.382835E+17 -8.176390E-06  0.000000E+00 -8.176390E-06  5.000000E-01  0.000000E+00  3.210511E-07 -3.926563E-02
    111  5.3475703936948904E-01  2.3965830833606255E+08  7.9985153527072044E+06  1.382835E+17 -4.414200E-06  0.000000E+00 -4.414200E-06  5.000000E-01  0.000000E+00  1.388872E-06 -3.146373E-01
    112  5.3479079203941349E-01  2.4228762234021047E+08  8.0051923784367358E+06  1.382835E+17 -8.758445E-07  0.000000E+00 -8.758445E-07  5.000000E-01  0.000000E+00  1.429255E-06 -1.631860E+00
    113  5.3485829737926227E-01  2.4754625034849760E+08  8.0185464298957754E+06  1.382835E+17 -3.612411E-06  0.000000E+00 -3.612411E-06  5.000000E-01  0.000000E+00  1.683791E-06 -4.661128E-01
    114  5.3499330805895995E-01  2.5806350636508054E+08  8.0452545328138778E+06  1.382835E+17 -5.717557E-06  0.000000E+00 -5.717557E-06  5.000000E-01  0.000000E+00  2.222219E-06 -3.886657E-01
    115  5.3526332941835519E-01  3.0498010553025830E+08  8.1414295241726153E+06  1.382835E+17  8.722118E-05  0.000000E+00  8.722118E-05  5.000000E-01  0.000000E+00  5.930288E-06  6.799138E-02
    116  5.3580337213714579E-01  4.2784848042191315E+08  8.3817473883388126E+06  1.382835E+17  1.712633E+01  0.000000E+00  1.712633E+01  5.000000E-01  0.000000E+00  3.881680E-05  2.266499E-06
    117  5.3688345757472689E-01  9.3936281151386535E+08  9.4026086208898295E+06  1.382835E+17  4.707916E+11  0.000000E+00  4.707916E+11  5.000000E-01 -8.418266E-11 -1.011532E+09 -2.148577E-03
    118  5.3688345843474838E-01  9.3936344999223065E+08  9.4026100304018371E+06  1.382835E+17  5.030530E+11  0.000000E+00  5.030530E+11  5.000000E-01 -8.418310E-11 -3.032007E+09 -6.027211E-03
    119  5.3688346015479127E-01  9.3936472694887877E+08  9.4026128494256679E+06  1.382835E+17  5.448453E+11  0.000000E+00  5.448453E+11  5.000000E-01 -8.418333E-11 -5.648975E+09 -1.036804E-02
    120  5.3688346359487715E-01  9.3936728086225760E+08  9.4026184874735139E+06  1.382835E+17  5.807297E+11  0.000000E+00  5.807297E+11  5.000000E-01 -8.418333E-11 -7.894692E+09 -1.359443E-02
    121  5.3688347047504881E-01  9.3937238868893266E+08  9.4026297635690253E+06  1.382835E+17  5.950333E+11  0.000000E+00  5.950333E+11  5.000000E-01 -8.418310E-11 -8.786149E+09 -1.476581E-02
    122  5.3688348423539223E-01  9.3938260434236515E+08  9.4026523157602269E+06  1.382835E+17  5.964911E+11  0.000000E+00  5.964911E+11  5.000000E-01 -8.418310E-11 -8.868305E+09 -1.486746E-02
    123  5.3688351175607896E-01  9.3940303564914787E+08  9.4026974201424494E+06  1.382835E+17  5.968539E+11  0.000000E+00  5.968539E+11  5.000000E-01 -8.418288E-11 -8.872924E+09 -1.486616E-02
    124  5.3688356679745253E-01  9.3944389826279569E+08  9.4027876289070770E+06  1.382835E+17  5.975823E+11  0.000000E+00  5.975823E+11  5.000000E-01 -8.418266E-11 -8.883081E+09 -1.486503E-02
    125  5.3688367688019967E-01  9.3952562349009120E+08  9.4029680464363303E+06  1.382835E+17  5.990039E+11  0.000000E+00  5.990039E+11  5.000000E-01 -8.418244E-11 -8.903392E+09 -1.486366E-02
    126  5.3688389704569395E-01  9.3968907394468224E+08  9.4033288814948387E+06  1.382835E+17  6.017747E+11  0.000000E+00  6.017747E+11  5.000000E-01 -8.418244E-11 -8.944157E+09 -1.486297E-02
    127  5.3688433737668251E-01  9.4001597485386455E+08  9.4040505516118538E+06  1.382835E+17  6.072446E+11  0.000000E+00  6.072446E+11  5.000000E-01 -8.418222E-11 -9.026246E+09 -1.486427E-02
    128  5.3688521803865952E-01  9.4066977667214656E+08  9.4054938918457050E+06  1.382835E+17  6.182713E+11  0.000000E+00  6.182713E+11  5.000000E-01 -8.418222E-11 -9.192738E+09 -1.486846E-02
    129  5.3688697936261354E-01  9.4197738030871046E+08  9.4083805723134056E+06  1.382835E+17  6.409118E+11  0.000000E+00  6.409118E+11  5.000000E-01 -8.418266E-11 -9.535111E+09 -1.487742E-02
    130  5.3689050201052158E-01  9.4459258758183849E+08  9.4141539332488049E+06  1.382835E+17  6.886632E+11  0.000000E+00  6.886632E+11  5.000000E-01 -8.418244E-11 -1.025881E+10 -1.489671E-02
    131  5.3689754730633765E-01  9.4982300212809455E+08  9.4257006551196054E+06  1.382835E+17  7.951812E+11  0.000000E+00  7.951812E+11  5.000000E-01 -8.418222E-11 -1.187995E+10 -1.493993E-02
    132  5.3691163789796981E-01  9.6028383122060657E+08  9.4487940988612082E+06  1.382835E+17  1.065173E+12  0.000000E+00  1.065173E+12  5.000000E-01 -8.418222E-11 -1.601936E+10 -1.503921E-02
    133  5.3693981908123423E-01  9.8120548940571296E+08  9.4949809863445945E+06  1.382835E+17  1.920002E+12  0.000000E+00  1.920002E+12  5.000000E-01 -8.418222E-11 -2.936598E+10 -1.529476E-02
    134  5.3699618144776295E-01  1.0230488057758435E+09  9.5873547613111846E+06  1.382835E+17  5.934170E+12  0.000000E+00  5.934170E+12  5.000000E-01 -8.418244E-11 -9.503841E+10 -1.601545E-02
    135  5.3710890618082041E-01  1.1067354385161045E+09  9.7721023112443648E+06  1.382835E+17  4.900769E+13  0.000000E+00  4.900769E+13  5.000000E-01 -8.418244E-11 -8.886195E+11 -1.813225E-02
    136  5.3733435564693544E-01  1.2741087039967089E+09  1.0141597411110908E+07  1.382836E+17  2.880828E+15  0.000000E+00  2.880828E+15  5.000000E-01 -1.033287E-10 -1.017958E+14 -3.533560E-02
    137  5.3778525457916537E-01  1.6239437076602054E+09  1.0964887749223081E+07  1.383710E+17 -1.804501E+20  0.000000E+00 -1.804501E+20  5.000005E-01 -1.050550E-04  2.016899E+19 -1.117705E-01
    138  5.3778525530793087E-01  1.6239443224261370E+09  1.0964889355559720E+07  1.383709E+17 -5.563681E+19  0.000000E+00 -5.563681E+19  5.000005E-01 -1.050550E-04  6.134200E+18 -1.102543E-01
    139  5.3778525676546196E-01  1.6239455519580936E+09  1.0964892568233244E+07  1.383709E+17 -4.638302E+18  0.000000E+00 -4.638302E+18  5.000005E-01 -1.050550E-04  5.732093E+17 -1.235817E-01
    140  5.3778525968052404E-01  1.6239480110219135E+09  1.0964898993580045E+07  1.383709E+17  8.015332E+17  0.000000E+00  8.015332E+17  5.000005E-01 -1.050550E-04 -9.776702E+15 -1.219750E-02
    141  5.3778526551064820E-01  1.6239529291495535E+09  1.0964911844273647E+07  1.383709E+17  7.820777E+17  0.000000E+00  7.820777E+17  5.000005E-01 -1.050550E-04 -7.693100E+15 -9.836747E-03
    142  5.3778527717089653E-01  1.6239627654048331E+09  1.0964937545660852E+07  1.383709E+17  7.820872E+17  0.000000E+00  7.820872E+17  5.000005E-01 -1.050550E-04 -7.690926E+15 -9.833847E-03
    143  5.3778530049139328E-01  1.6239824379154861E+09  1.0964988948435504E+07  1.383709E+17  7.824404E+17  0.000000E+00  7.824404E+17  5.000005E-01 -1.050550E-04 -7.708262E+15 -9.851565E-03
    144  5.3778534713238679E-01  1.6240217829367921E+09  1.0965091753984811E+07  1.383709E+17  7.838369E+17  0.000000E+00  7.838369E+17  5.000005E-01 -1.050550E-04 -7.787167E+15 -9.934678E-03
    145  5.3778544041437382E-01  1.6241004729794044E+09  1.0965297365083424E+07  1.383710E+17  7.873674E+17  0.000000E+00  7.873674E+17  5.000005E-01 -1.050550E-04 -7.990204E+15 -1.014800E-02
    146  5.3778562697834786E-01  1.6242578530646286E+09  1.0965708587280652E+07  1.383712E+17  7.947186E+17  0.000000E+00  7.947186E+17  5.000005E-01 -1.050550E-04 -8.406369E+15 -1.057779E-02
    147  5.3778600010629585E-01  1.6245726132349834E+09  1.0966531031674860E+07  1.383715E+17  8.090549E+17  0.000000E+00  8.090549E+17  5.000005E-01 -1.050550E-04 -9.198699E+15 -1.136968E-02
    148  5.3778674636219181E-01  1.6252021335756929E+09  1.0968175920463277E+07  1.383721E+17  8.353520E+17  0.000000E+00  8.353520E+17  5.000005E-01 -1.050550E-04 -1.063021E+16 -1.272543E-02
    149  5.3778823887398375E-01  1.6264611742571120E+09  1.0971465698040113E+07  1.383733E+17  8.791668E+17  0.000000E+00  8.791668E+17  5.000005E-01 -1.050550E-04 -1.298334E+16 -1.476778E-02
    150  5.3779122389756773E-01  1.6289792556200438E+09  1.0978045253194029E+07  1.383761E+17  9.420169E+17  0.000000E+00  9.420169E+17  5.000005E-01 -1.050550E-04 -1.623021E+16 -1.722921E-02
    151  5.3779719394473557E-01  1.6340154183458138E+09  1.0991204363501614E+07  1.383820E+17  1.020375E+18  0.000000E+00  1.020375E+18  5.000005E-01 -1.050550E-04 -1.968351E+16 -1.929046E-02
    152  5.3780913403907138E-01  1.6440877437974477E+09  1.1017522584117029E+07  1.383949E+17  1.146698E+18  0.000000E+00  1.146698E+18  5.000005E-01 -1.050550E-04 -2.333800E+16 -2.035235E-02
    153  5.3783301422774288E-01  1.6642323947006214E+09  1.1070159025347615E+07  1.384258E+17  1.478273E+18  0.000000E+00  1.478273E+18  5.000005E-01 -1.050550E-04 -3.121206E+16 -2.111387E-02
    154  5.3788077460508588E-01  1.7045216965069690E+09  1.1175431907808788E+07  1.385175E+17  2.882193E+18  0.000000E+00  2.882193E+18  5.000005E-01 -1.050550E-04 -1.015667E+17 -3.523938E-02
    155  5.3797629535977187E-01  1.7851003001196642E+09  1.1385977672731133E+07  1.389194E+17  1.589839E+19  0.000000E+00  1.589839E+19  5.000005E-01 -1.051666E-04 -1.274132E+18 -8.014220E-02
    156  5.3816733686914398E-01  1.9462575073451483E+09  1.1807069202576067E+07  1.425535E+17 -8.517377E+21  0.000000E+00 -8.517377E+21  5.000035E-01 -5.335169E-04  1.119420E+21 -1.314278E-01
    157  5.3819299897172690E-01  1.9679053303622012E+09  1.1863633318255417E+07  1.438372E+17 -5.272943E+20  0.000000E+00 -5.272943E+20  5.000037E-01 -6.934768E-04  7.473627E+19 -1.417354E-01
    158  5.3822898771192129E-01  1.9982644124295185E+09  1.1942959291524040E+07  1.459965E+17 -5.062238E+19  0.000000E+00 -5.062238E+19  5.000036E-01 -6.935797E-04  1.432708E+19 -2.830187E-01
    159  5.3830096519231008E-01  2.0589825765641530E+09  1.2101611238061283E+07  1.527498E+17  2.341802E+20  0.000000E+00  2.341802E+20  5.000036E-01 -6.935797E-04 -1.862101E+19 -7.951576E-02
    160  5.3843669756715118E-01  2.1734825641918092E+09  1.2400791000402881E+07  1.800552E+17 -8.586289E+21  0.000000E+00 -8.586289E+21  5.000046E-01 -7.241269E-04  1.306155E+21 -1.521210E-01
    161  5.3845506963204914E-01  2.1889807178635039E+09  1.2441286497636553E+07  1.857660E+17  2.361356E+20  0.000000E+00  2.361356E+20  4.999891E-01 -2.015412E-03 -4.807516E+18 -2.035913E-02
    162  5.3847265484012008E-01  2.2038151013988180E+09  1.2480047613969699E+07  1.916983E+17  4.455803E+20  0.000000E+00  4.455803E+20  4.999799E-01 -2.319520E-03 -3.105212E+19 -6.968917E-02
    163  5.3847541529664833E-01  2.2061437443530235E+09  1.2486132180964442E+07  1.926689E+17  3.450627E+20  0.000000E+00  3.450627E+20  4.999810E-01 -2.268533E-03 -8.092814E+18 -2.345317E-02
    164  5.3847799025395671E-01  2.2083159054184732E+09  1.2491807872681040E+07  1.935719E+17  3.536960E+20  0.000000E+00  3.536960E+20  4.999810E-01 -2.268533E-03 -8.152131E+18 -2.304841E-02
    165  5.3848314016857357E-01  2.2126602275494666E+09  1.2503159256114481E+07  1.954155E+17  3.622622E+20  0.000000E+00  3.622622E+20  4.999810E-01 -2.268533E-03 -8.337552E+18 -2.301524E-02
    166  5.3849343999780719E-01  2.2202813313507705E+09  1.2529113144282430E+07  1.992079E+17  3.738584E+20  0.000000E+00  3.738584E+20  4.999810E-01 -2.268533E-03 -8.614327E+18 -2.304168E-02
    167  5.3851403965627442E-01  2.2351709530936723E+09  1.2582094696687108E+07  2.071083E+17  3.935976E+20  0.000000E+00  3.935976E+20  4.999810E-01 -2.268533E-03 -9.110842E+18 -2.314761E-02
    168  5.3855523897320901E-01  2.2649501965795555E+09  1.2688057801496750E+07  2.239595E+17  4.320893E+20  0.000000E+00  4.320893E+20  4.999810E-01 -2.268533E-03 -1.109661E+19 -2.568128E-02
    169  5.3863763760707817E-01  2.3245086835513225E+09  1.2899984011116032E+07  2.597630E+17  5.603812E+20  0.000000E+00  5.603812E+20  4.999810E-01 -2.268533E-03 -2.880816E+19 -5.140814E-02
    170  5.3880243487481649E-01  2.4436256574948568E+09  1.3323836430354597E+07  3.229021E+17  9.577286E+20  0.000000E+00  9.577286E+20  4.999813E-01 -2.281698E-03 -1.194642E+20 -1.247370E-01
    171  5.3913202941029315E-01  2.6818596053819246E+09  1.4171541268831728E+07  3.808041E+17 -4.297593E+21  0.000000E+00 -4.297593E+21  4.999803E-01 -2.878348E-03  1.139334E+21 -2.651099E-01
    172  5.3916847572945448E-01  2.7082033385606294E+09  1.4265279840841308E+07  3.842530E+17 -1.529773E+19  0.000000E+00 -1.529773E+19  4.999611E-01 -4.043596E-03 -1.552133E+18  1.014617E-01
    173  5.3919865292654656E-01  2.7300156929099412E+09  1.4342894464972269E+07  3.870037E+17  8.727122E+19  0.000000E+00  8.727122E+19  4.999637E-01 -4.149638E-03 -1.871034E+18 -2.143930E-02
    174  5.3923807655475442E-01  2.7585114523266058E+09  1.4444290564679423E+07  3.904684E+17  8.921988E+19  0.000000E+00  8.921988E+19  4.999637E-01 -4.149638E-03 -1.112187E+18 -1.246569E-02
    175  5.3931277267965261E-01  2.8125024952928548E+09  1.4636406208830241E+07  3.972510E+17  9.845199E+19  0.000000E+00  9.845199E+19  4.999637E-01 -4.149638E-03 -9.518463E+17 -9.668127E-03
    176  5.3946216492944898E-01  2.8967863678487325E+09  1.4965280321184721E+07  4.116814E+17  1.245900E+20  0.000000E+00  1.245900E+20  4.999636E-01 -4.147165E-03 -2.178267E+18 -1.748347E-02
    177  5.3976094942904185E-01  3.0579148170133500E+09  1.5605650931466740E+07  4.332823E+17 -2.371017E+19  0.000000E+00 -2.371017E+19  4.999636E-01 -2.217298E-03  8.904060E+17 -3.755376E-02
    178  5.4017824743253895E-01  3.2829552064398475E+09  1.6500025899154289E+07  4.386822E+17 -8.690020E+19  0.000000E+00 -8.690020E+19  4.999678E-01 -3.287666E-03  1.573597E+19 -1.810810E-01
    179  5.4017829510125903E-01  3.2829809132183151E+09  1.6500128065255316E+07  4.386817E+17 -9.652962E+18  0.000000E+00 -9.652962E+18  4.999678E-01 -3.287721E-03  9.372675E+17 -9.709636E-02
    180  5.4017839043869931E-01  3.2830323267753096E+09  1.6500332397457605E+07  4.386810E+17 -3.808573E+18  0.000000E+00 -3.808573E+18  4.999678E-01 -3.287722E-03  5.307102E+17 -1.393462E-01
    181  5.4017858111357975E-01  3.2831351538892393E+09  1.6500741061861949E+07  4.386810E+17  2.026825E+18  0.000000E+00  2.026825E+18  4.999678E-01 -3.287722E-03  1.530350E+17  7.550481E-02
    182  5.4017896246334063E-01  3.2833408081170979E+09  1.6501558390670635E+07  4.386826E+17  5.582036E+18  0.000000E+00  5.582036E+18  4.999678E-01 -3.287722E-03 -6.720133E+16 -1.203886E-02
    183  5.4017972516286239E-01  3.2837521165728159E+09  1.6503193048288006E+07  4.386874E+17  6.786738E+18  0.000000E+00  6.786738E+18  4.999678E-01 -3.287722E-03 -1.264454E+17 -1.863124E-02
    184  5.4018125056190602E-01  3.2845747334843116E+09  1.6506462363522988E+07  4.386983E+17  7.422643E+18  0.000000E+00  7.422643E+18  4.999678E-01 -3.287722E-03 -1.534568E+17 -2.067415E-02
    185  5.4018430135999329E-01  3.2859998969425526E+09  1.6511446023589944E+07  4.387213E+17  7.634087E+18  0.000000E+00  7.634087E+18  4.999678E-01 -3.287722E-03 -1.630307E+17 -2.135563E-02
    186  5.4019040295616771E-01  3.2887987485074892E+09  1.6521049629835403E+07  4.387684E+17  7.793750E+18  0.000000E+00  7.793750E+18  4.999678E-01 -3.287722E-03 -1.676579E+17 -2.151184E-02
    187  5.4020260614851656E-01  3.2943964516373620E+09  1.6540256842326319E+07  4.388662E+17  8.235202E+18  0.000000E+00  8.235202E+18  4.999678E-01 -3.287722E-03 -1.777839E+17 -2.158829E-02
    188  5.4022701253321437E-01  3.3055918578971581E+09  1.6578671267308326E+07  4.390786E+17  9.125982E+18  0.000000E+00  9.125982E+18  4.999678E-01 -3.287722E-03 -2.033923E+17 -2.228717E-02
    189  5.4027582530260998E-01  3.3279826704167509E+09  1.6655500117272342E+07  4.395695E+17  1.088064E+19  0.000000E+00  1.088064E+19  4.999678E-01 -3.287722E-03 -3.085682E+17 -2.835939E-02
    190  5.4037345084140120E-01  3.3727642954559364E+09  1.6809157817200370E+07  4.408494E+17  1.461739E+19  0.000000E+00  1.461739E+19  4.999678E-01 -3.287722E-03 -1.023265E+18 -7.000323E-02
    191  5.4056870191898354E-01  3.4623275455342565E+09  1.7116473217056256E+07  4.451578E+17  3.239597E+19  0.000000E+00  3.239597E+19  4.999678E-01 -3.287763E-03 -5.102607E+18 -1.575074E-01
    192  5.4095920407414821E-01  3.6414540456908970E+09  1.7731104016768027E+07  4.683642E+17  8.610342E+20  0.000000E+00  8.610342E+20  4.999678E-01 -3.288343E-03  8.581136E+18  9.966080E-03
    193  5.4101333295480780E-01  3.6662834014875622E+09  1.7816300159138292E+07  4.742211E+17  7.286020E+19  0.000000E+00  7.286020E+19  4.999678E-01 -3.304766E-03  1.212077E+18  1.663566E-02
    194  5.4110098373561011E-01  3.7004880471724734E+09  1.7935300853715736E+07  4.853799E+17  1.354436E+20  0.000000E+00  1.354436E+20  4.999678E-01 -3.304766E-03 -4.690118E+18 -3.462783E-02
    195  5.4127628529721461E-01  3.7660287525453348E+09  1.8164241062952653E+07  5.134855E+17  1.612763E+20  0.000000E+00  1.612763E+20  4.999678E-01 -3.304766E-03 -6.627916E+18 -4.109667E-02
    196  5.4162688842042361E-01  3.8971101632910581E+09  1.8622121481426481E+07  5.895578E+17 -1.736888E+21  0.000000E+00 -1.736888E+21  4.999677E-01 -3.356674E-03  6.820737E+19 -3.926987E-02
    197  5.4167675690551842E-01  3.9157546959413919E+09  1.8687248690262705E+07  6.011854E+17  1.059781E+21  0.000000E+00  1.059781E+21  4.999678E-01 -3.364439E-03  5.834147E+19  5.505052E-02
    198  5.4174226864020836E-01  3.9402478337233891E+09  1.8772805659123175E+07  6.165679E+17  1.686449E+20  0.000000E+00  1.686449E+20  4.999678E-01 -3.366189E-03  2.302545E+19  1.365321E-01
    199  5.4187329210958834E-01  3.9892341092874246E+09  1.8943919596844252E+07  6.475431E+17  2.451040E+20  0.000000E+00  2.451040E+20  4.999678E-01 -3.366189E-03 -1.030991E+19 -4.206342E-02
    200  5.4213533904834821E-01  4.0989250124261065E+09  1.9026606659682691E+07  7.063535E+17 -4.135649E+21  0.000000E+00 -4.135649E+21  4.999677E-01 -3.368094E-03 -4.153031E+19  1.004203E-02
    201  5.4218532377076289E-01  4.1198995345930071E+09  1.9041243037600152E+07  7.157395E+17 -6.975309E+20  0.000000E+00 -6.975309E+20  4.999677E-01 -3.368101E-03  1.664570E+19 -2.386375E-02
    202  5.4226369224637860E-01  4.1527844092023129E+09  1.9064190661804423E+07  7.284817E+17 -2.752412E+20  0.000000E+00 -2.752412E+20  4.999677E-01 -3.368101E-03 -1.531235E+19  5.563249E-02
    203  5.4242042919761013E-01  4.2185541584209704E+09  1.9110085910212997E+07  7.461871E+17 -9.235286E+20  0.000000E+00 -9.235286E+20  4.999677E-01 -3.368101E-03 -1.745999E+20  1.890574E-01
    204  5.4245177658785648E-01  4.2317081082647204E+09  1.9119264959894724E+07  7.484631E+17 -2.668053E+19  0.000000E+00 -2.668053E+19  4.999677E-01 -3.368101E-03 -1.769116E+19  6.630738E-01
    205  5.4251447136834907E-01  4.2580160079521742E+09  1.9137623059258148E+07  7.519693E+17 -9.922912E+19  0.000000E+00 -9.922912E+19  4.999677E-01 -3.368101E-03 -1.591207E+19  1.603568E-01
    206  5.4263986092933425E-01  4.3106318073270817E+09  1.9174339257984992E+07  7.555489E+17 -1.954220E+21  0.000000E+00 -1.954220E+21  4.999677E-01 -3.368101E-03 -1.063184E+20  5.440453E-02
    207  5.4289064005130472E-01  4.4225492986762056E+09  1.9192190331819840E+07  7.555456E+17  3.278286E+22  0.000000E+00  3.278286E+22  4.999677E-01 -3.374921E-03  1.896532E+21  5.785132E-02
    208  5.4291774724779274E-01  4.4350420331286020E+09  1.9190833188436966E+07  7.554688E+17  2.699381E+20  0.000000E+00  2.699381E+20  4.999645E-01 -3.469305E-03  1.450221E+20  5.372420E-01
    209  5.4296960986403375E-01  4.4589436525008574E+09  1.9188236645246636E+07  7.551040E+17 -2.323653E+20  0.000000E+00 -2.323653E+20  4.999645E-01 -3.469305E-03 -2.937995E+18  1.264386E-02
    210  5.4307333509651567E-01  4.5067468912453165E+09  1.9183043558865987E+07  7.543572E+17 -3.377590E+21  0.000000E+00 -3.377590E+21  4.999645E-01 -3.469305E-03 -8.139991E+19  2.409999E-02
    211  5.4328078556147952E-01  4.6023533687342348E+09  1.9172657386104681E+07  7.530711E+17 -4.218057E+22  0.000000E+00 -4.218057E+22  4.999645E-01 -3.469305E-03 -1.828629E+19  4.335240E-04
    212  5.4332227565447233E-01  4.6214746642320395E+09  1.9170580151552416E+07  7.527787E+17 -4.138456E+21  0.000000E+00 -4.138456E+21  4.999645E-01 -3.469305E-03 -1.346672E+20  3.254045E-02
    213  5.4340525584045785E-01  4.6597172552275963E+09  1.9166425682447895E+07  7.523752E+17 -3.541137E+21  0.000000E+00 -3.541137E+21  4.999645E-01 -3.469305E-03 -1.057149E+20  2.985336E-02
    214  5.4357121621242899E-01  4.7362024372187624E+09  1.9158116744238846E+07  7.518063E+17 -5.051604E+22  0.000000E+00 -5.051604E+22  4.999645E-01 -3.469305E-03  2.984776E+20 -5.908571E-03
    215  5.4389901529849227E-01  4.8656372374107981E+09  1.9044104070792090E+07  7.518785E+17 -8.646054E+23  0.000000E+00 -8.646054E+23  4.999645E-01 -3.469305E-03  2.373919E+22 -2.745667E-02
    216  5.4394563400842599E-01  4.8840372621170483E+09  1.9027854096516162E+07  7.521497E+17 -6.870582E+22  0.000000E+00 -6.870582E+22  4.999644E-01 -3.469305E-03  7.013871E+20 -1.020855E-02
    217  5.4401952343296534E-01  4.9132008155269861E+09  1.9002098316278264E+07  7.523898E+17 -3.372543E+22  0.000000E+00 -3.372543E+22  4.999644E-01 -3.469305E-03  5.567077E+20 -1.650706E-02
    218  5.4416730228204391E-01  4.9715279223468199E+09  1.8950586755802505E+07  7.530727E+17 -2.869470E+23  0.000000E+00 -2.869470E+23  4.999644E-01 -3.469305E-03  6.862133E+21 -2.391429E-02
    219  5.4446285998020116E-01  5.0592636331498108E+09  1.8817760392359346E+07  7.582969E+17  1.094294E+24  0.000000E+00  1.094294E+24  4.999644E-01 -3.469305E-03 -3.825708E+22 -3.496052E-02
    220  5.4489014687769921E-01  5.0104045376083679E+09  1.8444659994995765E+07  7.717524E+17  2.666620E+24  0.000000E+00  2.666620E+24  4.999609E-01 -3.588938E-03  4.665391E+22  1.749552E-02
    221  5.4574472067269519E-01  5.1067334976086960E+09  1.7792212728194844E+07  7.694213E+17  2.181524E+24  0.000000E+00  2.181524E+24  4.999607E-01 -3.586257E-03  6.507089E+21  2.982818E-03
    222  5.4737365882384670E-01  5.0686931740535917E+09  1.6312656087708768E+07  7.831564E+17 -1.245639E+24  0.000000E+00 -1.245639E+24  4.999295E-01 -4.965723E-03 -4.859548E+22  3.901249E-02
    223  5.4964271280515731E-01  4.9625646940857992E+09  1.4598208271554651E+07  8.032225E+17  1.016311E+24  0.000000E+00  1.016311E+24  4.999253E-01 -5.155004E-03 -7.636524E+22 -7.513961E-02
    224  5.5410334003570605E-01  4.8418467105244598E+09  1.3126226702219527E+07  8.182796E+17  2.446269E+23  0.000000E+00  2.446269E+23  4.999243E-01 -5.160080E-03 -5.160690E+22 -2.109616E-01
    225  5.6302459449680364E-01  4.6202924529030275E+09  1.0965596562653560E+07  8.447495E+17  3.906984E+23  0.000000E+00  3.906984E+23  4.999229E-01 -5.160073E-03 -4.505903E+22 -1.153294E-01
    226  5.7302459427328623E-01  4.2466462494935169E+09  8.3043772356776558E+06  8.813702E+17  1.445489E+22  0.000000E+00  1.445489E+22  4.998707E-01 -8.806543E-03 -6.988532E+21 -4.834718E-01
    227  5.7302559427326383E-01  4.2466180870227518E+09  8.3042035980003858E+06  8.799388E+17 -2.575318E+21  0.000000E+00 -2.575318E+21  4.998703E-01 -8.833026E-03 -3.938878E+17  1.529472E-04
    228  5.7302622844295992E-01  4.2466002272368255E+09  8.3040934822448948E+06  8.797847E+17 -3.037402E+20  0.000000E+00 -3.037402E+20  4.998703E-01 -8.833026E-03  1.368774E+19 -4.506399E-02
    229  5.7302749678235210E-01  4.2465645076649733E+09  8.3038732507339129E+06  8.794426E+17 -2.384181E+20  0.000000E+00 -2.384181E+20  4.998703E-01 -8.833026E-03  1.369920E+19 -5.745874E-02
    230  5.7303003346113657E-01  4.2464930685212650E+09  8.3034327877119314E+06  8.790449E+17 -9.097350E+19  0.000000E+00 -9.097350E+19  4.998703E-01 -8.833026E-03  4.245928E+18 -4.667215E-02
    231  5.7303510681870540E-01  4.2463501902338514E+09  8.3025518616679870E+06  8.788607E+17 -8.294166E+18  0.000000E+00 -8.294166E+18  4.998703E-01 -8.833026E-03 -9.889244E+17  1.192313E-01
    232  5.7304525353384317E-01  4.2460644336590219E+09  8.3007900095800785E+06  8.788395E+17  2.778532E+17  0.000000E+00  2.778532E+17  4.998703E-01 -8.833026E-03 -9.225389E+17 -3.320238E+00
    233  5.7306554696411860E-01  4.2454929205093656E+09  8.2972663054042803E+06  8.788374E+17  1.161165E+18  0.000000E+00  1.161165E+18  4.998703E-01 -8.833026E-03 -4.012884E+17 -3.455912E-01
    234  5.7310613382466957E-01  4.2443498942100496E+09  8.2902188970526652E+06  8.788735E+17  2.211363E+18  0.000000E+00  2.211363E+18  4.998703E-01 -8.833026E-03 -2.021298E+17 -9.140503E-02
    235  5.7318730754577152E-01  4.2422785402355480E+09  8.2781892129225023E+06  8.789726E+17  3.860922E+18  0.000000E+00  3.860922E+18  4.998703E-01 -8.833026E-03 -3.465183E+17 -8.975015E-02
    236  5.7334965498797541E-01  4.2387875806127400E+09  8.2596671646228628E+06  8.791624E+17  4.167738E+18  0.000000E+00  4.167738E+18  4.998703E-01 -8.833026E-03 -3.855612E+17 -9.251090E-02
    237  5.7367434987238319E-01  4.2324010738323002E+09  8.2222247610770566E+06  8.795359E+17  5.743439E+18  0.000000E+00  5.743439E+18  4.998702E-01 -8.833026E-03 -5.044881E+17 -8.783728E-02
    238  5.7432373964119876E-01  4.2180307708625937E+09  8.1190767507864926E+06  8.803587E+17  2.567159E+19  0.000000E+00  2.567159E+19  4.998702E-01 -8.833026E-03 -2.335964E+18 -9.099415E-02
    239  5.7562251917882978E-01  4.2003446720952415E+09  7.9939429248050144E+06  8.813585E+17 -6.071207E+19  0.000000E+00 -6.071207E+19  4.998701E-01 -8.833026E-03  5.048858E+18 -8.316069E-02
    240  5.7822007825409183E-01  4.1509413791862640E+09  7.7204799564056750E+06  8.840862E+17  1.542159E+20  0.000000E+00  1.542159E+20  4.998700E-01 -8.833026E-03  6.772770E+18  4.391746E-02
    241  5.8341519640461603E-01  3.9922315986692252E+09  6.8440185504797911E+06  8.908060E+17  6.481485E+21  0.000000E+00  6.481485E+21  4.998697E-01 -8.833026E-03 -6.395929E+20 -9.867999E-02
    242  5.8654596999999997E-01  3.8657952000000000E+09  6.2103819000000004E+06  8.952943E+17  2.325667E+21  0.000000E+00  2.325667E+21  4.998696E-01 -8.833026E-03 -1.756291E+20 -7.551772E-02
