                           time                     pos                     vel                    temp                     den                    pres                    ener                    entr                      cs
      1  1.0175522000000001E-04  0.0000000000000000E+00  0.0000000000000000E+00  4.303629E+08  8.495758E+08  3.872172E+26  1.163760E+18  6.064131E+07  7.824073E+08  1.371429E+01  2.022900E-26
      2  1.0175522001017553E-04  0.0000000000000000E+00  0.0000000000000000E+00  4.303629E+08  8.495758E+08  3.872172E+26  1.163760E+18  6.064131E+07  7.824073E+08  1.371429E+01  2.022900E-26
      3  1.0175522003052657E-04  0.0000000000000000E+00  0.0000000000000000E+00  4.303629E+08  8.495758E+08  3.872172E+26  1.163760E+18  6.064131E+07  7.824073E+08  1.371429E+01  2.022900E-26
      4  1.0175522007122866E-04  0.0000000000000000E+00  0.0000000000000000E+00  4.303629E+08  8.495758E+08  3.872172E+26  1.163760E+18  6.064131E+07  7.824073E+08  1.371429E+01  2.022900E-26
      5  1.0175522015263284E-04  0.0000000000000000E+00  0.0000000000000000E+00  4.303629E+08  8.495758E+08  3.872172E+26  1.163760E+18  6.064131E+07  7.824073E+08  1.371429E+01  2.022901E-26
      6  1.0175522031544119E-04  0.0000000000000000E+00  0.0000000000000000E+00  4.303629E+08  8.495758E+08  3.872172E+26  1.163760E+18  6.064131E+07  7.824073E+08  1.371429E+01  2.022901E-26
      7  1.0175522064105789E-04  0.0000000000000000E+00  0.0000000000000000E+00  4.303629E+08  8.495758E+08  3.872172E+26  1.163760E+18  6.064131E+07  7.824073E+08  1.371429E+01  2.022902E-26
      8  1.0175522129229130E-04  0.0000000000000000E+00  0.0000000000000000E+00  4.303629E+08  8.495758E+08  3.872172E+26  1.163760E+18  6.064131E+07  7.824073E+08  1.371429E+01  2.022904E-26
      9  1.0175522259475811E-04  0.0000000000000000E+00  0.0000000000000000E+00  4.303629E+08  8.495758E+08  3.872172E+26  1.163760E+18  6.064131E+07  7.824073E+08  1.371429E+01  2.022909E-26
     10  1.0175522519969174E-04  0.0000000000000000E+00  0.0000000000000000E+00  4.303629E+08  8.495758E+08  3.872172E+26  1.163760E+18  6.064131E+07  7.824073E+08  1.371429E+01  2.022918E-26
     11  1.0175523040955900E-04  0.0000000000000000E+00  0.0000000000000000E+00  4.303629E+08  8.495758E+08  3.872172E+26  1.163760E+18  6.064131E+07  7.824073E+08  1.371429E+01  2.022936E-26
     12  1.0175524082929354E-04  0.0000000000000000E+00  0.0000000000000000E+00  4.303629E+08  8.495758E+08  3.872172E+26  1.163760E+18  6.064131E+07  7.824073E+08  1.371429E+01  2.022971E-26
     13  1.0175526166876259E-04  0.0000000000000000E+00  0.0000000000000000E+00  4.303629E+08  8.495758E+08  3.872172E+26  1.163760E+18  6.064131E+07  7.824073E+08  1.371429E+01  2.023043E-26
     14  1.0175530334770070E-04  0.0000000000000000E+00  0.0000000000000000E+00  4.303629E+08  8.495758E+08  3.872172E+26  1.163760E+18  6.064131E+07  7.824073E+08  1.371429E+01  2.023185E-26
     15  1.0175538670557692E-04  0.0000000000000000E+00  0.0000000000000000E+00  4.303629E+08  8.495758E+08  3.872172E+26  1.163760E+18  6.064131E+07  7.824073E+08  1.371429E+01  2.023471E-26
     16  1.0175555342132937E-04  0.0000000000000000E+00  0.0000000000000000E+00  4.303629E+08  8.495758E+08  3.872172E+26  1.163760E+18  6.064131E+07  7.824073E+08  1.371429E+01  2.024042E-26
     17  1.0175588685283427E-04  0.0000000000000000E+00  0.0000000000000000E+00  4.303629E+08  8.495758E+08  3.872172E+26  1.163760E+18  6.064131E+07  7.824073E+08  1.371429E+01  2.025183E-26
     18  1.0175655371584406E-04  0.0000000000000000E+00  0.0000000000000000E+00  4.303629E+08  8.495758E+08  3.872172E+26  1.163760E+18  6.064131E+07  7.824073E+08  1.371429E+01  2.027466E-26
     19  1.0175788744186364E-04  0.0000000000000000E+00  0.0000000000000000E+00  4.303629E+08  8.495758E+08  3.872172E+26  1.163760E+18  6.064131E+07  7.824073E+08  1.371429E+01  2.032033E-26
     20  1.0176055489390281E-04  0.0000000000000000E+00  0.0000000000000000E+00  4.303629E+08  8.495758E+08  3.872172E+26  1.163760E+18  6.064131E+07  7.824073E+08  1.371429E+01  2.041167E-26
     21  1.0176588979798114E-04  0.0000000000000000E+00  0.0000000000000000E+00  4.303629E+08  8.495758E+08  3.872172E+26  1.163760E+18  6.064131E+07  7.824073E+08  1.371429E+01  2.059442E-26
     22  1.0177655960613782E-04  0.0000000000000000E+00  0.0000000000000000E+00  4.303629E+08  8.495758E+08  3.872172E+26  1.163760E+18  6.064131E+07  7.824073E+08  1.371429E+01  2.095993E-26
     23  1.0179789922245117E-04  0.0000000000000000E+00  0.0000000000000000E+00  4.303629E+08  8.495758E+08  3.872172E+26  1.163760E+18  6.064131E+07  7.824073E+08  1.371429E+01  2.168839E-26
     24  1.0184057845507785E-04  0.0000000000000000E+00  0.0000000000000000E+00  4.303629E+08  8.495758E+08  3.872172E+26  1.163760E+18  6.064131E+07  7.824073E+08  1.371429E+01  2.310816E-26
     25  1.0192593692033123E-04  0.0000000000000000E+00  0.0000000000000000E+00  4.303629E+08  8.495758E+08  3.872172E+26  1.163760E+18  6.064131E+07  7.824073E+08  1.371429E+01  2.572865E-26
     26  1.0209665385083798E-04  0.0000000000000000E+00  0.0000000000000000E+00  4.303629E+08  8.495757E+08  3.872172E+26  1.163760E+18  6.064131E+07  7.824073E+08  1.371429E+01  3.008657E-26
     27  1.0243808771185149E-04  0.0000000000000000E+00  0.0000000000000000E+00  4.303629E+08  8.495756E+08  3.872171E+26  1.163760E+18  6.064131E+07  7.824073E+08  1.371429E+01  3.646842E-26
     28  1.0312095543387850E-04  0.0000000000000000E+00  0.0000000000000000E+00  4.303629E+08  8.495754E+08  3.872170E+26  1.163760E+18  6.064131E+07  7.824073E+08  1.371429E+01  4.489598E-26
     29  1.0448669087793252E-04  0.0000000000000000E+00  0.0000000000000000E+00  4.303628E+08  8.495750E+08  3.872168E+26  1.163760E+18  6.064131E+07  7.824072E+08  1.371429E+01  5.522069E-26
     30  1.0721816176604055E-04  0.0000000000000000E+00  0.0000000000000000E+00  4.303627E+08  8.495743E+08  3.872163E+26  1.163760E+18  6.064131E+07  7.824071E+08  1.371429E+01  6.719820E-26
     31  1.1268110354225661E-04  0.0000000000000000E+00  0.0000000000000000E+00  4.303625E+08  8.495727E+08  3.872153E+26  1.163760E+18  6.064132E+07  7.824069E+08  1.371429E+01  8.049511E-26
     32  1.2360698709468874E-04  0.0000000000000000E+00  0.0000000000000000E+00  4.303621E+08  8.495696E+08  3.872135E+26  1.163760E+18  6.064134E+07  7.824064E+08  1.371429E+01  9.471929E-26
     33  1.4545875419955299E-04  0.0000000000000000E+00  0.0000000000000000E+00  4.303613E+08  8.495635E+08  3.872097E+26  1.163760E+18  6.064137E+07  7.824054E+08  1.371429E+01  1.095542E-25
     34  1.8916228840928150E-04  0.0000000000000000E+00  0.0000000000000000E+00  4.303598E+08  8.495511E+08  3.872021E+26  1.163760E+18  6.064143E+07  7.824035E+08  1.371429E+01  1.248103E-25
     35  2.7656935682873854E-04  0.0000000000000000E+00  0.0000000000000000E+00  4.303575E+08  8.495270E+08  3.871874E+26  1.163760E+18  6.064159E+07  7.823998E+08  1.371429E+01  1.404480E-25
     36  4.5138349366765263E-04  0.0000000000000000E+00  0.0000000000000000E+00  4.303557E+08  8.494807E+08  3.871590E+26  1.163760E+18  6.064199E+07  7.823926E+08  1.371429E+01  1.565779E-25
     37  8.0101176734548069E-04  0.0000000000000000E+00  0.0000000000000000E+00  4.303621E+08  8.493950E+08  3.871067E+26  1.163760E+18  6.064310E+07  7.823794E+08  1.371429E+01  1.734422E-25
     38  1.5002683147011370E-03  0.0000000000000000E+00  0.0000000000000000E+00  4.304128E+08  8.492536E+08  3.870206E+26  1.163760E+18  6.064648E+07  7.823580E+08  1.371429E+01  1.913121E-25
     39  2.8987814094124497E-03  0.0000000000000000E+00  0.0000000000000000E+00  4.199976E+08  8.489799E+08  3.867775E+26  1.163760E+18  6.024392E+07  7.822299E+08  1.371429E+01  2.090989E-25
     40  5.6958075988350742E-03  0.0000000000000000E+00  0.0000000000000000E+00  4.203163E+08  8.499007E+08  3.873427E+26  1.163760E+18  6.024717E+07  7.823748E+08  1.371429E+01  2.288136E-25
     41  1.1289859977680325E-02  0.0000000000000000E+00  0.0000000000000000E+00  4.203076E+08  8.500142E+08  3.874120E+26  1.163760E+18  6.024569E+07  7.823922E+08  1.371429E+01  2.494947E-25
     42  2.1289859754162907E-02  0.0000000000000000E+00  0.0000000000000000E+00  4.203104E+08  8.500714E+08  3.874470E+26  1.163760E+18  6.024522E+07  7.824011E+08  1.371429E+01  2.705733E-25
     43  3.1289859530645489E-02  0.0000000000000000E+00  0.0000000000000000E+00  4.202160E+08  8.502496E+08  3.875553E+26  1.163760E+18  6.023971E+07  7.824278E+08  1.371429E+01  2.913706E-25
     44  4.1289859307128071E-02  0.0000000000000000E+00  0.0000000000000000E+00  4.200230E+08  8.506175E+08  3.877788E+26  1.163760E+18  6.022842E+07  7.824830E+08  1.371429E+01  3.120109E-25
     45  5.1289859083610653E-02  0.0000000000000000E+00  0.0000000000000000E+00  4.191824E+08  8.502637E+08  3.875564E+26  1.163760E+18  6.019889E+07  7.824215E+08  1.371429E+01  3.325272E-25
     46  6.1289858860093235E-02  0.0000000000000000E+00  0.0000000000000000E+00  4.179623E+08  8.493151E+08  3.869676E+26  1.163760E+18  6.016032E+07  7.822650E+08  1.371429E+01  3.528042E-25
     47  7.1289858636575817E-02  0.0000000000000000E+00  0.0000000000000000E+00  4.178560E+08  8.490656E+08  3.868144E+26  1.163760E+18  6.015863E+07  7.822255E+08  1.371429E+01  3.731715E-25
     48  8.1289858413058400E-02  0.0000000000000000E+00  0.0000000000000000E+00  4.174899E+08  8.485364E+08  3.864884E+26  1.163760E+18  6.014950E+07  7.821407E+08  1.371429E+01  3.934763E-25
     49  9.1289858189540982E-02  0.0000000000000000E+00  0.0000000000000000E+00  4.170804E+08  8.483471E+08  3.863697E+26  1.163760E+18  6.013520E+07  7.821080E+08  1.371429E+01  4.137229E-25
     50  1.0128985796602356E-01  0.0000000000000000E+00  0.0000000000000000E+00  4.165857E+08  8.480624E+08  3.861922E+26  1.163760E+18  6.011849E+07  7.820599E+08  1.371429E+01  4.339034E-25
     51  1.1128985774250615E-01  0.0000000000000000E+00  0.0000000000000000E+00  4.159627E+08  8.476707E+08  3.859485E+26  1.163760E+18  6.009774E+07  7.819942E+08  1.371429E+01  4.540370E-25
     52  1.2128985751898873E-01  0.0000000000000000E+00  0.0000000000000000E+00  4.151321E+08  8.468245E+08  3.854256E+26  1.163760E+18  6.007331E+07  7.818563E+08  1.371429E+01  4.741164E-25
     53  1.3128985729547132E-01  0.0000000000000000E+00  0.0000000000000000E+00  4.143621E+08  8.453623E+08  3.845276E+26  1.163760E+18  6.005746E+07  7.816233E+08  1.371429E+01  4.941089E-25
     54  1.4128985707195391E-01  0.0000000000000000E+00  0.0000000000000000E+00  4.143601E+08  8.480362E+08  3.861601E+26  1.163760E+18  6.003038E+07  7.820376E+08  1.371429E+01  5.142291E-25
     55  1.5128985684843649E-01  0.0000000000000000E+00  0.0000000000000000E+00  4.129952E+08  8.460520E+08  3.849386E+26  1.163760E+18  5.999600E+07  7.817190E+08  1.371429E+01  5.341114E-25
     56  1.6128985662491907E-01  0.0000000000000000E+00  0.0000000000000000E+00  4.120645E+08  8.454940E+08  3.845914E+26  1.163760E+18  5.996445E+07  7.816248E+08  1.371429E+01  5.539976E-25
     57  1.7128985640140165E-01  0.0000000000000000E+00  0.0000000000000000E+00  4.108394E+08  8.448072E+08  3.841635E+26  1.163760E+18  5.992232E+07  7.815082E+08  1.371429E+01  5.738212E-25
     58  1.8128985617788423E-01  0.0000000000000000E+00  0.0000000000000000E+00  4.093763E+08  8.434017E+08  3.832958E+26  1.163760E+18  5.987777E+07  7.812778E+08  1.371429E+01  5.935464E-25
     59  1.9128985595436682E-01  0.0000000000000000E+00  0.0000000000000000E+00  4.082086E+08  8.435032E+08  3.833493E+26  1.163760E+18  5.982970E+07  7.812840E+08  1.371429E+01  6.132636E-25
     60  2.0128985573084940E-01  0.0000000000000000E+00  0.0000000000000000E+00  4.062493E+08  8.424468E+08  3.826912E+26  1.163760E+18  5.976121E+07  7.811035E+08  1.371429E+01  6.328179E-25
     61  2.1128985550733198E-01  0.0000000000000000E+00  0.0000000000000000E+00  4.040737E+08  8.412636E+08  3.819548E+26  1.163760E+18  5.968486E+07  7.809014E+08  1.371429E+01  6.522718E-25
     62  2.2128985528381456E-01  0.0000000000000000E+00  0.0000000000000000E+00  4.016647E+08  8.399750E+08  3.811528E+26  1.163760E+18  5.959963E+07  7.806807E+08  1.371429E+01  6.716094E-25
     63  2.3128985506029714E-01  0.0000000000000000E+00  0.0000000000000000E+00  3.988889E+08  8.386181E+08  3.803072E+26  1.163760E+18  5.949948E+07  7.804460E+08  1.371429E+01  6.914418E-25
     64  2.4128985483677973E-01  0.0000000000000000E+00  0.0000000000000000E+00  3.958113E+08  8.370382E+08  3.793243E+26  1.163760E+18  5.938840E+07  7.801737E+08  1.371429E+01  7.109628E-25
     65  2.5128985461326231E-01  0.0000000000000000E+00  0.0000000000000000E+00  3.923105E+08  8.349905E+08  3.780549E+26  1.163760E+18  5.926356E+07  7.798241E+08  1.371429E+01  7.299911E-25
     66  2.6128985438974489E-01  0.0000000000000000E+00  0.0000000000000000E+00  3.884769E+08  8.327994E+08  3.766973E+26  1.163760E+18  5.912501E+07  7.794486E+08  1.371429E+01  7.487200E-25
     67  2.7128985416622747E-01  0.0000000000000000E+00  0.0000000000000000E+00  3.844794E+08  8.309206E+08  3.755293E+26  1.163760E+18  5.897491E+07  7.791202E+08  1.371429E+01  7.672256E-25
     68  2.8128985394271006E-01  0.0000000000000000E+00  0.0000000000000000E+00  3.876100E+08  8.272586E+08  3.733324E+26  1.163760E+18  5.914524E+07  7.785683E+08  1.371429E+01  7.860761E-25
     69  2.9128985371919264E-01  0.0000000000000000E+00  0.0000000000000000E+00  3.935668E+08  8.235296E+08  3.711179E+26  1.163760E+18  5.943375E+07  7.780269E+08  1.371429E+01  8.057150E-25
     70  3.0128985349567522E-01  0.0000000000000000E+00  0.0000000000000000E+00  4.005208E+08  8.226151E+08  3.706139E+26  1.163760E+18  5.973094E+07  7.779392E+08  1.371429E+01  8.259612E-25
     71  3.1128985327215780E-01  0.0000000000000000E+00  0.0000000000000000E+00  4.066282E+08  8.169433E+08  3.672321E+26  1.163760E+18  6.003916E+07  7.770866E+08  1.371429E+01  8.463221E-25
     72  3.2128985304864038E-01  0.0000000000000000E+00  0.0000000000000000E+00  4.137764E+08  8.099336E+08  3.630601E+26  1.163760E+18  6.040044E+07  7.760226E+08  1.371429E+01  8.669860E-25
     73  3.3128985282512297E-01  0.0000000000000000E+00  0.0000000000000000E+00  4.226098E+08  8.069915E+08  3.613529E+26  1.163760E+18  6.078116E+07  7.756221E+08  1.371429E+01  8.882004E-25
     74  3.4128985260160555E-01  0.0000000000000000E+00  0.0000000000000000E+00  4.308930E+08  8.017923E+08  3.582898E+26  1.163760E+18  6.115882E+07  7.748503E+08  1.371429E+01  9.097927E-25
     75  3.5128985237808813E-01  0.0000000000000000E+00  0.0000000000000000E+00  4.383611E+08  7.912392E+08  3.520279E+26  1.163760E+18  6.155888E+07  7.731923E+08  1.371429E+01  9.315596E-25
     76  3.6128985215457071E-01  0.0000000000000000E+00  0.0000000000000000E+00  4.243707E+08  7.841200E+08  3.476905E+26  1.163760E+18  6.109695E+07  7.719039E+08  1.371429E+01  9.511408E-25
     77  3.7128985193105329E-01  0.0000000000000000E+00  0.0000000000000000E+00  4.102161E+08  7.770221E+08  3.433795E+26  1.163760E+18  6.061287E+07  7.706086E+08  1.371429E+01  9.700132E-25
     78  3.8128985170753588E-01  0.0000000000000000E+00  0.0000000000000000E+00  3.958498E+08  7.661510E+08  3.368538E+26  1.163760E+18  6.014512E+07  7.686679E+08  1.371429E+01  9.882977E-25
     79  3.9128985148401846E-01  0.0000000000000000E+00  0.0000000000000000E+00  3.957507E+08  7.554147E+08  3.305327E+26  1.163760E+18  6.026160E+07  7.668476E+08  1.371429E+01  1.006455E-24
     80  4.0128985126050104E-01  0.0000000000000000E+00  0.0000000000000000E+00  4.104183E+08  7.383726E+08  3.206546E+26  1.163760E+18  6.105846E+07  7.640379E+08  1.371429E+01  1.027574E-24
     81  4.1128985103698362E-01  0.0000000000000000E+00  0.0000000000000000E+00  4.336671E+08  7.218844E+08  3.112238E+26  1.163760E+18  6.217018E+07  7.613428E+08  1.371429E+01  1.050708E-24
     82  4.2128985081346620E-01  0.0000000000000000E+00  0.0000000000000000E+00  3.552653E+08  7.085739E+08  3.030690E+26  1.163760E+18  5.903743E+07  7.583014E+08  1.371429E+01  1.070110E-24
     83  4.3128985058994879E-01  0.0000000000000000E+00  0.0000000000000000E+00  1.729185E+08  6.925884E+08  2.928615E+26  1.163760E+18  4.769820E+07  7.538576E+08  1.371429E+01  1.080690E-24
     84  4.4128985036643137E-01  0.0000000000000000E+00  0.0000000000000000E+00  2.642694E+07  6.709617E+08  2.797789E+26  1.163760E+18  1.506527E+07  7.485393E+08  1.371429E+01  1.094153E-24
     85  4.5128985014291395E-01  0.0000000000000000E+00  0.0000000000000000E+00  2.458978E+08  6.438022E+08  2.658569E+26  1.163760E+18  5.391821E+07  7.452243E+08  1.371429E+01  4.089791E-24
     86  4.5128985114291392E-01  0.0000000000000000E+00  0.0000000000000000E+00  2.458978E+08  6.438022E+08  2.658569E+26  1.163760E+18  5.391821E+07  7.452243E+08  1.371429E+01  4.089785E-24
     87  4.5128985314291387E-01  0.0000000000000000E+00  0.0000000000000000E+00  2.458978E+08  6.438022E+08  2.658569E+26  1.163760E+18  5.391822E+07  7.452243E+08  1.371429E+01  4.089774E-24
     88  4.5128985714291375E-01  0.0000000000000000E+00  0.0000000000000000E+00  2.458978E+08  6.438021E+08  2.658568E+26  1.163760E+18  5.391822E+07  7.452243E+08  1.371429E+01  4.089752E-24
     89  4.5128986514291358E-01  0.0000000000000000E+00  0.0000000000000000E+00  2.458979E+08  6.438021E+08  2.658568E+26  1.163760E+18  5.391823E+07  7.452243E+08  1.371429E+01  4.089711E-24
     90  4.5128988114291324E-01  0.0000000000000000E+00  0.0000000000000000E+00  2.458981E+08  6.438021E+08  2.658568E+26  1.163760E+18  5.391824E+07  7.452243E+08  1.371429E+01  4.089633E-24
     91  4.5128991314291250E-01  0.0000000000000000E+00  0.0000000000000000E+00  2.458985E+08  6.438020E+08  2.658567E+26  1.163760E+18  5.391826E+07  7.452243E+08  1.371429E+01  4.089499E-24
     92  4.5128997714291108E-01  0.0000000000000000E+00  0.0000000000000000E+00  2.458991E+08  6.438018E+08  2.658566E+26  1.163760E+18  5.391831E+07  7.452242E+08  1.371429E+01  4.089306E-24
     93  4.5129010514290824E-01  0.0000000000000000E+00  0.0000000000000000E+00  2.459005E+08  6.438014E+08  2.658564E+26  1.163760E+18  5.391840E+07  7.452242E+08  1.371429E+01  4.089129E-24
     94  4.5129036114290250E-01  0.0000000000000000E+00  0.0000000000000000E+00  2.459033E+08  6.438005E+08  2.658560E+26  1.163760E+18  5.391859E+07  7.452240E+08  1.371429E+01  4.089208E-24
     95  4.5129087314289107E-01  0.0000000000000000E+00  0.0000000000000000E+00  2.459088E+08  6.437989E+08  2.658551E+26  1.163760E+18  5.391897E+07  7.452238E+08  1.371429E+01  4.089838E-24
     96  4.5129189714286816E-01  0.0000000000000000E+00  0.0000000000000000E+00  2.459199E+08  6.437956E+08  2.658534E+26  1.163760E+18  5.391974E+07  7.452232E+08  1.371429E+01  4.091658E-24
     97  4.5129394514282239E-01  0.0000000000000000E+00  0.0000000000000000E+00  2.459421E+08  6.437891E+08  2.658499E+26  1.163760E+18  5.392126E+07  7.452221E+08  1.371429E+01  4.095302E-24
     98  4.5129804114273087E-01  0.0000000000000000E+00  0.0000000000000000E+00  2.459863E+08  6.437761E+08  2.658429E+26  1.163760E+18  5.392430E+07  7.452200E+08  1.371429E+01  4.100986E-24
     99  4.5130623314254775E-01  0.0000000000000000E+00  0.0000000000000000E+00  2.460749E+08  6.437500E+08  2.658288E+26  1.163760E+18  5.393039E+07  7.452156E+08  1.371429E+01  4.108947E-24
    100  4.5132261714218153E-01  0.0000000000000000E+00  0.0000000000000000E+00  2.462521E+08  6.436978E+08  2.658008E+26  1.163760E+18  5.394255E+07  7.452069E+08  1.371429E+01  4.119028E-24
    101  4.5135538514144913E-01  0.0000000000000000E+00  0.0000000000000000E+00  2.466064E+08  6.435935E+08  2.657448E+26  1.163760E+18  5.396686E+07  7.451895E+08  1.371429E+01  4.130882E-24
    102  4.5142092113998428E-01  0.0000000000000000E+00  0.0000000000000000E+00  2.473151E+08  6.433848E+08  2.656328E+26  1.163760E+18  5.401538E+07  7.451548E+08  1.371429E+01  4.144129E-24
    103  4.5155199313705457E-01  0.0000000000000000E+00  0.0000000000000000E+00  2.487324E+08  6.429674E+08  2.654088E+26  1.163760E+18  5.411204E+07  7.450852E+08  1.371429E+01  4.158391E-24
    104  4.5181413713119523E-01  0.0000000000000000E+00  0.0000000000000000E+00  2.440690E+08  6.421313E+08  2.649199E+26  1.163760E+18  5.382083E+07  7.448817E+08  1.371429E+01  4.173122E-24
    105  4.5233842511947647E-01  0.0000000000000000E+00  0.0000000000000000E+00  2.216298E+08  6.404567E+08  2.638713E+26  1.163760E+18  5.230554E+07  7.443619E+08  1.371429E+01  4.185833E-24
    106  4.5338700109603897E-01  0.0000000000000000E+00  0.0000000000000000E+00  1.236139E+08  6.375791E+08  2.617550E+26  1.163760E+18  4.299539E+07  7.429559E+08  1.371429E+01  4.194453E-24
    107  4.5548415304916395E-01  0.0000000000000000E+00  0.0000000000000000E+00  6.243100E+07  6.312120E+08  2.579120E+26  1.163760E+18  3.163004E+07  7.411554E+08  1.371429E+01  4.195496E-24
    108  4.5548415346859433E-01  0.0000000000000000E+00  0.0000000000000000E+00  6.243106E+07  6.312120E+08  2.579120E+26  1.163760E+18  3.163006E+07  7.411554E+08  1.371429E+01  4.195496E-24
    109  4.5548415430745509E-01  0.0000000000000000E+00  0.0000000000000000E+00  6.243119E+07  6.312120E+08  2.579120E+26  1.163760E+18  3.163009E+07  7.411554E+08  1.371429E+01  4.195496E-24
    110  4.5548415598517666E-01  0.0000000000000000E+00  0.0000000000000000E+00  6.243143E+07  6.312120E+08  2.579120E+26  1.163760E+18  3.163016E+07  7.411554E+08  1.371429E+01  4.195496E-24
    111  4.5548415934061981E-01  0.0000000000000000E+00  0.0000000000000000E+00  6.243192E+07  6.312120E+08  2.579120E+26  1.163760E+18  3.163030E+07  7.411554E+08  1.371429E+01  4.195496E-24
    112  4.5548416605150605E-01  0.0000000000000000E+00  0.0000000000000000E+00  6.243290E+07  6.312120E+08  2.579120E+26  1.163760E+18  3.163057E+07  7.411554E+08  1.371429E+01  4.195496E-24
    113  4.5548417947327857E-01  0.0000000000000000E+00  0.0000000000000000E+00  6.243487E+07  6.312120E+08  2.579120E+26  1.163760E+18  3.163112E+07  7.411554E+08  1.371429E+01  4.195496E-24
    114  4.5548420631682357E-01  0.0000000000000000E+00  0.0000000000000000E+00  6.243880E+07  6.312119E+08  2.579120E+26  1.163760E+18  3.163222E+07  7.411554E+08  1.371429E+01  4.195496E-24
    115  4.5548426000391357E-01  0.0000000000000000E+00  0.0000000000000000E+00  6.244665E+07  6.312117E+08  2.579119E+26  1.163760E+18  3.163441E+07  7.411554E+08  1.371429E+01  4.195496E-24
    116  4.5548436737809356E-01  0.0000000000000000E+00  0.0000000000000000E+00  6.246236E+07  6.312113E+08  2.579118E+26  1.163760E+18  3.163880E+07  7.411555E+08  1.371429E+01  4.195496E-24
    117  4.5548458212645354E-01  0.0000000000000000E+00  0.0000000000000000E+00  6.249377E+07  6.312106E+08  2.579116E+26  1.163760E+18  3.164757E+07  7.411556E+08  1.371429E+01  4.195496E-24
    118  4.5548501162317356E-01  0.0000000000000000E+00  0.0000000000000000E+00  6.255660E+07  6.312091E+08  2.579111E+26  1.163760E+18  3.166510E+07  7.411559E+08  1.371429E+01  4.195496E-24
    119  4.5548587061661355E-01  0.0000000000000000E+00  0.0000000000000000E+00  6.268227E+07  6.312062E+08  2.579102E+26  1.163760E+18  3.170010E+07  7.411565E+08  1.371429E+01  4.195496E-24
    120  4.5548758860349353E-01  0.0000000000000000E+00  0.0000000000000000E+00  6.293359E+07  6.312004E+08  2.579084E+26  1.163760E+18  3.176985E+07  7.411576E+08  1.371429E+01  4.195495E-24
    121  4.5549102457725354E-01  0.0000000000000000E+00  0.0000000000000000E+00  6.343624E+07  6.311887E+08  2.579048E+26  1.163760E+18  3.190843E+07  7.411598E+08  1.371429E+01  4.195495E-24
    122  4.5549789652477357E-01  0.0000000000000000E+00  0.0000000000000000E+00  6.444153E+07  6.311654E+08  2.578976E+26  1.163760E+18  3.218190E+07  7.411642E+08  1.371429E+01  4.195494E-24
    123  4.5551164041981357E-01  0.0000000000000000E+00  0.0000000000000000E+00  6.645212E+07  6.311188E+08  2.578831E+26  1.163760E+18  3.271467E+07  7.411730E+08  1.371429E+01  4.195493E-24
    124  4.5553912820989356E-01  0.0000000000000000E+00  0.0000000000000000E+00  7.047331E+07  6.310256E+08  2.578542E+26  1.163760E+18  3.372778E+07  7.411904E+08  1.371429E+01  4.195493E-24
    125  4.5559410379005355E-01  0.0000000000000000E+00  0.0000000000000000E+00  7.851567E+07  6.308392E+08  2.577959E+26  1.163760E+18  3.557255E+07  7.412249E+08  1.371429E+01  4.195517E-24
    126  4.5570405495037353E-01  0.0000000000000000E+00  0.0000000000000000E+00  9.460040E+07  6.304663E+08  2.576783E+26  1.163760E+18  3.870222E+07  7.412926E+08  1.371429E+01  4.196030E-24
    127  4.5592395727101354E-01  0.0000000000000000E+00  0.0000000000000000E+00  1.267699E+08  6.297206E+08  2.574404E+26  1.163760E+18  4.350888E+07  7.414241E+08  1.371429E+01  4.202132E-24
    128  4.5596793773514155E-01  0.0000000000000000E+00  0.0000000000000000E+00  1.880076E+08  6.296210E+08  2.577089E+26  1.163760E+18  4.982886E+07  7.419309E+08  1.371429E+01  4.208368E-24
    129  4.5605589866339757E-01  0.0000000000000000E+00  0.0000000000000000E+00  3.775982E+08  6.294826E+08  2.586380E+26  1.163760E+18  6.104720E+07  7.435308E+08  1.371429E+01  4.364972E-24
    130  4.5623182051990957E-01  0.0000000000000000E+00  0.0000000000000000E+00  7.567793E+08  6.292057E+08  2.606357E+26  1.163760E+18  7.333352E+07  7.468843E+08  1.371429E+01  4.549699E-24
    131  4.5623228527244658E-01  0.0000000000000000E+00  0.0000000000000000E+00  7.577811E+08  6.292049E+08  2.606413E+26  1.163760E+18  7.335908E+07  7.468935E+08  1.371429E+01  4.565034E-24
    132  4.5623321477752060E-01  0.0000000000000000E+00  0.0000000000000000E+00  7.597845E+08  6.292035E+08  2.606525E+26  1.163760E+18  7.341012E+07  7.469120E+08  1.371429E+01  4.582009E-24
    133  4.5623507378766864E-01  0.0000000000000000E+00  0.0000000000000000E+00  7.637914E+08  6.292005E+08  2.606749E+26  1.163760E+18  7.351194E+07  7.469490E+08  1.371429E+01  4.600745E-24
    134  4.5623879180796473E-01  0.0000000000000000E+00  0.0000000000000000E+00  7.718052E+08  6.291947E+08  2.607198E+26  1.163760E+18  7.371451E+07  7.470231E+08  1.371429E+01  4.621560E-24
    135  4.5624622784855690E-01  0.0000000000000000E+00  0.0000000000000000E+00  7.878328E+08  6.291830E+08  2.608100E+26  1.163760E+18  7.411551E+07  7.471718E+08  1.371429E+01  4.645123E-24
    136  4.5626109992974123E-01  0.0000000000000000E+00  0.0000000000000000E+00  8.198880E+08  6.291596E+08  2.609918E+26  1.163760E+18  7.490173E+07  7.474708E+08  1.371429E+01  4.672724E-24
    137  4.5629084409210985E-01  0.0000000000000000E+00  0.0000000000000000E+00  8.839985E+08  6.291128E+08  2.613609E+26  1.163760E+18  7.641700E+07  7.480759E+08  1.371429E+01  4.714053E-24
    138  4.5635033241684708E-01  0.0000000000000000E+00  0.0000000000000000E+00  1.012219E+09  6.290191E+08  2.621224E+26  1.163760E+18  7.925652E+07  7.493152E+08  1.371429E+01  9.818487E-24
    139  4.5636223008179455E-01  0.0000000000000000E+00  0.0000000000000000E+00  1.037863E+09  6.290004E+08  2.622785E+26  1.163760E+18  7.979858E+07  7.495678E+08  1.371429E+01  9.850486E-24
    140  4.5638602541168943E-01  0.0000000000000000E+00  0.0000000000000000E+00  1.089152E+09  6.289630E+08  2.625944E+26  1.163760E+18  8.086039E+07  7.500779E+08  1.371430E+01  9.883851E-24
    141  4.5643361607147920E-01  0.0000000000000000E+00  0.0000000000000000E+00  1.191729E+09  6.288880E+08  2.632415E+26  1.163764E+18  8.290434E+07  7.511174E+08  1.371442E+01  1.409902E-23
    142  4.5644313420343713E-01  0.0000000000000000E+00  0.0000000000000000E+00  1.212244E+09  6.288731E+08  2.633734E+26  1.163766E+18  8.330160E+07  7.513284E+08  1.371448E+01  1.412945E-23
    143  4.5646217046735305E-01  0.0000000000000000E+00  0.0000000000000000E+00  1.253275E+09  6.288431E+08  2.636396E+26  1.163774E+18  8.408542E+07  7.517536E+08  1.371471E+01  1.415195E-23
    144  4.5650024299518488E-01  0.0000000000000000E+00  0.0000000000000000E+00  1.335336E+09  6.287832E+08  2.641815E+26  1.163827E+18  8.561110E+07  7.526159E+08  1.371609E+01  1.948456E-23
    145  4.5650739395021600E-01  0.0000000000000000E+00  0.0000000000000000E+00  1.350749E+09  6.287719E+08  2.642846E+26  1.163848E+18  8.589124E+07  7.527795E+08  1.371662E+01  1.958301E-23
    146  4.5652169586027819E-01  0.0000000000000000E+00  0.0000000000000000E+00  1.381575E+09  6.287494E+08  2.644920E+26  1.163916E+18  8.644478E+07  7.531081E+08  1.371817E+01  1.965578E-23
    147  4.5655029968040262E-01  0.0000000000000000E+00  0.0000000000000000E+00  1.443228E+09  6.287044E+08  2.649103E+26  1.164253E+18  8.751985E+07  7.537693E+08  1.372453E+01  1.964931E-23
    148  4.5655602044442750E-01  0.0000000000000000E+00  0.0000000000000000E+00  1.455558E+09  6.286954E+08  2.649943E+26  1.164373E+18  8.772848E+07  7.539018E+08  1.372664E+01  1.974967E-23
    149  4.5656746197247727E-01  0.0000000000000000E+00  0.0000000000000000E+00  1.480219E+09  6.286774E+08  2.651625E+26  1.164688E+18  8.813749E+07  7.541667E+08  1.373214E+01  1.974132E-23
    150  4.5659034502857682E-01  0.0000000000000000E+00  0.0000000000000000E+00  1.529541E+09  6.286414E+08  2.654973E+26  1.165745E+18  8.891230E+07  7.546933E+08  1.375065E+01  1.985683E-23
    151  4.5659492163979670E-01  0.0000000000000000E+00  0.0000000000000000E+00  1.539406E+09  6.286342E+08  2.655637E+26  1.166052E+18  8.905823E+07  7.547975E+08  1.375604E+01  1.999170E-23
    152  4.5660407486223653E-01  0.0000000000000000E+00  0.0000000000000000E+00  1.559135E+09  6.286198E+08  2.656956E+26  1.166796E+18  8.933844E+07  7.550042E+08  1.376910E+01  2.003060E-23
    153  4.5662238130711613E-01  0.0000000000000000E+00  0.0000000000000000E+00  1.598592E+09  6.285909E+08  2.659533E+26  1.168956E+18  8.983992E+07  7.554076E+08  1.380719E+01  2.018723E-23
    154  4.5665899419687539E-01  0.0000000000000000E+00  0.0000000000000000E+00  1.677507E+09  6.285333E+08  2.664226E+26  1.177671E+18  9.047369E+07  7.561384E+08  1.396241E+01  2.153173E-23
    155  4.5666374550489824E-01  0.0000000000000000E+00  0.0000000000000000E+00  1.687748E+09  6.285258E+08  2.664764E+26  1.179423E+18  9.050481E+07  7.562218E+08  1.399390E+01  2.229312E-23
    156  4.5667033309216315E-01  0.0000000000000000E+00  0.0000000000000000E+00  1.701947E+09  6.285155E+08  2.665474E+26  1.182153E+18  9.052346E+07  7.563317E+08  1.404316E+01  2.262163E-23
    157  4.5668350826669302E-01  0.0000000000000000E+00  0.0000000000000000E+00  1.730345E+09  6.284947E+08  2.666754E+26  1.188775E+18  9.046698E+07  7.565289E+08  1.416356E+01  2.286417E-23
    158  4.5670985861575270E-01  0.0000000000000000E+00  0.0000000000000000E+00  1.787140E+09  6.284533E+08  2.668655E+26  1.207285E+18  8.993527E+07  7.568182E+08  1.450687E+01  5.789077E-23
    159  4.5671485764132852E-01  0.0000000000000000E+00  0.0000000000000000E+00  1.797915E+09  6.284454E+08  2.668910E+26  1.211629E+18  8.976958E+07  7.568562E+08  1.458882E+01  1.223691E-22
    160  4.5672310629437807E-01  0.0000000000000000E+00  0.0000000000000000E+00  1.815694E+09  6.284324E+08  2.669258E+26  1.219352E+18  8.945377E+07  7.569076E+08  1.473585E+01  5.466777E-22
    161  4.5673960360047711E-01  0.0000000000000000E+00  0.0000000000000000E+00  1.851253E+09  6.284064E+08  2.669710E+26  1.236633E+18  8.868445E+07  7.569718E+08  1.507123E+01  1.230600E-20
    162  4.5674290306169690E-01  0.0000000000000000E+00  0.0000000000000000E+00  1.858364E+09  6.284013E+08  2.669768E+26  1.240329E+18  8.851277E+07  7.569794E+08  1.514421E+01  2.225524E-20
    163  4.5674950198413650E-01  0.0000000000000000E+00  0.0000000000000000E+00  1.872588E+09  6.283909E+08  2.669857E+26  1.247898E+18  8.815641E+07  7.569906E+08  1.529512E+01  7.039346E-20
    164  4.5676269982901574E-01  0.0000000000000000E+00  0.0000000000000000E+00  1.901034E+09  6.283701E+08  2.669963E+26  1.263506E+18  8.741110E+07  7.570017E+08  1.561245E+01  6.086109E-19
    165  4.5678909551877422E-01  0.0000000000000000E+00  0.0000000000000000E+00  1.957927E+09  6.283285E+08  2.670151E+26  1.294475E+18  8.594828E+07  7.570201E+08  1.626876E+01  2.221634E-17
    166  4.5679281348508660E-01  0.0000000000000000E+00  0.0000000000000000E+00  1.967330E+09  6.283074E+08  2.670223E+26  1.298614E+18  8.578021E+07  7.570392E+08  1.635944E+01  3.374987E-17
    167  4.5679932285127889E-01  0.0000000000000000E+00  0.0000000000000000E+00  1.994032E+09  6.281579E+08  2.670474E+26  1.306129E+18  8.561949E+07  7.571628E+08  1.652583E+01  7.126361E-17
    168  4.5681234158366346E-01  0.0000000000000000E+00  0.0000000000000000E+00  2.047437E+09  6.278589E+08  2.670855E+26  1.322009E+18  8.523041E+07  7.573904E+08  1.688529E+01  3.311235E-16
    169  4.5681469214595144E-01  0.0000000000000000E+00  0.0000000000000000E+00  2.057080E+09  6.278049E+08  2.670922E+26  1.324875E+18  8.515958E+07  7.574312E+08  1.695135E+01  4.302686E-16
    170  4.5681895461339889E-01  0.0000000000000000E+00  0.0000000000000000E+00  2.074565E+09  6.277070E+08  2.671055E+26  1.329989E+18  8.503680E+07  7.575068E+08  1.707016E+01  6.790573E-16
    171  4.5682747954829372E-01  0.0000000000000000E+00  0.0000000000000000E+00  2.109536E+09  6.275112E+08  2.671391E+26  1.339682E+18  8.482873E+07  7.576686E+08  1.729867E+01  1.550928E-15
    172  4.5684452941808340E-01  0.0000000000000000E+00  0.0000000000000000E+00  2.179477E+09  6.271195E+08  2.672505E+26  1.355827E+18  8.464269E+07  7.580604E+08  1.768934E+01  5.527542E-15
    173  4.5687270356200771E-01  0.0000000000000000E+00  0.0000000000000000E+00  2.295052E+09  6.264724E+08  2.675867E+26  1.372193E+18  8.507219E+07  7.589411E+08  1.809719E+01  1.763000E-14
    174  4.5690917274826692E-01  0.0000000000000000E+00  0.0000000000000000E+00  2.444655E+09  6.256347E+08  2.682331E+26  1.381171E+18  8.649769E+07  7.604025E+08  1.832104E+01  3.394376E-14
    175  4.5691343911953353E-01  0.0000000000000000E+00  0.0000000000000000E+00  2.462156E+09  6.255367E+08  2.683177E+26  1.381740E+18  8.669751E+07  7.605870E+08  1.833496E+01  3.601751E-14
    176  4.5691809124105087E-01  0.0000000000000000E+00  0.0000000000000000E+00  2.481240E+09  6.254299E+08  2.684116E+26  1.382290E+18  8.691999E+07  7.607907E+08  1.834835E+01  3.811766E-14
    177  4.5692739548408551E-01  0.0000000000000000E+00  0.0000000000000000E+00  2.519407E+09  6.252161E+08  2.686040E+26  1.383228E+18  8.737637E+07  7.612049E+08  1.837059E+01  4.204449E-14
    178  4.5694600397015478E-01  0.0000000000000000E+00  0.0000000000000000E+00  2.595742E+09  6.247887E+08  2.690050E+26  1.384690E+18  8.832028E+07  7.620570E+08  1.840212E+01  4.952650E-14
    179  4.5694972566736863E-01  0.0000000000000000E+00  0.0000000000000000E+00  2.611009E+09  6.247032E+08  2.690875E+26  1.384946E+18  8.851237E+07  7.622306E+08  1.840696E+01  5.111716E-14
    180  4.5695716906179634E-01  0.0000000000000000E+00  0.0000000000000000E+00  2.641543E+09  6.245323E+08  2.692544E+26  1.385445E+18  8.889876E+07  7.625808E+08  1.841556E+01  5.457514E-14
    181  4.5697205585065176E-01  0.0000000000000000E+00  0.0000000000000000E+00  2.702611E+09  6.241903E+08  2.695958E+26  1.386474E+18  8.967779E+07  7.632921E+08  1.842944E+01  6.340059E-14
    182  4.5700182942836265E-01  0.0000000000000000E+00  0.0000000000000000E+00  2.824747E+09  6.235064E+08  2.703061E+26  1.389356E+18  9.124797E+07  7.647537E+08  1.844876E+01  9.299017E-14
    183  4.5700687886274383E-01  0.0000000000000000E+00  0.0000000000000000E+00  2.845461E+09  6.233904E+08  2.704300E+26  1.390066E+18  9.151464E+07  7.650063E+08  1.845139E+01  9.944699E-14
    184  4.5701697773150618E-01  0.0000000000000000E+00  0.0000000000000000E+00  2.886888E+09  6.231585E+08  2.706804E+26  1.391795E+18  9.204699E+07  7.655152E+08  1.845656E+01  1.139037E-13
    185  4.5703717546903094E-01  0.0000000000000000E+00  0.0000000000000000E+00  2.969743E+09  6.226945E+08  2.711898E+26  1.396997E+18  9.309916E+07  7.665448E+08  1.846966E+01  1.700716E-13
    186  4.5704121501653588E-01  0.0000000000000000E+00  0.0000000000000000E+00  2.986314E+09  6.226018E+08  2.712926E+26  1.398398E+18  9.330570E+07  7.667519E+08  1.847338E+01  1.965545E-13
    187  4.5704876879526224E-01  0.0000000000000000E+00  0.0000000000000000E+00  3.017300E+09  6.224282E+08  2.714852E+26  1.401404E+18  9.368639E+07  7.671394E+08  1.848204E+01  2.936493E-13
    188  4.5706387635271489E-01  0.0000000000000000E+00  0.0000000000000000E+00  3.079274E+09  6.220812E+08  2.718697E+26  1.409034E+18  9.441718E+07  7.679122E+08  1.850914E+01  1.332270E-12
    189  4.5706689786420540E-01  0.0000000000000000E+00  0.0000000000000000E+00  3.091669E+09  6.220118E+08  2.719461E+26  1.410824E+18  9.455669E+07  7.680657E+08  1.851674E+01  1.994060E-12
    190  4.5707294088718647E-01  0.0000000000000000E+00  0.0000000000000000E+00  3.116458E+09  6.218730E+08  2.720977E+26  1.414660E+18  9.482695E+07  7.683710E+08  1.853486E+01  4.679143E-12
    191  4.5708502693314862E-01  0.0000000000000000E+00  0.0000000000000000E+00  3.166037E+09  6.215954E+08  2.723942E+26  1.423298E+18  9.532251E+07  7.689703E+08  1.858626E+01  2.683078E-11
    192  4.5710919902507285E-01  0.0000000000000000E+00  0.0000000000000000E+00  3.265195E+09  6.210402E+08  2.729336E+26  1.444095E+18  9.602840E+07  7.700833E+08  1.878792E+01  5.926706E-10
    193  4.5711335368079936E-01  0.0000000000000000E+00  0.0000000000000000E+00  3.282238E+09  6.209448E+08  2.730148E+26  1.448185E+18  9.609480E+07  7.702564E+08  1.884209E+01  9.523029E-10
    194  4.5711986182991138E-01  0.0000000000000000E+00  0.0000000000000000E+00  3.308936E+09  6.207953E+08  2.731328E+26  1.455007E+18  9.615702E+07  7.705131E+08  1.894221E+01  1.872454E-09
    195  4.5713287812813541E-01  0.0000000000000000E+00  0.0000000000000000E+00  3.362331E+09  6.204963E+08  2.733283E+26  1.470601E+18  9.610564E+07  7.709631E+08  1.920855E+01  6.306517E-09
    196  4.5715891072458342E-01  0.0000000000000000E+00  0.0000000000000000E+00  3.469121E+09  6.198983E+08  2.735170E+26  1.513245E+18  9.516962E+07  7.715483E+08  2.008149E+01  5.049037E-08
    197  4.5716246116915144E-01  0.0000000000000000E+00  0.0000000000000000E+00  3.483685E+09  6.198168E+08  2.735196E+26  1.520449E+18  9.495081E+07  7.715920E+08  2.024185E+01  6.609224E-08
    198  4.5716842033864491E-01  0.0000000000000000E+00  0.0000000000000000E+00  3.508131E+09  6.196799E+08  2.735113E+26  1.533249E+18  9.453696E+07  7.716463E+08  2.053487E+01  1.037531E-07
    199  4.5718033867763191E-01  0.0000000000000000E+00  0.0000000000000000E+00  3.557021E+09  6.194061E+08  2.734518E+26  1.561042E+18  9.355430E+07  7.716885E+08  2.120960E+01  2.604411E-07
    200  4.5720417535560592E-01  0.0000000000000000E+00  0.0000000000000000E+00  3.654803E+09  6.188586E+08  2.732184E+26  1.619892E+18  9.122499E+07  7.715981E+08  2.285548E+01  1.754306E-06
    201  4.5723598929287657E-01  0.0000000000000000E+00  0.0000000000000000E+00  3.785309E+09  6.181279E+08  2.729402E+26  1.687775E+18  8.841071E+07  7.715326E+08  2.524438E+01  1.093964E-05
    202  4.5723975826329977E-01  0.0000000000000000E+00  0.0000000000000000E+00  3.800770E+09  6.180413E+08  2.729263E+26  1.694359E+18  8.815580E+07  7.715542E+08  2.550840E+01  1.247467E-05
    203  4.5724484943881477E-01  0.0000000000000000E+00  0.0000000000000000E+00  3.821655E+09  6.179244E+08  2.729161E+26  1.702719E+18  8.784427E+07  7.715967E+08  2.585237E+01  1.457029E-05
    204  4.5725503178984478E-01  0.0000000000000000E+00  0.0000000000000000E+00  3.863425E+09  6.176905E+08  2.729272E+26  1.717616E+18  8.733598E+07  7.717297E+08  2.649046E+01  1.870149E-05
    205  4.5727539649190480E-01  0.0000000000000000E+00  0.0000000000000000E+00  3.946964E+09  6.172227E+08  2.730748E+26  1.740718E+18  8.675503E+07  7.721866E+08  2.754679E+01  2.673150E-05
    206  4.5730832330254195E-01  0.0000000000000000E+00  0.0000000000000000E+00  4.082035E+09  6.164664E+08  2.736183E+26  1.763533E+18  8.679771E+07  7.733874E+08  2.866972E+01  4.658033E-05
    207  4.5731267870427122E-01  0.0000000000000000E+00  0.0000000000000000E+00  4.099902E+09  6.163664E+08  2.737134E+26  1.765536E+18  8.687301E+07  7.735813E+08  2.877192E+01  5.119562E-05
    208  4.5731920596764380E-01  0.0000000000000000E+00  0.0000000000000000E+00  4.126678E+09  6.162164E+08  2.738646E+26  1.768173E+18  8.701023E+07  7.738847E+08  2.890784E+01  5.983014E-05
    209  4.5733226049438902E-01  0.0000000000000000E+00  0.0000000000000000E+00  4.180230E+09  6.159166E+08  2.741953E+26  1.772273E+18  8.736294E+07  7.745342E+08  2.912308E+01  8.615129E-05
    210  4.5735836954787945E-01  0.0000000000000000E+00  0.0000000000000000E+00  4.287333E+09  6.153169E+08  2.749508E+26  1.776822E+18  8.831097E+07  7.759734E+08  2.937285E+01  2.134311E-04
    211  4.5736282412021878E-01  0.0000000000000000E+00  0.0000000000000000E+00  4.305607E+09  6.152145E+08  2.750899E+26  1.777241E+18  8.849698E+07  7.762340E+08  2.939701E+01  2.529680E-04
    212  4.5737016408199344E-01  0.0000000000000000E+00  0.0000000000000000E+00  4.335716E+09  6.150459E+08  2.753242E+26  1.777777E+18  8.881457E+07  7.766710E+08  2.942830E+01  3.363922E-04
    213  4.5738484400554275E-01  0.0000000000000000E+00  0.0000000000000000E+00  4.395936E+09  6.147087E+08  2.758092E+26  1.778403E+18  8.948246E+07  7.775691E+08  2.946563E+01  5.981651E-04
    214  4.5741420385264131E-01  0.0000000000000000E+00  0.0000000000000000E+00  4.516375E+09  6.140344E+08  2.768279E+26  1.778707E+18  9.089363E+07  7.794354E+08  2.948188E+01  1.807735E-03
    215  4.5741789662980414E-01  0.0000000000000000E+00  0.0000000000000000E+00  4.531523E+09  6.139495E+08  2.769595E+26  1.778700E+18  9.107470E+07  7.796750E+08  2.948116E+01  2.056881E-03
    216  4.5742331105498424E-01  0.0000000000000000E+00  0.0000000000000000E+00  4.553734E+09  6.138252E+08  2.771534E+26  1.778695E+18  9.134042E+07  7.800277E+08  2.947991E+01  2.480269E-03
    217  4.5743413990534443E-01  0.0000000000000000E+00  0.0000000000000000E+00  4.598156E+09  6.135764E+08  2.775447E+26  1.778680E+18  9.187259E+07  7.807379E+08  2.947683E+01  3.548862E-03
    218  4.5745579760606486E-01  0.0000000000000000E+00  0.0000000000000000E+00  4.686999E+09  6.130790E+08  2.783396E+26  1.778702E+18  9.293400E+07  7.821748E+08  2.947290E+01  6.746984E-03
    219  4.5745885540046105E-01  0.0000000000000000E+00  0.0000000000000000E+00  4.699543E+09  6.130087E+08  2.784527E+26  1.778721E+18  9.308248E+07  7.823788E+08  2.947341E+01  7.324566E-03
    220  4.5746403164600807E-01  0.0000000000000000E+00  0.0000000000000000E+00  4.720776E+09  6.128898E+08  2.786449E+26  1.778757E+18  9.333339E+07  7.827251E+08  2.947459E+01  8.366209E-03
    221  4.5747438413710212E-01  0.0000000000000000E+00  0.0000000000000000E+00  4.763244E+09  6.126520E+08  2.790306E+26  1.778879E+18  9.383014E+07  7.834191E+08  2.948084E+01  1.068496E-02
    222  4.5749508911929021E-01  0.0000000000000000E+00  0.0000000000000000E+00  4.848179E+09  6.121765E+08  2.798022E+26  1.779429E+18  9.478967E+07  7.848056E+08  2.951930E+01  1.608863E-02
    223  4.5749796296385653E-01  0.0000000000000000E+00  0.0000000000000000E+00  4.859968E+09  6.121105E+08  2.799084E+26  1.779560E+18  9.491690E+07  7.849966E+08  2.952919E+01  1.692514E-02
    224  4.5750243354907283E-01  0.0000000000000000E+00  0.0000000000000000E+00  4.878307E+09  6.120078E+08  2.800734E+26  1.779786E+18  9.511203E+07  7.852931E+08  2.954672E+01  1.827979E-02
    225  4.5751137471950548E-01  0.0000000000000000E+00  0.0000000000000000E+00  4.914985E+09  6.118024E+08  2.804004E+26  1.780369E+18  9.548768E+07  7.858813E+08  2.959300E+01  2.131036E-02
    226  4.5752925706037079E-01  0.0000000000000000E+00  0.0000000000000000E+00  4.988342E+09  6.113916E+08  2.810366E+26  1.782217E+18  9.616405E+07  7.870296E+08  2.974352E+01  2.988908E-02
    227  4.5753190327292270E-01  0.0000000000000000E+00  0.0000000000000000E+00  4.999197E+09  6.113309E+08  2.811278E+26  1.782596E+18  9.625310E+07  7.871949E+08  2.977442E+01  3.161685E-02
    228  4.5753657450147839E-01  0.0000000000000000E+00  0.0000000000000000E+00  5.018359E+09  6.112236E+08  2.812866E+26  1.783335E+18  9.640228E+07  7.874832E+08  2.983528E+01  3.505871E-02
    229  4.5754591695858976E-01  0.0000000000000000E+00  0.0000000000000000E+00  5.056683E+09  6.110090E+08  2.815935E+26  1.785156E+18  9.666489E+07  7.880436E+08  2.998549E+01  4.384763E-02
    230  4.5754778545001201E-01  0.0000000000000000E+00  0.0000000000000000E+00  5.064348E+09  6.109661E+08  2.816529E+26  1.785580E+18  9.671105E+07  7.881527E+08  3.002065E+01  4.595794E-02
    231  4.5755152243285657E-01  0.0000000000000000E+00  0.0000000000000000E+00  5.079678E+09  6.108802E+08  2.817694E+26  1.786501E+18  9.679570E+07  7.883672E+08  3.009721E+01  5.059591E-02
    232  4.5755899639854564E-01  0.0000000000000000E+00  0.0000000000000000E+00  5.110337E+09  6.107085E+08  2.819919E+26  1.788652E+18  9.693259E+07  7.887803E+08  3.027699E+01  6.177021E-02
    233  4.5757394432992382E-01  0.0000000000000000E+00  0.0000000000000000E+00  5.171656E+09  6.103652E+08  2.823843E+26  1.794437E+18  9.704910E+07  7.895267E+08  3.076987E+01  9.367462E-02
    234  4.5757603009531567E-01  0.0000000000000000E+00  0.0000000000000000E+00  5.180212E+09  6.103173E+08  2.824330E+26  1.795427E+18  9.704753E+07  7.896216E+08  3.085435E+01  9.944873E-02
    235  4.5757939302042266E-01  0.0000000000000000E+00  0.0000000000000000E+00  5.194007E+09  6.102400E+08  2.825066E+26  1.797134E+18  9.703151E+07  7.897674E+08  3.100255E+01  1.094187E-01
    236  4.5758611887063660E-01  0.0000000000000000E+00  0.0000000000000000E+00  5.221598E+09  6.100855E+08  2.826381E+26  1.800970E+18  9.695515E+07  7.900350E+08  3.133998E+01  1.323609E-01
    237  4.5759957057106448E-01  0.0000000000000000E+00  0.0000000000000000E+00  5.276779E+09  6.097766E+08  2.828286E+26  1.810494E+18  9.660628E+07  7.904616E+08  3.220707E+01  1.916632E-01
    238  4.5761852513714496E-01  0.0000000000000000E+00  0.0000000000000000E+00  5.354534E+09  6.093412E+08  2.829188E+26  1.828346E+18  9.565684E+07  7.907955E+08  3.394253E+01  3.098695E-01
    239  4.5764121481390191E-01  0.0000000000000000E+00  0.0000000000000000E+00  5.447611E+09  6.088200E+08  2.828073E+26  1.854739E+18  9.402457E+07  7.908698E+08  3.680010E+01  4.950970E-01
    240  4.5764316236146768E-01  0.0000000000000000E+00  0.0000000000000000E+00  5.455600E+09  6.087753E+08  2.828059E+26  1.856497E+18  9.390957E+07  7.908885E+08  3.703684E+01  5.091559E-01
    241  4.5764534704289966E-01  0.0000000000000000E+00  0.0000000000000000E+00  5.461905E+09  6.087144E+08  2.827471E+26  1.859079E+18  9.371513E+07  7.908353E+08  3.734614E+01  5.277002E-01
    242  4.5764956209419733E-01  0.0000000000000000E+00  0.0000000000000000E+00  5.471816E+09  6.085879E+08  2.826017E+26  1.863873E+18  9.332855E+07  7.906948E+08  3.793919E+01  5.620071E-01
    243  4.5765799219679265E-01  0.0000000000000000E+00  0.0000000000000000E+00  5.491637E+09  6.083350E+08  2.823524E+26  1.872454E+18  9.266802E+07  7.904760E+08  3.903631E+01  6.246726E-01
    244  4.5767485240198330E-01  0.0000000000000000E+00  0.0000000000000000E+00  5.531280E+09  6.078290E+08  2.820255E+26  1.885712E+18  9.178799E+07  7.902949E+08  4.080481E+01  7.259291E-01
    245  4.5770857281236454E-01  0.0000000000000000E+00  0.0000000000000000E+00  5.610565E+09  6.068171E+08  2.819766E+26  1.899544E+18  9.147083E+07  7.908334E+08  4.259606E+01  8.466464E-01
    246  4.5771326141139135E-01  0.0000000000000000E+00  0.0000000000000000E+00  5.621589E+09  6.066765E+08  2.820188E+26  1.900527E+18  9.153746E+07  7.909810E+08  4.269284E+01  8.575249E-01
    247  4.5772171163828396E-01  0.0000000000000000E+00  0.0000000000000000E+00  5.641458E+09  6.064229E+08  2.821151E+26  1.901872E+18  9.170210E+07  7.912773E+08  4.280240E+01  8.738430E-01
    248  4.5773861209206912E-01  0.0000000000000000E+00  0.0000000000000000E+00  5.681195E+09  6.059157E+08  2.823736E+26  1.903338E+18  9.217316E+07  7.919675E+08  4.281300E+01  8.984321E-01
    249  4.5777241299963950E-01  0.0000000000000000E+00  0.0000000000000000E+00  5.760670E+09  6.049014E+08  2.830637E+26  1.903193E+18  9.348012E+07  7.936057E+08  4.230408E+01  9.280733E-01
    250  4.5783140877475481E-01  0.0000000000000000E+00  0.0000000000000000E+00  5.899384E+09  6.031311E+08  2.846011E+26  1.897813E+18  9.644475E+07  7.969619E+08  4.052496E+01  9.528035E-01
    251  4.5783876262987633E-01  0.0000000000000000E+00  0.0000000000000000E+00  5.916675E+09  6.029104E+08  2.847980E+26  1.896967E+18  9.682105E+07  7.973883E+08  4.030520E+01  9.549513E-01
    252  4.5785072012796579E-01  0.0000000000000000E+00  0.0000000000000000E+00  5.944790E+09  6.025516E+08  2.851453E+26  1.895367E+18  9.749258E+07  7.981222E+08  3.987599E+01  9.578567E-01
    253  4.5787463512414467E-01  0.0000000000000000E+00  0.0000000000000000E+00  6.001020E+09  6.018340E+08  2.858659E+26  1.891845E+18  9.888790E+07  7.996293E+08  3.898000E+01  9.627375E-01
    254  4.5792246511650248E-01  0.0000000000000000E+00  0.0000000000000000E+00  6.113481E+09  6.003987E+08  2.874239E+26  1.883331E+18  1.019211E+08  8.028196E+08  3.702962E+01  9.698562E-01
    255  4.5793052565410736E-01  0.0000000000000000E+00  0.0000000000000000E+00  6.132433E+09  6.001568E+08  2.876931E+26  1.881853E+18  1.024443E+08  8.033675E+08  3.670656E+01  9.708846E-01
    256  4.5794664672931706E-01  0.0000000000000000E+00  0.0000000000000000E+00  6.170338E+09  5.996730E+08  2.882531E+26  1.878579E+18  1.035388E+08  8.044957E+08  3.602524E+01  9.726540E-01
    257  4.5797888887973653E-01  0.0000000000000000E+00  0.0000000000000000E+00  6.246147E+09  5.987055E+08  2.894165E+26  1.871504E+18  1.058198E+08  8.068182E+08  3.464277E+01  9.756229E-01
    258  4.5804337318057547E-01  0.0000000000000000E+00  0.0000000000000000E+00  6.397766E+09  5.967705E+08  2.919232E+26  1.855181E+18  1.107723E+08  8.117368E+08  3.183269E+01  9.799461E-01
    259  4.5805185812895782E-01  0.0000000000000000E+00  0.0000000000000000E+00  6.417717E+09  5.965158E+08  2.922965E+26  1.852407E+18  1.115273E+08  8.124496E+08  3.140974E+01  9.804107E-01
    260  4.5806631766308908E-01  0.0000000000000000E+00  0.0000000000000000E+00  6.451715E+09  5.960819E+08  2.929037E+26  1.848158E+18  1.127388E+08  8.136211E+08  3.077286E+01  9.810366E-01
    261  4.5809523673135161E-01  0.0000000000000000E+00  0.0000000000000000E+00  6.519711E+09  5.952141E+08  2.941520E+26  1.839235E+18  1.152365E+08  8.160159E+08  2.951556E+01  9.821411E-01
    262  4.5815307486787665E-01  0.0000000000000000E+00  0.0000000000000000E+00  6.655703E+09  5.934785E+08  2.968361E+26  1.818845E+18  1.206616E+08  8.210899E+08  2.700383E+01  9.835927E-01
    263  4.5816198382547807E-01  0.0000000000000000E+00  0.0000000000000000E+00  6.676650E+09  5.932112E+08  2.972474E+26  1.815817E+18  1.214847E+08  8.218684E+08  2.666038E+01  9.838847E-01
    264  4.5817824515102940E-01  0.0000000000000000E+00  0.0000000000000000E+00  6.714885E+09  5.927232E+08  2.980409E+26  1.809604E+18  1.230932E+08  8.233539E+08  2.599259E+01  9.841844E-01
    265  4.5821076780213199E-01  0.0000000000000000E+00  0.0000000000000000E+00  6.791354E+09  5.917473E+08  2.996745E+26  1.796561E+18  1.264104E+08  8.263958E+08  2.469465E+01  9.846592E-01
    266  4.5827581310433724E-01  0.0000000000000000E+00  0.0000000000000000E+00  6.944292E+09  5.897954E+08  3.031469E+26  1.767786E+18  1.334831E+08  8.327885E+08  2.224311E+01  9.847858E-01
    267  4.5828384178143633E-01  0.0000000000000000E+00  0.0000000000000000E+00  6.963169E+09  5.895545E+08  3.036219E+26  1.763522E+18  1.344681E+08  8.336473E+08  2.192424E+01  9.851157E-01
    268  4.5829873305029811E-01  0.0000000000000000E+00  0.0000000000000000E+00  6.998182E+09  5.891076E+08  3.044650E+26  1.756279E+18  1.361877E+08  8.351830E+08  2.139873E+01  9.850863E-01
    269  4.5832851558802173E-01  0.0000000000000000E+00  0.0000000000000000E+00  7.068209E+09  5.882139E+08  3.062035E+26  1.741109E+18  1.397370E+08  8.383328E+08  2.037481E+01  9.851307E-01
    270  4.5833447209556644E-01  0.0000000000000000E+00  0.0000000000000000E+00  7.082214E+09  5.880352E+08  3.065651E+26  1.737872E+18  1.404787E+08  8.389834E+08  2.016937E+01  9.851075E-01
    271  4.5834567656694575E-01  0.0000000000000000E+00  0.0000000000000000E+00  7.108559E+09  5.876989E+08  3.072444E+26  1.731823E+18  1.418350E+08  8.402060E+08  1.979571E+01  9.851137E-01
    272  4.5836808550970431E-01  0.0000000000000000E+00  0.0000000000000000E+00  7.161248E+09  5.870265E+08  3.086329E+26  1.719341E+18  1.446689E+08  8.426953E+08  1.906695E+01  9.851284E-01
    273  4.5841290339522145E-01  0.0000000000000000E+00  0.0000000000000000E+00  7.266626E+09  5.856816E+08  3.115443E+26  1.692567E+18  1.506053E+08  8.478726E+08  1.767394E+01  9.852129E-01
    274  4.5842006575402394E-01  0.0000000000000000E+00  0.0000000000000000E+00  7.283467E+09  5.854667E+08  3.120294E+26  1.688037E+18  1.515952E+08  8.487294E+08  1.745730E+01  9.851605E-01
    275  4.5843372906190877E-01  0.0000000000000000E+00  0.0000000000000000E+00  7.315592E+09  5.850567E+08  3.129629E+26  1.679266E+18  1.534958E+08  8.503755E+08  1.705424E+01  9.851660E-01
    276  4.5846105567767842E-01  0.0000000000000000E+00  0.0000000000000000E+00  7.379844E+09  5.842366E+08  3.148855E+26  1.660975E+18  1.574055E+08  8.537491E+08  1.627135E+01  9.852491E-01
    277  4.5851570890921772E-01  0.0000000000000000E+00  0.0000000000000000E+00  7.460390E+09  5.827126E+08  3.170947E+26  1.636379E+18  1.625705E+08  8.580864E+08  1.532817E+01  9.851829E-01
    278  4.5859852748786278E-01  0.0000000000000000E+00  0.0000000000000000E+00  7.457506E+09  5.807053E+08  3.157572E+26  1.636273E+18  1.626841E+08  8.577622E+08  1.532174E+01  9.853681E-01
    279  4.5873715501305212E-01  0.0000000000000000E+00  0.0000000000000000E+00  7.452678E+09  5.773454E+08  3.134911E+26  1.636511E+18  1.627948E+08  8.571719E+08  1.532886E+01  9.853793E-01
    280  4.5901441006343080E-01  0.0000000000000000E+00  0.0000000000000000E+00  7.443022E+09  5.706255E+08  3.089719E+26  1.636980E+18  1.630214E+08  8.559873E+08  1.534284E+01  9.853883E-01
    281  4.5956892016418821E-01  0.0000000000000000E+00  0.0000000000000000E+00  7.423740E+09  5.588300E+08  3.009907E+26  1.638504E+18  1.632886E+08  8.537586E+08  1.539256E+01  9.854073E-01
    282  4.6067794036570298E-01  0.0000000000000000E+00  0.0000000000000000E+00  7.388350E+09  5.419273E+08  2.893612E+26  1.643029E+18  1.632206E+08  8.500798E+08  1.554910E+01  9.854384E-01
    283  4.6289598076873251E-01  0.0000000000000000E+00  0.0000000000000000E+00  7.342575E+09  5.210796E+08  2.751058E+26  1.649436E+18  1.630350E+08  8.453183E+08  1.577340E+01  9.855010E-01
    284  4.6733206157479162E-01  0.0000000000000000E+00  0.0000000000000000E+00  7.362004E+09  5.262342E+08  2.786895E+26  1.647906E+18  1.632864E+08  8.466312E+08  1.568971E+01  9.856091E-01
    285  4.7620422318690986E-01  0.0000000000000000E+00  0.0000000000000000E+00  7.430837E+09  5.505997E+08  2.955199E+26  1.641079E+18  1.638642E+08  8.523000E+08  1.538985E+01  9.858162E-01
    286  4.8620422296339244E-01  0.0000000000000000E+00  0.0000000000000000E+00  7.542716E+09  6.052035E+08  3.329622E+26  1.633775E+18  1.633535E+08  8.628043E+08  1.507082E+01  9.862364E-01
    287  4.9620422273987502E-01  0.0000000000000000E+00  0.0000000000000000E+00  7.165008E+09  4.256046E+08  2.129612E+26  1.676394E+18  1.643848E+08  8.231611E+08  1.662375E+01  9.865519E-01
    288  5.0620422251635766E-01  0.0000000000000000E+00  0.0000000000000000E+00  7.071666E+09  3.891041E+08  1.900569E+26  1.688592E+18  1.645492E+08  8.133711E+08  1.710171E+01  9.866869E-01
    289  5.1620422229284024E-01  0.0000000000000000E+00  0.0000000000000000E+00  6.967330E+09  3.515622E+08  1.671053E+26  1.703501E+18  1.645025E+08  8.024467E+08  1.774756E+01  9.866366E-01
    290  5.2620422206932282E-01  0.0000000000000000E+00  0.0000000000000000E+00  6.821661E+09  3.060361E+08  1.402483E+26  1.721150E+18  1.647774E+08  7.880470E+08  1.859301E+01  9.867982E-01
    291  5.3620422184580541E-01  0.0000000000000000E+00  0.0000000000000000E+00  6.691067E+09  2.686377E+08  1.190877E+26  1.736504E+18  1.653341E+08  7.751921E+08  1.939989E+01  9.869317E-01
    292  5.4620422162228799E-01  0.0000000000000000E+00  0.0000000000000000E+00  6.563523E+09  2.371562E+08  1.018269E+26  1.752173E+18  1.656265E+08  7.630192E+08  2.030858E+01  9.870869E-01
    293  5.5620422139877057E-01  0.0000000000000000E+00  0.0000000000000000E+00  6.430332E+09  2.070124E+08  8.594664E+25  1.767865E+18  1.662865E+08  7.504312E+08  2.131354E+01  9.872957E-01
    294  5.6620422117525315E-01  0.0000000000000000E+00  0.0000000000000000E+00  6.285637E+09  1.797965E+08  7.203142E+25  1.786076E+18  1.664551E+08  7.372862E+08  2.263011E+01  9.871878E-01
    295  5.7620422095173573E-01  0.0000000000000000E+00  0.0000000000000000E+00  6.141092E+09  1.558703E+08  6.031718E+25  1.800727E+18  1.673841E+08  7.247631E+08  2.380067E+01  9.887833E-01
    296  5.7720422092938395E-01  0.0000000000000000E+00  0.0000000000000000E+00  6.130678E+09  1.537294E+08  5.930243E+25  1.803042E+18  1.673668E+08  7.236324E+08  2.400706E+01  9.881896E-01
    297  5.7788014930615372E-01  0.0000000000000000E+00  0.0000000000000000E+00  6.121544E+09  1.522903E+08  5.861623E+25  1.804044E+18  1.674272E+08  7.228346E+08  2.409435E+01  9.881725E-01
    298  5.7923200605969338E-01  0.0000000000000000E+00  0.0000000000000000E+00  6.098297E+09  1.495213E+08  5.724472E+25  1.807186E+18  1.672232E+08  7.209259E+08  2.437421E+01  9.883023E-01
    299  5.8193571956677270E-01  0.0000000000000000E+00  0.0000000000000000E+00  6.062936E+09  1.442168E+08  5.474073E+25  1.811058E+18  1.674468E+08  7.178682E+08  2.472351E+01  9.885365E-01
    300  5.8654596999999997E-01  0.0000000000000000E+00  0.0000000000000000E+00  6.005209E+09  1.358978E+08  5.085695E+25  1.817906E+18  1.677284E+08  7.128541E+08  2.537019E+01  9.887339E-01
