                           time                    temp                     den                    ener                    sdot                   sneut                   s-snu                      ye                   1-sum
      1  1.0175522000000001E-04  1.0026310000000000E+09  2.0517198000000000E+09  1.638951E+18  3.299081E+16  0.000000E+00  3.299081E+16  5.000000E-01  0.000000E+00  4.718750E+02  1.430322E-14
      2  1.0175522001017553E-04  1.0026310000000269E+09  2.0517198000000026E+09  1.638951E+18  3.301011E+16  0.000000E+00  3.301011E+16  5.000000E-01  1.110223E-16 -1.290950E+12 -3.910773E-05
      3  1.0175522003052657E-04  1.0026310000000808E+09  2.0517198000000076E+09  1.638951E+18  3.304858E+16  0.000000E+00  3.304858E+16  5.000000E-01  3.330669E-16 -3.864842E+12 -1.169443E-04
      4  1.0175522007122866E-04  1.0026310000001886E+09  2.0517198000000179E+09  1.638951E+18  3.312504E+16  0.000000E+00  3.312504E+16  5.000000E-01  4.440892E-16 -8.980746E+12 -2.711165E-04
      5  1.0175522015263284E-04  1.0026310000004040E+09  2.0517198000000381E+09  1.638951E+18  3.327609E+16  0.000000E+00  3.327609E+16  5.000000E-01  3.330669E-16 -1.908626E+13 -5.735728E-04
      6  1.0175522031544119E-04  1.0026310000008349E+09  2.0517198000000789E+09  1.638951E+18  3.357076E+16  0.000000E+00  3.357076E+16  5.000000E-01  2.220446E-16 -3.880176E+13 -1.155820E-03
      7  1.0175522064105789E-04  1.0026310000016968E+09  2.0517198000001605E+09  1.638951E+18  3.413162E+16  0.000000E+00  3.413162E+16  5.000000E-01  4.440892E-16 -7.632561E+13 -2.236214E-03
      8  1.0175522129229130E-04  1.0026310000034206E+09  2.0517198000003233E+09  1.638951E+18  3.514773E+16  0.000000E+00  3.514773E+16  5.000000E-01  0.000000E+00 -1.443085E+14 -4.105769E-03
      9  1.0175522259475811E-04  1.0026310000068681E+09  2.0517198000006490E+09  1.638951E+18  3.681728E+16  0.000000E+00  3.681728E+16  5.000000E-01  0.000000E+00 -2.560091E+14 -6.953504E-03
     10  1.0175522519969174E-04  1.0026310000137632E+09  2.0517198000013008E+09  1.638951E+18  3.908156E+16  0.000000E+00  3.908156E+16  5.000000E-01  0.000000E+00 -4.074973E+14 -1.042684E-02
     11  1.0175523040955900E-04  1.0026310000275533E+09  2.0517198000026040E+09  1.638951E+18  4.120247E+16  0.000000E+00  4.120247E+16  5.000000E-01  2.220446E-16 -5.493860E+14 -1.333381E-02
     12  1.0175524082929354E-04  1.0026310000551337E+09  2.0517198000052106E+09  1.638951E+18  4.219312E+16  0.000000E+00  4.219312E+16  5.000000E-01  0.000000E+00 -6.156373E+14 -1.459094E-02
     13  1.0175526166876259E-04  1.0026310001102942E+09  2.0517198000104237E+09  1.638951E+18  4.231795E+16  0.000000E+00  4.231795E+16  5.000000E-01  0.000000E+00 -6.239296E+14 -1.474385E-02
     14  1.0175530334770070E-04  1.0026310002206154E+09  2.0517198000208497E+09  1.638951E+18  4.232078E+16  0.000000E+00  4.232078E+16  5.000000E-01  2.220446E-16 -6.239996E+14 -1.474452E-02
     15  1.0175538670557692E-04  1.0026310004412578E+09  2.0517198000417023E+09  1.638951E+18  4.232680E+16  0.000000E+00  4.232680E+16  5.000000E-01  2.220446E-16 -6.241636E+14 -1.474630E-02
     16  1.0175555342132937E-04  1.0026310008825426E+09  2.0517198000834069E+09  1.638951E+18  4.233883E+16  0.000000E+00  4.233883E+16  5.000000E-01  1.110223E-16 -6.244916E+14 -1.474986E-02
     17  1.0175588685283427E-04  1.0026310017651120E+09  2.0517198001668165E+09  1.638951E+18  4.236288E+16  0.000000E+00  4.236288E+16  5.000000E-01  1.110223E-16 -6.251475E+14 -1.475696E-02
     18  1.0175655371584406E-04  1.0026310035302510E+09  2.0517198003336353E+09  1.638951E+18  4.241098E+16  0.000000E+00  4.241098E+16  5.000000E-01  1.110223E-16 -6.264586E+14 -1.477114E-02
     19  1.0175788744186364E-04  1.0026310070605290E+09  2.0517198006672730E+09  1.638951E+18  4.250708E+16  0.000000E+00  4.250708E+16  5.000000E-01  1.110223E-16 -6.290783E+14 -1.479938E-02
     20  1.0176055489390281E-04  1.0026310141210849E+09  2.0517198013345487E+09  1.638951E+18  4.269894E+16  0.000000E+00  4.269894E+16  5.000000E-01  0.000000E+00 -6.343070E+14 -1.485533E-02
     21  1.0176588979798114E-04  1.0026310282421968E+09  2.0517198026690998E+09  1.638951E+18  4.308098E+16  0.000000E+00  4.308098E+16  5.000000E-01  1.110223E-16 -6.447133E+14 -1.496515E-02
     22  1.0177655960613782E-04  1.0026310564844207E+09  2.0517198053382025E+09  1.638951E+18  4.383364E+16  0.000000E+00  4.383364E+16  5.000000E-01  3.330669E-16 -6.652065E+14 -1.517571E-02
     23  1.0179789922245117E-04  1.0026311129688683E+09  2.0517198106764073E+09  1.638951E+18  4.525557E+16  0.000000E+00  4.525557E+16  5.000000E-01  0.000000E+00 -7.039643E+14 -1.555531E-02
     24  1.0184057845507785E-04  1.0026312259377633E+09  2.0517198213528171E+09  1.638951E+18  4.776373E+16  0.000000E+00  4.776373E+16  5.000000E-01 -2.220446E-16 -7.725159E+14 -1.617370E-02
     25  1.0192593692033123E-04  1.0026314518755537E+09  2.0517198427056370E+09  1.638951E+18  5.187397E+16  0.000000E+00  5.187397E+16  5.000000E-01  0.000000E+00 -8.849540E+14 -1.705969E-02
     26  1.0209665385083798E-04  1.0026319037511343E+09  2.0517198854112763E+09  1.638951E+18  5.741686E+16  0.000000E+00  5.741686E+16  5.000000E-01 -2.220446E-16 -1.036688E+15 -1.805546E-02
     27  1.0243808771185149E-04  1.0026328075022956E+09  2.0517199708225551E+09  1.638951E+18  6.255101E+16  0.000000E+00  6.255101E+16  5.000000E-01  3.330669E-16 -1.177247E+15 -1.882059E-02
     28  1.0312095543387850E-04  1.0026346150046182E+09  2.0517201416451128E+09  1.638951E+18  6.490424E+16  0.000000E+00  6.490424E+16  5.000000E-01  1.110223E-16 -1.241529E+15 -1.912863E-02
     29  1.0448669087793252E-04  1.0026382300092632E+09  2.0517204832902279E+09  1.638951E+18  6.519875E+16  0.000000E+00  6.519875E+16  5.000000E-01  1.110223E-16 -1.249293E+15 -1.916130E-02
     30  1.0721816176604055E-04  1.0026454600185533E+09  2.0517211665804586E+09  1.638951E+18  6.523365E+16  0.000000E+00  6.523365E+16  5.000000E-01  2.220446E-16 -1.249475E+15 -1.915385E-02
     31  1.1268110354225661E-04  1.0026599200371336E+09  2.0517225331609197E+09  1.638951E+18  6.528266E+16  0.000000E+00  6.528266E+16  5.000000E-01  3.330669E-16 -1.249873E+15 -1.914556E-02
     32  1.2360698709468874E-04  1.0026888400742940E+09  2.0517252663218420E+09  1.638952E+18  6.545673E+16  0.000000E+00  6.545673E+16  5.000000E-01  3.330669E-16 -1.250678E+15 -1.910695E-02
     33  1.4545875419955299E-04  1.0027466801486149E+09  2.0517307326436863E+09  1.638954E+18  6.564676E+16  0.000000E+00  6.564676E+16  5.000000E-01 -4.440892E-16 -1.252272E+15 -1.907592E-02
     34  1.8916228840928150E-04  1.0028623602972567E+09  2.0517416652873750E+09  1.638956E+18  6.611256E+16  0.000000E+00  6.611256E+16  5.000000E-01  2.220446E-16 -1.255485E+15 -1.899011E-02
     35  2.7656935682873854E-04  1.0030936376634958E+09  2.0517618762599940E+09  1.638962E+18  6.712204E+16  0.000000E+00  6.712204E+16  5.000000E-01  1.110223E-16 -1.261937E+15 -1.880064E-02
     36  4.5138349366765263E-04  1.0035558795489148E+09  2.0517969908678210E+09  1.638974E+18  6.873420E+16  0.000000E+00  6.873420E+16  5.000000E-01 -2.220446E-16 -1.274885E+15 -1.854805E-02
     37  8.0101176734548069E-04  1.0044800201126952E+09  2.0518484209894333E+09  1.638999E+18  7.190925E+16  0.000000E+00  7.190925E+16  5.000000E-01 -2.220446E-16 -1.301154E+15 -1.809439E-02
     38  1.5002683147011370E-03  1.0063357194567921E+09  2.0519030173923433E+09  1.639051E+18  7.712473E+16  0.000000E+00  7.712473E+16  5.000000E-01 -2.220446E-16 -1.355273E+15 -1.757248E-02
     39  2.8987814094124497E-03  1.0100788550643476E+09  2.0518335729847806E+09  1.639166E+18  8.755001E+16  0.000000E+00  8.755001E+16  5.000000E-01 -8.881784E-16 -1.470602E+15 -1.679728E-02
     40  5.6835652107980091E-03  1.0177393016794970E+09  2.0515748024567165E+09  1.639440E+18  1.082687E+17  0.000000E+00  1.082687E+17  5.000000E-01 -1.976197E-14 -1.733307E+15 -1.600931E-02
     41  1.0155632436719833E-02  1.0297233169575007E+09  2.0492818706296911E+09  1.640049E+18  1.539372E+17  0.000000E+00  1.539372E+17  5.000000E-01  1.326717E-13 -2.222265E+15 -1.443617E-02
     42  1.4723209679310983E-02  1.0416001460396022E+09  2.0450504620900509E+09  1.640957E+18  2.397669E+17  0.000000E+00  2.397669E+17  5.000000E-01 -1.739497E-12 -2.835708E+15 -1.182694E-02
     43  2.3858364164493280E-02  1.0678684733360462E+09  2.0422681613144162E+09  1.643824E+18  4.011654E+17  0.000000E+00  4.011654E+17  4.999999E-01 -1.739275E-12 -4.726277E+15 -1.178137E-02
     44  3.3858363940975862E-02  1.0988882164750476E+09  2.0413853241641204E+09  1.649126E+18  6.816052E+17  0.000000E+00  6.816052E+17  4.999996E-01 -1.739275E-12 -8.361219E+15 -1.226695E-02
     45  4.3858363717458444E-02  1.1320314226608768E+09  2.0405148112674878E+09  1.657996E+18  1.121376E+18  0.000000E+00  1.121376E+18  4.999987E-01 -2.303909E-08 -1.428784E+16 -1.274135E-02
     46  4.4858363695106700E-02  1.1354567435547462E+09  2.0403789973448009E+09  1.659144E+18  1.174621E+18  0.000000E+00  1.174621E+18  4.999986E-01 -2.303909E-08 -1.505122E+16 -1.281369E-02
     47  4.5777623531449291E-02  1.1386237774931328E+09  2.0402455394763446E+09  1.660247E+18  1.224945E+18  0.000000E+00  1.224945E+18  4.999984E-01 -2.303909E-08 -1.575576E+16 -1.286242E-02
     48  4.7616143204134473E-02  1.1450108010082710E+09  2.0399647520921395E+09  1.662594E+18  1.329439E+18  0.000000E+00  1.329439E+18  4.999981E-01 -2.303909E-08 -1.723053E+16 -1.296075E-02
     49  5.1293182549504837E-02  1.1580238195350556E+09  2.0394530251149557E+09  1.667889E+18  1.554162E+18  0.000000E+00  1.554162E+18  4.999973E-01 -2.303909E-08 -2.042543E+16 -1.314240E-02
     50  5.8647261240245566E-02  1.1850568944085524E+09  2.0385470569492095E+09  1.681100E+18  2.039765E+18  0.000000E+00  2.039765E+18  4.999948E-01 -2.303909E-08 -2.764089E+16 -1.355102E-02
     51  6.8647261016728148E-02  1.2239248879845943E+09  2.0373044089941101E+09  1.704585E+18  2.632764E+18  0.000000E+00  2.632764E+18  4.999888E-01 -2.303909E-08 -3.799462E+16 -1.443146E-02
     52  6.9647260994376403E-02  1.2279315034895399E+09  2.0371865156202917E+09  1.707233E+18  2.670292E+18  0.000000E+00  2.670292E+18  4.999880E-01 -2.303909E-08 -3.801017E+16 -1.423446E-02
     53  7.0729775157201358E-02  1.2323006767025731E+09  2.0370805698098545E+09  1.710149E+18  2.716839E+18  0.000000E+00  2.716839E+18  4.999871E-01 -2.303909E-08 -3.885916E+16 -1.430307E-02
     54  7.2894803482851253E-02  1.2411509252103515E+09  2.0369393915192657E+09  1.716124E+18  2.800612E+18  0.000000E+00  2.800612E+18  4.999852E-01 -2.303909E-08 -4.040766E+16 -1.442815E-02
     55  7.7224860134151044E-02  1.2592602724377067E+09  2.0367954245134063E+09  1.728542E+18  2.930607E+18  0.000000E+00  2.930607E+18  4.999810E-01 -2.303909E-08 -4.315905E+16 -1.472700E-02
     56  8.4497042125751237E-02  1.2906770942312837E+09  2.0364616434501710E+09  1.750120E+18  2.808087E+18  0.000000E+00  2.808087E+18  4.999733E-01 -2.303909E-08 -3.139498E+16 -1.118020E-02
     57  9.1288602009248571E-02  1.3209247885376294E+09  2.0362875080243568E+09  1.769808E+18  2.911160E+18  0.000000E+00  2.911160E+18  4.999657E-01 -2.303909E-08 -4.956128E+16 -1.702458E-02
     58  9.2288601986896826E-02  1.3254337591719837E+09  2.0362813918280380E+09  1.772574E+18  2.743803E+18  0.000000E+00  2.743803E+18  4.999646E-01 -2.303909E-08 -4.066887E+16 -1.482208E-02
     59  9.3168770831300027E-02  1.3294125056309097E+09  2.0362828817279229E+09  1.774969E+18  2.698462E+18  0.000000E+00  2.698462E+18  4.999636E-01 -2.303909E-08 -4.001443E+16 -1.482861E-02
     60  9.4929108520106428E-02  1.3373925638881338E+09  2.0362918752821848E+09  1.779635E+18  2.601486E+18  0.000000E+00  2.601486E+18  4.999617E-01 -2.303909E-08 -3.864742E+16 -1.485590E-02
     61  9.8449783897719231E-02  1.3533904217227354E+09  2.0362088782925611E+09  1.788400E+18  2.371792E+18  0.000000E+00  2.371792E+18  4.999579E-01 -2.303909E-08 -3.529479E+16 -1.488106E-02
     62  1.0549113465294482E-01  1.3851281041373711E+09  2.0349600263807962E+09  1.803242E+18  1.832017E+18  0.000000E+00  1.832017E+18  4.999508E-01 -2.303909E-08 -2.640897E+16 -1.441524E-02
     63  1.1549113442942741E-01  1.4311460508469245E+09  2.0350160131570928E+09  1.818045E+18  1.151286E+18  0.000000E+00  1.151286E+18  4.999424E-01 -2.303909E-08 -1.828633E+16 -1.588340E-02
     64  1.2549113420590999E-01  1.4765049419243584E+09  2.0361778851583869E+09  1.826929E+18  7.005232E+17  0.000000E+00  7.005232E+17  4.999360E-01 -2.303909E-08 -1.451306E+16 -2.071746E-02
     65  1.3549113398239257E-01  1.5208512123242931E+09  2.0385226278326142E+09  1.831894E+18  3.092850E+17  0.000000E+00  3.092850E+17  4.999310E-01 -6.088902E-08 -5.926619E+13 -1.916232E-04
     66  1.4549113375887515E-01  1.5643137643899934E+09  2.0386721340891969E+09  1.834627E+18  1.965820E+17  0.000000E+00  1.965820E+17  4.999269E-01 -1.007459E-07 -2.821403E+15 -1.435230E-02
     67  1.5549113353535773E-01  1.6317235835917125E+09  2.0381689265624757E+09  1.836231E+18  1.262420E+17  0.000000E+00  1.262420E+17  4.999234E-01 -1.009261E-07 -7.218656E+14 -5.718108E-03
     68  1.5649113351300600E-01  1.6409841707913291E+09  2.0380244521347830E+09  1.836369E+18  1.362979E+17  0.000000E+00  1.362979E+17  4.999231E-01 -1.039693E-07 -2.231929E+15 -1.637537E-02
     69  1.5780835928507464E-01  1.6532654656162701E+09  2.0378185388270690E+09  1.836545E+18  1.301186E+17  0.000000E+00  1.301186E+17  4.999227E-01 -1.039693E-07 -2.122585E+15 -1.631270E-02
     70  1.6044281082921191E-01  1.6781570023637767E+09  2.0374436261295948E+09  1.836869E+18  1.159697E+17  0.000000E+00  1.159697E+17  4.999219E-01 -1.039693E-07 -1.901059E+15 -1.639272E-02
     71  1.6571171391748646E-01  1.7294344273557270E+09  2.0368963652508121E+09  1.837402E+18  8.604887E+16  0.000000E+00  8.604887E+16  4.999204E-01 -1.039693E-07 -1.403424E+15 -1.630961E-02
     72  1.6671171389513473E-01  1.7393757153852649E+09  2.0367830174741826E+09  1.837486E+18  8.126684E+16  0.000000E+00  8.126684E+16  4.999201E-01 -1.039693E-07 -1.344013E+15 -1.653828E-02
     73  1.6831646540939993E-01  1.7554615401274841E+09  2.0366007019341502E+09  1.837610E+18  7.335598E+16  0.000000E+00  7.335598E+16  4.999196E-01 -1.039693E-07 -1.213748E+15 -1.654600E-02
     74  1.7152596843793033E-01  1.7881518914942873E+09  2.0362925098921287E+09  1.837823E+18  5.951256E+16  0.000000E+00  5.951256E+16  4.999188E-01 -1.039693E-07 -9.819972E+14 -1.650067E-02
     75  1.7794497449499114E-01  1.8552727889828250E+09  2.0354601579356081E+09  1.838138E+18  3.992332E+16  0.000000E+00  3.992332E+16  4.999172E-01 -1.039693E-07 -6.244428E+14 -1.564105E-02
     76  1.8794497427147372E-01  1.9662611864396477E+09  2.0341579597206123E+09  1.838466E+18  2.733391E+16  0.000000E+00  2.733391E+16  4.999149E-01 -6.679836E-07 -2.365279E+14 -8.653278E-03
     77  1.8888111470933028E-01  1.9772498905735171E+09  2.0340653360994489E+09  1.838493E+18  2.902813E+16  0.000000E+00  2.902813E+16  4.999147E-01 -6.680454E-07 -3.633672E+14 -1.251776E-02
     78  1.9039775574615164E-01  1.9952874457465873E+09  2.0338910987530894E+09  1.838538E+18  2.986473E+16  0.000000E+00  2.986473E+16  4.999144E-01 -6.680454E-07 -3.416156E+14 -1.143877E-02
     79  1.9070108395351593E-01  1.9989148476060491E+09  2.0338529319667346E+09  1.838547E+18  3.013911E+16  0.000000E+00  3.013911E+16  4.999143E-01 -6.680454E-07 -3.372136E+14 -1.118857E-02
     80  1.9076174959498879E-01  1.9996460689268978E+09  2.0338441437697489E+09  1.838549E+18  3.020129E+16  0.000000E+00  3.020129E+16  4.999143E-01 -6.680454E-07 -3.364705E+14 -1.114093E-02
     81  1.9081874527898929E-01  2.0003330551406045E+09  2.0338358872132175E+09  1.838551E+18  3.016986E+16  0.000000E+00  3.016986E+16  4.999143E-01 -6.680454E-07 -3.358875E+14 -1.113321E-02
     82  1.9093273664699029E-01  2.0017070275680175E+09  2.0338193741001546E+09  1.838554E+18  3.026535E+16  0.000000E+00  3.026535E+16  4.999142E-01 -6.680454E-07 -3.344888E+14 -1.105187E-02
     83  1.9116071938299228E-01  2.0044549724228439E+09  2.0337863478740292E+09  1.838561E+18  3.053280E+16  0.000000E+00  3.053280E+16  4.999142E-01 -6.680454E-07 -3.319555E+14 -1.087210E-02
     84  1.9161668485499625E-01  2.0099538580436950E+09  2.0337197568272777E+09  1.838575E+18  3.114599E+16  0.000000E+00  3.114599E+16  4.999141E-01 -6.680454E-07 -3.272703E+14 -1.050762E-02
     85  1.9252861579900418E-01  2.0210427309738681E+09  2.0335704582164745E+09  1.838604E+18  3.276040E+16  0.000000E+00  3.276040E+16  4.999139E-01 -6.680454E-07 -3.201456E+14 -9.772334E-03
     86  1.9435247768702008E-01  2.0435492555882173E+09  2.0332355747312529E+09  1.838668E+18  3.795985E+16  0.000000E+00  3.795985E+16  4.999135E-01 -6.680454E-07 -3.184914E+14 -8.390218E-03
     87  1.9800020146305183E-01  2.0901885246079497E+09  2.0324812719689288E+09  1.838842E+18  6.123249E+16  0.000000E+00  6.123249E+16  4.999128E-01 -6.680454E-07 -3.943190E+14 -6.439702E-03
     88  1.9872974621825817E-01  2.0998077327352705E+09  2.0323123232137740E+09  1.838890E+18  6.914918E+16  0.000000E+00  6.914918E+16  4.999127E-01 -6.680454E-07 -4.417067E+14 -6.387736E-03
     89  2.0018883572867088E-01  2.1194446772001424E+09  2.0319477376640270E+09  1.839005E+18  8.951515E+16  0.000000E+00  8.951515E+16  4.999124E-01 -6.680454E-07 -5.557325E+14 -6.208250E-03
     90  2.0310701474949630E-01  2.1601503040109701E+09  2.0311640864835863E+09  1.839353E+18  1.561200E+17  0.000000E+00  1.561200E+17  4.999118E-01 -6.680454E-07 -9.417918E+14 -6.032485E-03
     91  2.0894337279114711E-01  2.2450096716100245E+09  2.0296637065856791E+09  1.841050E+18  4.656327E+17  0.000000E+00  4.656327E+17  4.999107E-01 -7.326149E-07 -1.708044E+15 -3.668223E-03
     92  2.0982448095784745E-01  2.2579912716301737E+09  2.0294327619947498E+09  1.841515E+18  5.715119E+17  0.000000E+00  5.715119E+17  4.999105E-01 -7.356257E-07 -3.453955E+15 -6.043540E-03
     93  2.1117136317818927E-01  2.2778478604898314E+09  2.0290766892927449E+09  1.842390E+18  7.341704E+17  0.000000E+00  7.341704E+17  4.999102E-01 -7.356257E-07 -4.492269E+15 -6.118837E-03
     94  2.1386512761887291E-01  2.3176941583143339E+09  2.0283012863951170E+09  1.844934E+18  1.191748E+18  0.000000E+00  1.191748E+18  4.999095E-01 -7.356257E-07 -7.613429E+15 -6.388454E-03
     95  2.1437560610189141E-01  2.3252640836171165E+09  2.0281370680565057E+09  1.845568E+18  1.297445E+18  0.000000E+00  1.297445E+18  4.999094E-01 -7.356257E-07 -8.211153E+15 -6.328712E-03
     96  2.1518966964213895E-01  2.3373365697913780E+09  2.0278703544349968E+09  1.846701E+18  1.490763E+18  0.000000E+00  1.490763E+18  4.999091E-01 -7.356257E-07 -9.579426E+15 -6.425852E-03
     97  2.1681779672263404E-01  2.3614955617464385E+09  2.0273219148569393E+09  1.849489E+18  1.954927E+18  0.000000E+00  1.954927E+18  4.999086E-01 -7.356257E-07 -1.310672E+16 -6.704453E-03
     98  2.2007405088362425E-01  2.4100480937681937E+09  2.0261979882775438E+09  1.857798E+18  3.211155E+18  0.000000E+00  3.211155E+18  4.999070E-01 -7.356257E-07 -2.316538E+16 -7.214033E-03
     99  2.2056568825147299E-01  2.4182997714532452E+09  2.0259595587934995E+09  1.859459E+18  3.518838E+18  0.000000E+00  3.518838E+18  4.999068E-01 -7.356257E-07 -2.669151E+16 -7.585319E-03
    100  2.2154896298717044E-01  2.4350540107620287E+09  2.0254596040596492E+09  1.863217E+18  4.144703E+18  0.000000E+00  4.144703E+18  4.999061E-01 -7.356257E-07 -3.298607E+16 -7.958608E-03
    101  2.2351551245856538E-01  2.4688371106021976E+09  2.0244353276148527E+09  1.872782E+18  5.650911E+18  0.000000E+00  5.650911E+18  4.999047E-01 -7.356257E-07 -5.055955E+16 -8.947151E-03
    102  2.2529947295263544E-01  2.4991134549928684E+09  2.0235070159523952E+09  1.884230E+18  7.243836E+18  0.000000E+00  7.243836E+18  4.999030E-01 -7.356257E-07 -7.249846E+16 -1.000830E-02
    103  2.2863870763083949E-01  2.5542089990651727E+09  2.0214629389607568E+09  1.913753E+18  1.052197E+19  0.000000E+00  1.052197E+19  4.998991E-01 -7.356257E-07 -1.362928E+17 -1.295317E-02
    104  2.3345666091148778E-01  2.6362669087663016E+09  2.0184341900823650E+09  1.976743E+18  1.538243E+19  0.000000E+00  1.538243E+19  4.998918E-01 -7.356259E-07 -2.330477E+17 -1.515025E-02
    105  2.3824607697146041E-01  2.7204592360704913E+09  2.0151411680303812E+09  2.056955E+18  1.734353E+19  0.000000E+00  1.734353E+19  4.998853E-01 -7.356327E-07 -2.875493E+17 -1.657963E-02
    106  2.3870179229377250E-01  2.7285757730154424E+09  2.0148396664503391E+09  2.064779E+18  1.708628E+19  0.000000E+00  1.708628E+19  4.998848E-01 -7.356382E-07 -3.182509E+17 -1.862611E-02
    107  2.3947670038909263E-01  2.7424263292745633E+09  2.0143220530312650E+09  2.077925E+18  1.679048E+19  0.000000E+00  1.679048E+19  4.998840E-01 -7.356382E-07 -3.177621E+17 -1.892514E-02
    108  2.4102651657973287E-01  2.7702380337137742E+09  2.0132338710421603E+09  2.103234E+18  1.573015E+19  0.000000E+00  1.573015E+19  4.998826E-01 -7.356382E-07 -3.056943E+17 -1.943366E-02
    109  2.4398409520249098E-01  2.8233560019284220E+09  2.0109439125597770E+09  2.145652E+18  1.249842E+19  0.000000E+00  1.249842E+19  4.998803E-01 -7.356382E-07 -2.357994E+17 -1.886634E-02
    110  2.4439504841564347E-01  2.8307052536138916E+09  2.0106263475046694E+09  2.150787E+18  1.225467E+19  0.000000E+00  1.225467E+19  4.998800E-01 -7.356382E-07 -2.506225E+17 -2.045119E-02
    111  2.4518474909443813E-01  2.8448095618444991E+09  2.0100238486157999E+09  2.160098E+18  1.131071E+19  0.000000E+00  1.131071E+19  4.998794E-01 -7.356382E-07 -2.346929E+17 -2.074962E-02
    112  2.4607992564286937E-01  2.8607648808311105E+09  2.0093573094756377E+09  2.169771E+18  1.026851E+19  0.000000E+00  1.026851E+19  4.998788E-01 -7.356382E-07 -2.161157E+17 -2.104645E-02
    113  2.4787027873973186E-01  2.8924861560161772E+09  2.0080623073233161E+09  2.186408E+18  8.225183E+18  0.000000E+00  8.225183E+18  4.998777E-01 -7.356382E-07 -1.795647E+17 -2.183108E-02
    114  2.5072036819912658E-01  2.9425548533023500E+09  2.0060426820527902E+09  2.206306E+18  5.833609E+18  0.000000E+00  5.833609E+18  4.998758E-01 -7.356382E-07 -1.236154E+17 -2.119021E-02
    115  2.5345112066462766E-01  2.9900462545130987E+09  2.0040257404340858E+09  2.219386E+18  3.969349E+18  0.000000E+00  3.969349E+18  4.998739E-01 -7.452654E-07 -8.280750E+16 -2.086173E-02
    116  2.5596485911319139E-01  3.0335113565377393E+09  2.0021363367719660E+09  2.227691E+18  2.752256E+18  0.000000E+00  2.752256E+18  4.998721E-01 -7.452651E-07 -6.730403E+16 -2.445413E-02
    117  2.5633354800366276E-01  3.0398774625480847E+09  2.0018608096006405E+09  2.228677E+18  2.604521E+18  0.000000E+00  2.604521E+18  4.998719E-01 -7.452651E-07 -6.087593E+16 -2.337317E-02
    118  2.5703964917841837E-01  3.0520563350732474E+09  2.0013320475484195E+09  2.230425E+18  2.355799E+18  0.000000E+00  2.355799E+18  4.998714E-01 -7.452651E-07 -5.543710E+16 -2.353218E-02
    119  2.5845185152792960E-01  3.0763666371805253E+09  2.0002636414445579E+09  2.233434E+18  1.938112E+18  0.000000E+00  1.938112E+18  4.998703E-01 -7.452651E-07 -4.745295E+16 -2.448411E-02
    120  2.6074606859108823E-01  3.1157981592997737E+09  1.9984327683454618E+09  2.237200E+18  1.010918E+18  0.000000E+00  1.010918E+18  4.998684E-01 -7.452651E-07  2.625561E+16  2.597203E-02
    121  2.6107500738241063E-01  3.1214498547639618E+09  1.9981596528392482E+09  2.237647E+18  1.320489E+18  0.000000E+00  1.320489E+18  4.998681E-01 -7.452651E-07 -3.026178E+16 -2.291710E-02
    122  2.6161758451386968E-01  3.1307749090618091E+09  1.9976955178736401E+09  2.238341E+18  1.232874E+18  0.000000E+00  1.232874E+18  4.998676E-01 -7.452651E-07 -2.932740E+16 -2.378784E-02
    123  2.6270273877678774E-01  3.1494354840559316E+09  1.9967522819014940E+09  2.239583E+18  1.061842E+18  0.000000E+00  1.061842E+18  4.998666E-01 -7.452651E-07 -2.564456E+16 -2.415100E-02
    124  2.6473156692378474E-01  3.1844029931007710E+09  1.9949668228746343E+09  2.241466E+18  6.099711E+17  0.000000E+00  6.099711E+17  4.998647E-01 -7.452651E-07  1.063278E+16  1.743161E-02
    125  2.6503959569991886E-01  3.1897280107702746E+09  1.9946999447580857E+09  2.241710E+18  7.726253E+17  0.000000E+00  7.726253E+17  4.998644E-01 -7.452651E-07 -1.798149E+16 -2.327324E-02
    126  2.6545920959205049E-01  3.1969820453381271E+09  1.9943363885779936E+09  2.242026E+18  7.338910E+17  0.000000E+00  7.338910E+17  4.998639E-01 -7.452651E-07 -1.739442E+16 -2.370164E-02
    127  2.6629843737631381E-01  3.2115215024534917E+09  1.9936225547301333E+09  2.242608E+18  6.641943E+17  0.000000E+00  6.641943E+17  4.998631E-01 -7.452651E-07 -1.684116E+16 -2.535577E-02
    128  2.6797689294484039E-01  3.2408058052966914E+09  1.9922266517490566E+09  2.243598E+18  4.854053E+17  0.000000E+00  4.854053E+17  4.998613E-01 -7.452651E-07 -7.989996E+15 -1.646046E-02
    129  2.7080772801195535E-01  3.2910249589766369E+09  1.9898467236496351E+09  2.244855E+18  2.327993E+17  0.000000E+00  2.327993E+17  4.998581E-01 -7.452651E-07  3.450189E+16  1.482044E-01
    130  2.7464992084839535E-01  3.3607600307235827E+09  1.9863759187042835E+09  2.245972E+18  1.926060E+18  0.000000E+00  1.926060E+18  4.998533E-01 -7.452651E-07 -2.603045E+17 -1.351487E-01
    131  2.7499643724563494E-01  3.3673036822493424E+09  1.9860559256088927E+09  2.246047E+18  2.338700E+17  0.000000E+00  2.338700E+17  4.998529E-01 -7.452651E-07 -8.401352E+15 -3.592317E-02
    132  2.7553049441394667E-01  3.3807536047006893E+09  1.9854020413725359E+09  2.246156E+18  2.170439E+17  0.000000E+00  2.170439E+17  4.998522E-01 -7.452651E-07 -7.695497E+15 -3.545594E-02
    133  2.7659860875057019E-01  3.4115443126361675E+09  1.9839063612535667E+09  2.246360E+18  2.290008E+17  0.000000E+00  2.290008E+17  4.998507E-01 -7.452651E-07 -1.436505E+16 -6.272926E-02
    134  2.7848851795575108E-01  3.4646089439235573E+09  1.9812461375056064E+09  2.246661E+18 -4.193911E+17  0.000000E+00 -4.193911E+17  4.998480E-01 -7.452651E-07  9.136407E+16 -2.178493E-01
    135  2.8116606016140855E-01  3.5363127989649520E+09  1.9772386696506987E+09  2.246960E+18  1.522793E+18  0.000000E+00  1.522793E+18  4.998437E-01 -7.452651E-07 -3.122883E+17 -2.050760E-01
    136  2.8366449669502952E-01  3.5986949384178548E+09  1.9734906910772309E+09  2.247144E+18  2.293254E+18  0.000000E+00  2.293254E+18  4.998393E-01 -7.452651E-07 -4.955519E+17 -2.160911E-01
    137  2.8596363362020177E-01  3.6522547394621525E+09  1.9703099185763865E+09  2.247262E+18  2.345779E+18  0.000000E+00  2.345779E+18  4.998349E-01 -7.452651E-07 -3.234005E+17 -1.378649E-01
    138  2.8797439832136329E-01  3.6968874045705228E+09  1.9676748540630493E+09  2.247339E+18 -1.536693E+18  0.000000E+00 -1.536693E+18  4.998308E-01 -7.452651E-07  2.237991E+17 -1.456369E-01
    139  2.8990473481336737E-01  3.7374210891430564E+09  1.9650410957395692E+09  2.247399E+18 -8.731409E+17  0.000000E+00 -8.731409E+17  4.998266E-01 -7.452651E-07  2.719087E+16 -3.114145E-02
    140  2.9017000633744877E-01  3.7428105122788086E+09  1.9646711031940300E+09  2.247406E+18  1.180162E+16  0.000000E+00  1.180162E+16  4.998260E-01 -7.452651E-07 -3.365816E+14 -2.851995E-02
    141  2.9055540492971210E-01  3.7505224837404752E+09  1.9641303106165993E+09  2.247417E+18  4.092756E+16  0.000000E+00  4.092756E+16  4.998251E-01 -7.452651E-07 -4.318203E+15 -1.055084E-01
    142  2.9132620211423882E-01  3.7657298027115068E+09  1.9630483359640913E+09  2.247438E+18  1.044651E+17  0.000000E+00  1.044651E+17  4.998233E-01 -7.452651E-07 -2.713981E+16 -2.597978E-01
    143  2.9286779648329225E-01  3.7950359823175631E+09  1.9608881891159785E+09  2.247478E+18  1.547243E+18  0.000000E+00  1.547243E+18  4.998195E-01 -7.452651E-07 -1.194509E+17 -7.720244E-02
    144  2.9529097415543076E-01  3.8379495860451441E+09  1.9574530591193142E+09  2.247544E+18 -3.673256E+18  0.000000E+00 -3.673256E+18  4.998133E-01 -7.452651E-07  4.681935E+17 -1.274601E-01
    145  2.9764649114988800E-01  3.8756975514454107E+09  1.9539692159263961E+09  2.247616E+18  1.356056E+18  0.000000E+00  1.356056E+18  4.998069E-01 -7.452651E-07 -2.684017E+17 -1.979282E-01
    146  2.9797552257606991E-01  3.8806759821324549E+09  1.9534786348888052E+09  2.247627E+18 -7.442940E+15  0.000000E+00 -7.442940E+15  4.998060E-01 -7.452651E-07  3.662840E+15 -4.921228E-01
    147  2.9840462747822000E-01  3.8870233342547798E+09  1.9528402570711186E+09  2.247642E+18  2.483921E+16  0.000000E+00  2.483921E+16  4.998047E-01 -7.452651E-07 -3.454445E+15 -1.390723E-01
    148  2.9926283728252023E-01  3.8994223562137632E+09  1.9515755113074868E+09  2.247673E+18  9.754082E+16  0.000000E+00  9.754082E+16  4.998023E-01 -7.452651E-07 -4.036855E+16 -4.138631E-01
    149  3.0097925689112071E-01  3.9230705301669354E+09  1.9491354364735463E+09  2.247741E+18 -1.314778E+17  0.000000E+00 -1.314778E+17  4.997971E-01 -7.452651E-07  7.110161E+16 -5.407881E-01
    150  3.0371711946048491E-01  3.9576155916484880E+09  1.9455260838464096E+09  2.247870E+18 -7.823952E+18  0.000000E+00 -7.823952E+18  4.997886E-01 -7.452651E-07 -2.404730E+17  3.073549E-02
    151  3.0398915799231280E-01  3.9608261800145588E+09  1.9451781779684615E+09  2.247884E+18 -2.228069E+17  0.000000E+00 -2.228069E+17  4.997877E-01 -7.452651E-07  1.715987E+16 -7.701674E-02
    152  3.0436744118259679E-01  3.9652082059939489E+09  1.9446953712504754E+09  2.247904E+18  1.075528E+16  0.000000E+00  1.075528E+16  4.997865E-01 -7.452651E-07  7.297273E+14  6.784831E-02
    153  3.0512400756316477E-01  3.9808482565778556E+09  1.9434079213926713E+09  2.247944E+18 -3.882589E+18  0.000000E+00 -3.882589E+18  4.997840E-01 -7.452651E-07  3.574797E+17 -9.207250E-02
    154  3.0640758816895491E-01  4.0258434746911025E+09  1.9403488773693113E+09  2.248020E+18 -5.232160E+18  0.000000E+00 -5.232160E+18  4.997795E-01 -7.452651E-07  7.190401E+17 -1.374270E-01
    155  3.0652831407476078E-01  4.0304321398363676E+09  1.9400400853698094E+09  2.248029E+18  1.342805E+17  0.000000E+00  1.342805E+17  4.997790E-01 -7.452651E-07 -6.517216E+15 -4.853434E-02
    156  3.0671073289544082E-01  4.0373553024215574E+09  1.9395735279707987E+09  2.248042E+18 -2.927427E+16  0.000000E+00 -2.927427E+16  4.997784E-01 -7.452651E-07 -5.220758E+15  1.783394E-01
    157  3.0707557053680096E-01  4.0512016275919385E+09  1.9386404131727777E+09  2.248070E+18 -5.481108E+17  0.000000E+00 -5.481108E+17  4.997770E-01 -7.452651E-07 -3.066145E+16  5.594023E-02
    158  3.0778530359333334E-01  4.0777093511050854E+09  1.9368265665169337E+09  2.248131E+18  5.656659E+18  0.000000E+00  5.656659E+18  4.997742E-01 -7.452651E-07  3.826638E+16  6.764838E-03
    159  3.0887232907498297E-01  4.1174188195566244E+09  1.9340514163098888E+09  2.248252E+18 -1.274605E+19  0.000000E+00 -1.274605E+19  4.997697E-01 -7.452651E-07  1.064668E+18 -8.352925E-02
    160  3.0992076867267648E-01  4.1545185844241157E+09  1.9313801263995445E+09  2.248404E+18 -2.165579E+19  0.000000E+00 -2.165579E+19  4.997651E-01 -7.452651E-07  1.655668E+18 -7.645381E-02
    161  3.1093307661236430E-01  4.1890555860948834E+09  1.9288122591589279E+09  2.248592E+18 -1.460402E+19  0.000000E+00 -1.460402E+19  4.997602E-01 -7.452651E-07  5.960404E+17 -4.081346E-02
    162  3.1190522413541794E-01  4.2210548977381830E+09  1.9263620058253753E+09  2.248820E+18 -8.770573E+19  0.000000E+00 -8.770573E+19  4.997552E-01 -7.452651E-07 -1.240930E+18  1.414879E-02
    163  3.1274685396197338E-01  4.2478093475152745E+09  1.9242572525547080E+09  2.249064E+18  3.328228E+19  0.000000E+00  3.328228E+19  4.997506E-01 -7.452651E-07 -9.371959E+17 -2.815901E-02
    164  3.1391576129213633E-01  4.2834694107298088E+09  1.9213676972988110E+09  2.249496E+18  5.561046E+19  0.000000E+00  5.561046E+19  4.997437E-01 -7.452651E-07 -4.673187E+18 -8.403431E-02
    165  3.1498551360310262E-01  4.3145009868249979E+09  1.9187695145342107E+09  2.250007E+18 -4.733999E+19  0.000000E+00 -4.733999E+19  4.997367E-01 -7.452651E-07 -3.964277E+18  8.374055E-02
    166  3.1595452626061882E-01  4.3410549117004671E+09  1.9164823460576026E+09  2.250585E+18  4.597883E+19  0.000000E+00  4.597883E+19  4.997299E-01 -7.452646E-07 -2.933267E+18 -6.379603E-02
    167  3.1608777666591370E-01  4.3445246587582130E+09  1.9161783608488820E+09  2.250674E+18  7.903474E+17  0.000000E+00  7.903474E+17  4.997289E-01 -7.452646E-07 -1.109996E+16 -1.404440E-02
    168  3.1628967203810382E-01  4.3497818725886631E+09  1.9157177753315685E+09  2.250813E+18  7.806881E+17  0.000000E+00  7.806881E+17  4.997274E-01 -7.452646E-07 -9.275854E+16 -1.188164E-01
    169  3.1669346278248411E-01  4.3602963002495632E+09  1.9147966042969418E+09  2.251107E+18 -3.353964E+17  0.000000E+00 -3.353964E+17  4.997243E-01 -7.452646E-07 -3.695142E+17  1.101724E+00
    170  3.1750104427124470E-01  4.3802557748369322E+09  1.9130226376583371E+09  2.251765E+18  7.767977E+19  0.000000E+00  7.767977E+19  4.997177E-01 -7.452646E-07 -3.367817E+18 -4.335514E-02
    171  3.1762243848445787E-01  4.3832380713957424E+09  1.9127571275310311E+09  2.251872E+18  1.695775E+18  0.000000E+00  1.695775E+18  4.997167E-01 -7.452646E-07 -3.101615E+16 -1.829026E-02
    172  3.1782103505138304E-01  4.3878397180987768E+09  1.9123401720931916E+09  2.252051E+18  6.333130E+17  0.000000E+00  6.333130E+17  4.997150E-01 -7.452646E-07 -5.278887E+16 -8.335353E-02
    173  3.1821822818523338E-01  4.3969756803264103E+09  1.9115104886917839E+09  2.252427E+18 -2.287429E+18  0.000000E+00 -2.287429E+18  4.997115E-01 -7.452646E-07 -9.055648E+16  3.958877E-02
    174  3.1901261445293405E-01  4.4144341795115223E+09  1.9098951283122594E+09  2.253246E+18  1.748387E+20  0.000000E+00  1.748387E+20  4.997040E-01 -7.452646E-07 -6.344498E+18 -3.628772E-02
    175  3.1913557045730345E-01  4.4170615565196390E+09  1.9096491514428959E+09  2.253381E+18  1.541546E+18  0.000000E+00  1.541546E+18  4.997028E-01 -7.452646E-07  2.927882E+16  1.899315E-02
    176  3.1932912562572768E-01  4.4211975269582376E+09  1.9092619390035985E+09  2.253598E+18  8.225955E+17  0.000000E+00  8.225955E+17  4.997008E-01 -7.452646E-07 -7.362716E+16 -8.950592E-02
    177  3.1971623596257609E-01  4.4289163744720888E+09  1.9085101324152727E+09  2.254047E+18 -7.837105E+18  0.000000E+00 -7.837105E+18  4.996968E-01 -7.452646E-07  3.147637E+17 -4.016326E-02
    178  3.2049045663627290E-01  4.4437762754445934E+09  1.9070247018772271E+09  2.255006E+18  2.536202E+20  0.000000E+00  2.536202E+20  4.996883E-01 -7.452646E-07 -8.270317E+18 -3.260907E-02
    179  3.2061156340746538E-01  4.4459581532491035E+09  1.9067961604305849E+09  2.255163E+18  2.067510E+18  0.000000E+00  2.067510E+18  4.996869E-01 -7.452646E-07  3.301226E+16  1.596716E-02
    180  3.2080038757810270E-01  4.4493600379068470E+09  1.9064398289992905E+09  2.255411E+18  8.016982E+17  0.000000E+00  8.016982E+17  4.996847E-01 -7.452646E-07 -7.379249E+16 -9.204522E-02
    181  3.2117803591937738E-01  4.4560923196342106E+09  1.9057281646019819E+09  2.255922E+18 -5.901340E+18  0.000000E+00 -5.901340E+18  4.996801E-01 -7.452646E-07  1.979569E+17 -3.354439E-02
    182  3.2154573345954468E-01  4.4620931280473166E+09  1.9050429909696605E+09  2.256436E+18 -9.700452E+18  0.000000E+00 -9.700452E+18  4.996755E-01 -7.452646E-07  2.839762E+17 -2.927453E-02
    183  3.2228112853987928E-01  4.4736327320454741E+09  1.9036746139251251E+09  2.257509E+18  8.425799E+19  0.000000E+00  8.425799E+19  4.996657E-01 -7.452646E-07 -3.733953E+17 -4.431572E-03
    184  3.2340156583648083E-01  4.4890919753384886E+09  1.9015943055298762E+09  2.259250E+18  5.609066E+20  0.000000E+00  5.609066E+20  4.996491E-01 -7.452646E-07 -3.708683E+19 -6.611943E-02
    185  3.2356131707045094E-01  4.4911436042461948E+09  1.9012975825662606E+09  2.259508E+18  3.600547E+18  0.000000E+00  3.600547E+18  4.996466E-01 -7.452646E-07 -3.516501E+16 -9.766573E-03
    186  3.2379595664819244E-01  4.4941052689104462E+09  1.9008618345647628E+09  2.259890E+18  6.355831E+17  0.000000E+00  6.355831E+17  4.996428E-01 -7.452646E-07 -1.338152E+17 -2.105392E-01
    187  3.2426523580367539E-01  4.4992867172997952E+09  1.8999913862346842E+09  2.260667E+18 -1.090135E+19  0.000000E+00 -1.090135E+19  4.996349E-01 -7.452646E-07  3.426478E+17 -3.143169E-02
    188  3.2435909163477200E-01  4.5003230069776659E+09  1.8998172965686686E+09  2.260824E+18  1.326150E+18  0.000000E+00  1.326150E+18  4.996333E-01 -7.452646E-07 -8.632253E+16 -6.509260E-02
    189  3.2450042121367767E-01  4.5018834681880827E+09  1.8995551496258271E+09  2.261061E+18  1.554053E+18  0.000000E+00  1.554053E+18  4.996308E-01 -7.452646E-07 -1.004548E+17 -6.464055E-02
    190  3.2478308037148906E-01  4.5047517068350792E+09  1.8990321810685718E+09  2.261541E+18  1.324294E+18  0.000000E+00  1.324294E+18  4.996258E-01 -7.452646E-07 -4.351620E+17 -3.285992E-01
    191  3.2534839868711180E-01  4.5099452148503485E+09  1.8979890918322997E+09  2.262511E+18 -1.292943E+19  0.000000E+00 -1.292943E+19  4.996153E-01 -7.452646E-07  4.377664E+17 -3.385814E-02
    192  3.2546146235023632E-01  4.5109839164534016E+09  1.8977804739850454E+09  2.262707E+18  1.276786E+18  0.000000E+00  1.276786E+18  4.996131E-01 -7.452646E-07 -8.768284E+16 -6.867464E-02
    193  3.2564462497288582E-01  4.5124439238261461E+09  1.8974442581575630E+09  2.263026E+18  1.566815E+18  0.000000E+00  1.566815E+18  4.996095E-01 -7.452646E-07 -7.930858E+16 -5.061771E-02
    194  3.2601095021818477E-01  4.5151091833277130E+09  1.8967738218324802E+09  2.263666E+18 -2.558952E+16  0.000000E+00 -2.558952E+16  4.996022E-01 -7.452646E-07 -7.037102E+16  2.749994E+00
    195  3.2608421526724457E-01  4.5156422352280264E+09  1.8966397345674636E+09  2.263794E+18  1.717656E+18  0.000000E+00  1.717656E+18  4.996007E-01 -7.452646E-07 -9.511428E+16 -5.537448E-02
    196  3.2620758702141289E-01  4.5165398466928158E+09  1.8964139436711354E+09  2.264010E+18  1.756027E+18  0.000000E+00  1.756027E+18  4.995982E-01 -7.452646E-07 -1.031871E+17 -5.876169E-02
    197  3.2645433052974954E-01  4.5189338250154877E+09  1.8959308338493888E+09  2.264444E+18  1.362448E+18  0.000000E+00  1.362448E+18  4.995930E-01 -7.452646E-07 -7.450858E+17 -5.468728E-01
    198  3.2694781754642288E-01  4.5292304547161503E+09  1.8946745498384714E+09  2.265337E+18 -7.562965E+18  0.000000E+00 -7.562965E+18  4.995822E-01 -7.452646E-07 -4.466315E+18  5.905508E-01
    199  3.2704651494975756E-01  4.5312897806562834E+09  1.8944232930362878E+09  2.265523E+18  1.753013E+18  0.000000E+00  1.753013E+18  4.995800E-01 -7.452646E-07 -2.077358E+17 -1.185021E-01
    200  3.2717158149889131E-01  4.5338993000577278E+09  1.8941049075455477E+09  2.265761E+18  2.089930E+18  0.000000E+00  2.089930E+18  4.995772E-01 -7.452646E-07 -2.246930E+17 -1.075122E-01
    201  3.2742171459715885E-01  4.5410889715512228E+09  1.8933705358606868E+09  2.266248E+18  3.756576E+18  0.000000E+00  3.756576E+18  4.995713E-01 -7.452646E-07  2.278802E+18  6.066169E-01
    202  3.2784359421727960E-01  4.5563330108753042E+09  1.8919775127609339E+09  2.267135E+18  4.355425E+19  0.000000E+00  4.355425E+19  4.995611E-01 -7.452646E-07 -2.114187E+19 -4.854146E-01
    203  3.2859798960083419E-01  4.5835510993730125E+09  1.8894835381314733E+09  2.268967E+18  7.090342E+20  0.000000E+00  7.090342E+20  4.995414E-01 -7.452646E-07 -6.983316E+19 -9.849054E-02
    204  3.2870762793226765E-01  4.5875021120531330E+09  1.8891207398499608E+09  2.269262E+18  1.236381E+19  0.000000E+00  1.236381E+19  4.995384E-01 -7.452646E-07 -9.363403E+17 -7.573235E-02
    205  3.2887287951769661E-01  4.5934572474597330E+09  1.8885739147530537E+09  2.269720E+18  4.637820E+18  0.000000E+00  4.637820E+18  4.995337E-01 -7.452646E-07 -1.902775E+18 -4.102736E-01
    206  3.2920338268855459E-01  4.6053407644303741E+09  1.8874808920713758E+09  2.270692E+18  7.362105E+18  0.000000E+00  7.362105E+18  4.995240E-01 -7.452646E-07 -1.321776E+19 -1.795378E+00
    207  3.2986438903027054E-01  4.6290399824192047E+09  1.8852964373331096E+09  2.272863E+18  9.530863E+20  0.000000E+00  9.530863E+20  4.995030E-01 -7.452646E-07 -1.064864E+20 -1.117280E-01
    208  3.2996173753523517E-01  4.6325231608939285E+09  1.8849750536086833E+09  2.273210E+18  1.552624E+19  0.000000E+00  1.552624E+19  4.994998E-01 -7.452646E-07 -1.238968E+18 -7.979836E-02
    209  3.3010937438332894E-01  4.6377680177172556E+09  1.8844893933160520E+09  2.273750E+18  5.586049E+18  0.000000E+00  5.586049E+18  4.994947E-01 -7.452646E-07 -1.897205E+18 -3.396327E-01
    210  3.3040464807951647E-01  4.6482577313639097E+09  1.8835180727307892E+09  2.274880E+18  8.294561E+18  0.000000E+00  8.294561E+18  4.994842E-01 -7.452646E-07 -1.305028E+19 -1.573354E+00
    211  3.3099519547189160E-01  4.6691479875400572E+09  1.8815799645272260E+09  2.277354E+18  1.025656E+21  0.000000E+00  1.025656E+21  4.994616E-01 -7.452646E-07 -1.244467E+20 -1.213338E-01
    212  3.3108361130670422E-01  4.6722432830314722E+09  1.8812914390479696E+09  2.277750E+18  1.807658E+19  0.000000E+00  1.807658E+19  4.994580E-01 -7.452646E-07 -1.628925E+18 -9.011245E-02
    213  3.3122381554188679E-01  4.6771516067266302E+09  1.8808339136031718E+09  2.278391E+18  7.729635E+18  0.000000E+00  7.729635E+18  4.994522E-01 -7.452646E-07 -2.272545E+18 -2.940042E-01
    214  3.3150422401225194E-01  4.6869682541169472E+09  1.8799188627135761E+09  2.279725E+18  1.834820E+19  0.000000E+00  1.834820E+19  4.994401E-01 -7.452646E-07 -1.545758E+19 -8.424579E-01
    215  3.3206504095298228E-01  4.7063430034841118E+09  1.8781025227140687E+09  2.282608E+18  1.105546E+21  0.000000E+00  1.105546E+21  4.994142E-01 -7.452646E-07 -1.497571E+20 -1.354598E-01
    216  3.3290308279572661E-01  4.7348001238431234E+09  1.8754143788451059E+09  2.287467E+18  1.203049E+21  0.000000E+00  1.203049E+21  4.993702E-01 -7.452646E-07 -2.917567E+20 -2.425144E-01
    217  3.3301792004070846E-01  4.7386360804981623E+09  1.8750493363119464E+09  2.288186E+18  3.230925E+19  0.000000E+00  3.230925E+19  4.993636E-01 -7.452646E-07 -5.239376E+18 -1.621633E-01
    218  3.3317116732089519E-01  4.7437550636677055E+09  1.8745621966616697E+09  2.289165E+18  1.772073E+19  0.000000E+00  1.772073E+19  4.993546E-01 -7.452646E-07 -5.032824E+18 -2.840077E-01
    219  3.3347766188126859E-01  4.7539859541575584E+09  1.8735882728863940E+09  2.291192E+18  4.931236E+19  0.000000E+00  4.931236E+19  4.993359E-01 -7.452646E-07 -3.500777E+19 -7.099187E-01
    220  3.3353896079334328E-01  4.7559634973321676E+09  1.8733969366856186E+09  2.291608E+18  8.314607E+18  0.000000E+00  8.314607E+18  4.993320E-01 -7.452646E-07 -1.132520E+18 -1.362084E-01
    221  3.3361192082170626E-01  4.7583172357791529E+09  1.8731692018994215E+09  2.292108E+18  9.013232E+18  0.000000E+00  9.013232E+18  4.993274E-01 -7.452646E-07 -1.075289E+18 -1.193012E-01
    222  3.3375784087843219E-01  4.7630247126731215E+09  1.8727137323270271E+09  2.293124E+18  1.899734E+19  0.000000E+00  1.899734E+19  4.993179E-01 -7.452646E-07 -4.942476E+18 -2.601668E-01
    223  3.3404968099188403E-01  4.7724396664610586E+09  1.8718027931822386E+09  2.295213E+18  6.138508E+19  0.000000E+00  6.138508E+19  4.992981E-01 -7.452646E-07 -3.361757E+19 -5.476506E-01
    224  3.3463336121878773E-01  4.7908630214126883E+09  1.8699975560239441E+09  2.299622E+18  1.378487E+21  0.000000E+00  1.378487E+21  4.992553E-01 -7.452646E-07 -3.181546E+20 -2.307998E-01
    225  3.3556022834394933E-01  4.8188464725090637E+09  1.8671776500912113E+09  2.307163E+18 -2.910357E+21  0.000000E+00 -2.910357E+21  4.991780E-01 -7.452645E-07 -1.268297E+20  4.357874E-02
    226  3.3569082048408994E-01  4.8226394537899818E+09  1.8667850551799121E+09  2.308271E+18  9.329662E+17  0.000000E+00  9.329662E+17  4.991661E-01 -7.452645E-07 -7.649898E+18 -8.199545E+00
    227  3.3587346590422557E-01  4.8279442957113571E+09  1.8662359741828463E+09  2.309836E+18  4.921307E+19  0.000000E+00  4.921307E+19  4.991490E-01 -7.452646E-07 -1.281082E+19 -2.603133E-01
    228  3.3623875674449683E-01  4.8383197134854031E+09  1.8651440172432637E+09  2.313017E+18  3.214460E+20  0.000000E+00  3.214460E+20  4.991134E-01 -7.452646E-07 -1.404659E+20 -4.369813E-01
    229  3.3696933842503934E-01  4.8580647483441010E+09  1.8629867442181399E+09  2.319517E+18  2.549893E+21  0.000000E+00  2.549893E+21  4.990360E-01 -7.452645E-07 -6.443254E+20 -2.526873E-01
    230  3.3811537707174111E-01  4.8859943645162296E+09  1.8596829664148743E+09  2.329834E+18 -1.920828E+22  0.000000E+00 -1.920828E+22  4.988975E-01 -7.452645E-07  2.879434E+21 -1.499058E-01
    231  3.3917022370432642E-01  4.9085613805103912E+09  1.8567365118285174E+09  2.339096E+18 -2.514389E+21  0.000000E+00 -2.514389E+21  4.987520E-01 -7.452645E-07 -1.223389E+20  4.865553E-02
    232  3.4014517581298281E-01  4.9265838627014713E+09  1.8541068291708562E+09  2.347182E+18  1.342084E+21  0.000000E+00  1.342084E+21  4.986030E-01 -7.452645E-07 -8.907420E+20 -6.637007E-01
    233  3.4174879376266454E-01  4.9496634507536697E+09  1.8500013676832261E+09  2.359069E+18 -1.891048E+21  0.000000E+00 -1.891048E+21  4.983313E-01 -7.452645E-07  4.915833E+20 -2.599528E-01
    234  3.4312311686400365E-01  4.9718548955325394E+09  1.8463699653610578E+09  2.367790E+18 -5.939526E+21  0.000000E+00 -5.939526E+21  4.980765E-01 -7.452646E-07  1.570689E+21 -2.644468E-01
    235  3.4325525287844683E-01  4.9745532005592308E+09  1.8459982813766782E+09  2.368582E+18  8.922278E+18  0.000000E+00  8.922278E+18  4.980511E-01 -7.452646E-07  1.282023E+19  1.436878E+00
    236  3.4344719304404636E-01  4.9785910839570599E+09  1.8454530689522486E+09  2.369720E+18  3.807885E+19  0.000000E+00  3.807885E+19  4.980138E-01 -7.452646E-07 -1.318010E+19 -3.461265E-01
    237  3.4383107337524543E-01  4.9866668507527170E+09  1.8443626441033893E+09  2.371958E+18  1.991631E+19  0.000000E+00  1.991631E+19  4.979384E-01 -7.452646E-07 -6.997616E+19 -3.513510E+00
    238  3.4390784944148522E-01  4.9882820041118479E+09  1.8441445591336174E+09  2.372400E+18  1.536345E+19  0.000000E+00  1.536345E+19  4.979231E-01 -7.452646E-07 -2.568080E+18 -1.671551E-01
    239  3.4401502905014425E-01  4.9905367628333387E+09  1.8438401118903639E+09  2.373013E+18  2.399430E+19  0.000000E+00  2.399430E+19  4.979018E-01 -7.452646E-07 -4.961263E+18 -2.067684E-01
    240  3.4422938826746230E-01  4.9986864126867714E+09  1.8430344796694584E+09  2.374221E+18 -1.308922E+20  0.000000E+00 -1.308922E+20  4.978587E-01 -7.452646E-07 -8.034724E+18  6.138431E-02
    241  3.4427226011092593E-01  5.0004487709234409E+09  1.8428661958930483E+09  2.374457E+18  8.777122E+21  0.000000E+00  8.777122E+21  4.978518E-01 -7.452646E-07 -2.048628E+21 -2.334055E-01
    242  3.4430968273705825E-01  5.0019871249589529E+09  1.8427193017933326E+09  2.374644E+18  5.549979E+19  0.000000E+00  5.549979E+19  4.978495E-01 -7.452646E-07 -8.637922E+18 -1.556388E-01
    243  3.4438452798932284E-01  5.0050638330299749E+09  1.8424255135939016E+09  2.375022E+18  1.592576E+19  0.000000E+00  1.592576E+19  4.978450E-01 -7.452646E-07 -3.065094E+18 -1.924615E-01
    244  3.4453421849385207E-01  5.0112172491720200E+09  1.8418379371950393E+09  2.375785E+18  7.757325E+19  0.000000E+00  7.757325E+19  4.978359E-01 -7.452646E-07 -2.159165E+19 -2.783388E-01
    245  3.4473323827743124E-01  5.0193984731762676E+09  1.8410567298091364E+09  2.376813E+18  1.567180E+20  0.000000E+00  1.567180E+20  4.978237E-01 -7.452646E-07 -5.589161E+19 -3.566381E-01
    246  3.4513127784458958E-01  5.0359740669564495E+09  1.8394836672356038E+09  2.378911E+18  6.572077E+20  0.000000E+00  6.572077E+20  4.977988E-01 -7.452646E-07 -3.253278E+20 -4.950151E-01
    247  3.4592735697890620E-01  5.0695279996244555E+09  1.8363195865420563E+09  2.383247E+18  1.175507E+22  0.000000E+00  1.175507E+22  4.977471E-01 -7.452646E-07 -2.171392E+21 -1.847196E-01
    248  3.4716320541620421E-01  5.1213813081429749E+09  1.8314490425611162E+09  2.390082E+18 -4.688422E+22  0.000000E+00 -4.688422E+22  4.976616E-01 -7.452642E-07  3.835209E+21 -8.180169E-02
    249  3.4828564220297331E-01  5.1679343072576399E+09  1.8270900646534228E+09  2.395890E+18 -5.254301E+22  0.000000E+00 -5.254301E+22  4.975783E-01 -7.452641E-07  6.124250E+20 -1.165569E-02
    250  3.4933186313015296E-01  5.2107224335369415E+09  1.8231063292234843E+09  2.400643E+18 -1.173864E+22  0.000000E+00 -1.173864E+22  4.974962E-01 -7.452639E-07  2.419994E+21 -2.061562E-01
    251  3.4947833694879837E-01  5.2166093001639299E+09  1.8225607230457773E+09  2.401253E+18  7.842573E+19  0.000000E+00  7.842573E+19  4.974844E-01 -7.452639E-07  8.875262E+18  1.131677E-01
    252  3.4975876146763091E-01  5.2278753713855686E+09  1.8215166580396590E+09  2.402377E+18  6.329280E+20  0.000000E+00  6.329280E+20  4.974616E-01 -7.452639E-07 -2.027220E+20 -3.202924E-01
    253  3.5031961050529592E-01  5.2503223632753038E+09  1.8194365297220368E+09  2.404468E+18  3.597851E+21  0.000000E+00  3.597851E+21  4.974153E-01 -7.452639E-07 -1.322937E+21 -3.677019E-01
    254  3.5043178031282890E-01  5.2547373920030212E+09  1.8190274926593487E+09  2.404861E+18  2.372960E+20  0.000000E+00  2.372960E+20  4.974059E-01 -7.452639E-07 -6.053506E+19 -2.551036E-01
    255  3.5064916900319204E-01  5.2632938595065603E+09  1.8182347656918750E+09  2.405602E+18  3.388515E+20  0.000000E+00  3.388515E+20  4.973876E-01 -7.452639E-07 -1.008462E+20 -2.976119E-01
    256  3.5108394638391832E-01  5.2804067945136385E+09  1.8166493117569273E+09  2.406996E+18  1.802668E+21  0.000000E+00  1.802668E+21  4.973506E-01 -7.452640E-07 -6.285297E+20 -3.486663E-01
    257  3.5195350114537083E-01  5.3136970401486626E+09  1.8135296699266758E+09  2.409469E+18  1.062330E+22  0.000000E+00  1.062330E+22  4.972752E-01 -7.452641E-07 -3.988466E+21 -3.754451E-01
    258  3.5212741209766135E-01  5.3201693540939960E+09  1.8129096168815122E+09  2.409916E+18  8.195642E+20  0.000000E+00  8.195642E+20  4.972599E-01 -7.452641E-07 -2.188907E+20 -2.670818E-01
    259  3.5242138533651762E-01  5.3310696226102285E+09  1.8118623240466433E+09  2.410644E+18  6.090548E+20  0.000000E+00  6.090548E+20  4.972340E-01 -7.452641E-07 -1.861236E+20 -3.055941E-01
    260  3.5300933181423011E-01  5.3526513290195971E+09  1.8097641330644586E+09  2.411999E+18  3.767878E+21  0.000000E+00  3.767878E+21  4.971815E-01 -7.452640E-07 -1.080092E+21 -2.866578E-01
    261  3.5418522476965508E-01  5.3938633519400911E+09  1.8055226712140090E+09  2.414376E+18  4.699631E+21  0.000000E+00  4.699631E+21  4.970746E-01 -7.452644E-07 -1.170014E+21 -2.489587E-01
    262  3.5436271458881807E-01  5.3999039579232569E+09  1.8048763965152798E+09  2.414701E+18  5.702072E+20  0.000000E+00  5.702072E+20  4.970582E-01 -7.452644E-07 -7.458392E+19 -1.308014E-01
    263  3.5470493617881815E-01  5.4113764192880430E+09  1.8036247385875487E+09  2.415307E+18  1.015180E+21  0.000000E+00  1.015180E+21  4.970266E-01 -7.452645E-07 -1.959099E+20 -1.929806E-01
    264  3.5538937935881831E-01  5.4334099024880419E+09  1.8010923742821457E+09  2.416438E+18  3.090499E+21  0.000000E+00  3.090499E+21  4.969629E-01 -7.452644E-07 -9.705819E+20 -3.140535E-01
    265  3.5552626799481835E-01  5.4377481597156105E+09  1.8005842771892745E+09  2.416651E+18  3.005150E+20  0.000000E+00  3.005150E+20  4.969501E-01 -7.452644E-07 -5.766066E+19 -1.918728E-01
    266  3.5576975305830827E-01  5.4451273031376820E+09  1.7996725140363841E+09  2.417021E+18  2.427231E+20  0.000000E+00  2.427231E+20  4.969273E-01 -7.452644E-07 -6.382927E+19 -2.629716E-01
    267  3.5625672318528812E-01  5.4598855899818230E+09  1.7978489877306032E+09  2.417722E+18  1.052846E+21  0.000000E+00  1.052846E+21  4.968814E-01 -7.452643E-07 -3.197901E+20 -3.037387E-01
    268  3.5723066343924786E-01  5.4876397894950790E+09  1.7941769702720244E+09  2.418999E+18  2.647780E+21  0.000000E+00  2.647780E+21  4.967890E-01 -7.452647E-07 -1.340176E+21 -5.061509E-01
    269  3.5742545149003979E-01  5.4927743588368368E+09  1.7934383591679442E+09  2.419236E+18  5.129222E+20  0.000000E+00  5.129222E+20  4.967704E-01 -7.452647E-07 -1.182031E+20 -2.304504E-01
    270  3.5779714723898287E-01  5.5024775786019182E+09  1.7920280294505489E+09  2.419676E+18  3.743372E+20  0.000000E+00  3.743372E+20  4.967348E-01 -7.452647E-07 -1.044610E+20 -2.790560E-01
    271  3.5854053873686897E-01  5.5249472727273989E+09  1.7889451744451208E+09  2.420466E+18 -1.280439E+22  0.000000E+00 -1.280439E+22  4.966635E-01 -7.452647E-07  1.409822E+21 -1.101046E-01
    272  3.5986152381034547E-01  5.5763539355203218E+09  1.7826028558728483E+09  2.421606E+18 -8.422017E+22  0.000000E+00 -8.422017E+22  4.965356E-01 -7.452650E-07  1.069878E+22 -1.270335E-01
    273  3.6004224426711418E-01  5.5841390141606493E+09  1.7816894363350909E+09  2.421747E+18 -1.446047E+21  0.000000E+00 -1.446047E+21  4.965180E-01 -7.452650E-07  1.530428E+20 -1.058353E-01
    274  3.6035798537263430E-01  5.5978610433254499E+09  1.7800885514004765E+09  2.421979E+18  1.408273E+21  0.000000E+00  1.408273E+21  4.964872E-01 -7.452650E-07 -2.835525E+20 -2.013476E-01
    275  3.6098946758367456E-01  5.6255786286354485E+09  1.7768806287206464E+09  2.422419E+18  8.810599E+21  0.000000E+00  8.810599E+21  4.964253E-01 -7.452651E-07 -1.467512E+21 -1.665622E-01
    276  3.6111576402588264E-01  5.6312397820369930E+09  1.7762363980321293E+09  2.422501E+18  7.505621E+20  0.000000E+00  7.505621E+20  4.964129E-01 -7.452651E-07 -1.428567E+20 -1.903329E-01
    277  3.6136835691029873E-01  5.6425620888400803E+09  1.7749479366550949E+09  2.422664E+18  1.075214E+21  0.000000E+00  1.075214E+21  4.963880E-01 -7.452652E-07 -2.020923E+20 -1.879554E-01
    278  3.6187354267913097E-01  5.6654185543898573E+09  1.7723724491985068E+09  2.422977E+18  7.198792E+21  0.000000E+00  7.198792E+21  4.963381E-01 -7.452648E-07 -1.125861E+21 -1.563958E-01
    279  3.6288391421679539E-01  5.7120225575466461E+09  1.7672337527223666E+09  2.423540E+18 -1.917587E+22  0.000000E+00 -1.917587E+22  4.962375E-01 -7.452656E-07  6.328649E+21 -3.300319E-01
    280  3.6304452704425283E-01  5.7195139254587917E+09  1.7664195056205735E+09  2.423619E+18  1.127606E+21  0.000000E+00  1.127606E+21  4.962214E-01 -7.452655E-07 -1.234726E+20 -1.094998E-01
    281  3.6336575269916771E-01  5.7344966612830830E+09  1.7647910114169877E+09  2.423772E+18  3.049185E+21  0.000000E+00  3.049185E+21  4.961892E-01 -7.452655E-07 -4.618362E+20 -1.514622E-01
    282  3.6400820400899753E-01  5.7647138280974054E+09  1.7615442518688004E+09  2.424042E+18  2.379195E+22  0.000000E+00  2.379195E+22  4.961246E-01 -7.452644E-07 -2.736763E+21 -1.150289E-01
    283  3.6413669427096351E-01  5.7707637033635426E+09  1.7608951617572789E+09  2.424089E+18  1.274781E+21  0.000000E+00  1.274781E+21  4.961116E-01 -7.452644E-07 -2.281204E+20 -1.789487E-01
    284  3.6439367479489543E-01  5.7828679465765123E+09  1.7595965746440616E+09  2.424183E+18  2.038718E+21  0.000000E+00  2.038718E+21  4.960856E-01 -7.452643E-07 -3.102571E+20 -1.521825E-01
    285  3.6490763584275926E-01  5.8070997400612078E+09  1.7569972895591381E+09  2.424351E+18  1.535035E+22  0.000000E+00  1.535035E+22  4.960334E-01 -7.452645E-07 -1.628895E+21 -1.061145E-01
    286  3.6593555793848698E-01  5.8553330790972757E+09  1.7517751612125509E+09  2.424610E+18 -8.212574E+21  0.000000E+00 -8.212574E+21  4.959284E-01 -7.452642E-07  1.213305E+22 -1.477375E+00
    287  3.6609705973766049E-01  5.8628917528027182E+09  1.7509529269628217E+09  2.424640E+18  1.806194E+21  0.000000E+00  1.806194E+21  4.959118E-01 -7.452642E-07 -1.281268E+20 -7.093744E-02
    288  3.6642006333600752E-01  5.8777832151089611E+09  1.7492966254852762E+09  2.424694E+18  4.940996E+21  0.000000E+00  4.940996E+21  4.958786E-01 -7.452640E-07 -5.723621E+20 -1.158394E-01
    289  3.6706607053270152E-01  5.9074786859234333E+09  1.7459822532957356E+09  2.424775E+18  4.109200E+22  0.000000E+00  4.109200E+22  4.958119E-01 -7.452643E-07 -2.758739E+21 -6.713567E-02
    290  3.6719527197204033E-01  5.9133099620977154E+09  1.7453171976455286E+09  2.424788E+18  1.667047E+21  0.000000E+00  1.667047E+21  4.957986E-01 -7.452644E-07 -2.699654E+20 -1.619423E-01
    291  3.6745367485071795E-01  5.9249725144462795E+09  1.7439870863451145E+09  2.424812E+18  3.255564E+21  0.000000E+00  3.255564E+21  4.957718E-01 -7.452641E-07 -3.431397E+20 -1.054010E-01
    292  3.6797048060807314E-01  5.9481804359225969E+09  1.7413265236673560E+09  2.424850E+18  2.774347E+22  0.000000E+00  2.774347E+22  4.957181E-01 -7.452650E-07 -1.878494E+21 -6.770942E-02
    293  3.6900409212278351E-01  5.9933668715909061E+09  1.7360071874459577E+09  2.424882E+18  1.976398E+23  0.000000E+00  1.976398E+23  4.956101E-01 -7.452623E-07  5.564556E+19  2.815504E-04
    294  3.6918791097077225E-01  6.0012144476096983E+09  1.7350635558890553E+09  2.424877E+18  8.094349E+21  0.000000E+00  8.094349E+21  4.955909E-01 -7.452628E-07 -6.918641E+20 -8.547496E-02
    295  3.6955554866674967E-01  6.0169095996472797E+09  1.7331762927752507E+09  2.424857E+18  1.235605E+22  0.000000E+00  1.235605E+22  4.955523E-01 -7.452613E-07 -6.975131E+20 -5.645116E-02
    296  3.7029082405870456E-01  6.0472727596102591E+09  1.7294237844165123E+09  2.424788E+18  1.004533E+23  0.000000E+00  1.004533E+23  4.954749E-01 -7.452635E-07 -1.285049E+21 -1.279250E-02
    297  3.7043787913709553E-01  6.0533194992021551E+09  1.7286738377744598E+09  2.424767E+18  3.079015E+21  0.000000E+00  3.079015E+21  4.954593E-01 -7.452635E-07 -3.377790E+20 -1.097036E-01
    298  3.7073198929387746E-01  6.0648875022124605E+09  1.7271283010415361E+09  2.424731E+18  2.877278E+21  0.000000E+00  2.877278E+21  4.954283E-01 -7.452632E-07 -9.147457E+20 -3.179205E-01
    299  3.7132020960744139E-01  6.0875708519733915E+09  1.7239979093461208E+09  2.424646E+18  4.822130E+22  0.000000E+00  4.822130E+22  4.953661E-01 -7.452619E-07 -1.114594E+21 -2.311414E-02
    300  3.7249665023456918E-01  6.1345113240817528E+09  1.7175410115618114E+09  2.424333E+18  4.157107E+23  0.000000E+00  4.157107E+23  4.952413E-01 -7.452520E-07  1.270351E+22  3.055852E-02
    301  3.7270843503629059E-01  6.1432739277190208E+09  1.7163574583673306E+09  2.424250E+18  1.582014E+22  0.000000E+00  1.582014E+22  4.952188E-01 -7.452512E-07 -1.088616E+21 -6.881204E-02
    302  3.7313200463973339E-01  6.1607991349935560E+09  1.7139903519783685E+09  2.424072E+18  2.938595E+22  0.000000E+00  2.938595E+22  4.951737E-01 -7.452525E-07 -1.241175E+21 -4.223704E-02
    303  3.7397914384661907E-01  6.1969276068219738E+09  1.7091623347067268E+09  2.423622E+18  2.882379E+23  0.000000E+00  2.882379E+23  4.950834E-01 -7.452497E-07 -6.343570E+21 -2.200810E-02
    304  3.7414857168799620E-01  6.2042471374495087E+09  1.7081860261585195E+09  2.423517E+18  7.140183E+21  0.000000E+00  7.140183E+21  4.950653E-01 -7.452500E-07 -8.733977E+20 -1.223215E-01
    305  3.7445453391912442E-01  6.2176452322881489E+09  1.7064014623251367E+09  2.423315E+18  1.581242E+22  0.000000E+00  1.581242E+22  4.950326E-01 -7.452461E-07 -1.216567E+21 -7.693747E-02
    306  3.7506645838138086E-01  6.2445201116255064E+09  1.7028196584895689E+09  2.422875E+18  1.622930E+23  0.000000E+00  1.622930E+23  4.949671E-01 -7.452427E-07 -4.755184E+21 -2.930001E-02
    307  3.7518884327383217E-01  6.2499696756891680E+09  1.7020912822611530E+09  2.422779E+18  3.069955E+21  0.000000E+00  3.069955E+21  4.949540E-01 -7.452437E-07 -4.274356E+20 -1.392319E-01
    308  3.7543361305873474E-01  6.2608688038164873E+09  1.7006345298043215E+09  2.422584E+18  8.714420E+21  0.000000E+00  8.714420E+21  4.949278E-01 -7.452424E-07 -9.681162E+20 -1.110936E-01
    309  3.7592315262853987E-01  6.2827002174199133E+09  1.6977130671368544E+09  2.422175E+18  9.084783E+22  0.000000E+00  9.084783E+22  4.948753E-01 -7.452454E-07 -4.004402E+21 -4.407813E-02
    310  3.7690223176815019E-01  6.3267395316853685E+09  1.6917722703626344E+09  2.421277E+18  8.761818E+23  0.000000E+00  8.761818E+23  4.947700E-01 -7.452411E-07 -1.029275E+22 -1.174728E-02
    311  3.7709804759607224E-01  6.3355703730601892E+09  1.6905714924817011E+09  2.421080E+18  2.402063E+22  0.000000E+00  2.402063E+22  4.947489E-01 -7.452391E-07 -2.569145E+21 -1.069557E-01
    312  3.7748967925191634E-01  6.3532320558098316E+09  1.6881699367198346E+09  2.420681E+18  4.936417E+22  0.000000E+00  4.936417E+22  4.947067E-01 -7.452361E-07 -3.487661E+21 -7.065166E-02
    313  3.7827294256360461E-01  6.3885935708083076E+09  1.6833181883476915E+09  2.419835E+18  5.131531E+23  0.000000E+00  5.131531E+23  4.946222E-01 -7.452246E-07 -1.026890E+22 -2.001138E-02
    314  3.7842959522594227E-01  6.3956673509107990E+09  1.6823459555128996E+09  2.419656E+18  8.947982E+21  0.000000E+00  8.947982E+21  4.946053E-01 -7.452229E-07 -1.549160E+21 -1.731295E-01
    315  3.7874290055061755E-01  6.4097391346350555E+09  1.6803946271340878E+09  2.419296E+18  2.105952E+22  0.000000E+00  2.105952E+22  4.945714E-01 -7.452206E-07 -2.931281E+21 -1.391903E-01
    316  3.7936951119996815E-01  6.4378376656294327E+09  1.6764878916427138E+09  2.418551E+18  2.736543E+23  0.000000E+00  2.736543E+23  4.945037E-01 -7.452072E-07 -9.690742E+21 -3.541234E-02
    317  3.7949483332983824E-01  6.4433972456271343E+09  1.6757146207001369E+09  2.418398E+18  2.286569E+21  0.000000E+00  2.286569E+21  4.944901E-01 -7.452085E-07 -8.576204E+20 -3.750688E-01
    318  3.7974547758957850E-01  6.4544993224750929E+09  1.6741703734245858E+09  2.418091E+18  7.314592E+21  0.000000E+00  7.314592E+21  4.944630E-01 -7.452067E-07 -2.003322E+21 -2.738801E-01
    319  3.8024676610905894E-01  6.4767034761710062E+09  1.6710818788734839E+09  2.417458E+18  1.306115E+23  0.000000E+00  1.306115E+23  4.944086E-01 -7.452118E-07 -7.954471E+21 -6.090176E-02
    320  3.8124934314801989E-01  6.5198255217888098E+09  1.6650437570842967E+09  2.416177E+18  7.983647E+23  0.000000E+00  7.983647E+23  4.942998E-01 -7.452446E-07  2.850664E+21  3.570629E-03
    321  3.8294122425460547E-01  6.5802916435538235E+09  1.6551215191078808E+09  2.414395E+18  7.301345E+23  0.000000E+00  7.301345E+23  4.941162E-01 -7.451350E-07  4.052457E+23  5.550289E-01
    322  3.8318990579804313E-01  6.5894083485094213E+09  1.6536408558246658E+09  2.414105E+18  3.967919E+21  0.000000E+00  3.967919E+21  4.940892E-01 -7.451370E-07  2.635522E+21  6.642077E-01
    323  3.8366419372977550E-01  6.6067958195610828E+09  1.6508169199728913E+09  2.413539E+18  4.710408E+22  0.000000E+00  4.710408E+22  4.940378E-01 -7.451394E-07 -7.850496E+21 -1.666628E-01
    324  3.8461276959324026E-01  6.6426608585426798E+09  1.6450221117760220E+09  2.412296E+18  1.008459E+24  0.000000E+00  1.008459E+24  4.939349E-01 -7.452055E-07 -6.530267E+21 -6.475489E-03
    325  3.8650992132016976E-01  6.7181463448305836E+09  1.6327389575857623E+09  2.409340E+18  1.449666E+24  0.000000E+00  1.449666E+24  4.937291E-01 -7.453620E-07  9.718583E+23  6.704014E-01
    326  3.8677307867042782E-01  6.7290974801390018E+09  1.6309458118123212E+09  2.408873E+18 -2.912198E+22  0.000000E+00 -2.912198E+22  4.937006E-01 -7.453517E-07  9.311387E+21 -3.197374E-01
    327  3.8718817729679744E-01  6.7463715605295143E+09  1.6281173430399079E+09  2.408119E+18 -4.240151E+21  0.000000E+00 -4.240151E+21  4.936555E-01 -7.453591E-07 -1.254839E+22  2.959421E+00
    328  3.8801837454953669E-01  6.7818972605163689E+09  1.6223161643334789E+09  2.406492E+18  1.254844E+24  0.000000E+00  1.254844E+24  4.935653E-01 -7.453471E-07 -2.891945E+22 -2.304626E-02
    329  3.8967876905501514E-01  6.8568072089659777E+09  1.6103324520955319E+09  2.402696E+18  7.590916E+24  0.000000E+00  7.590916E+24  4.933847E-01 -7.453939E-07  1.331596E+24  1.754197E-01
    330  3.8990590826332505E-01  6.8673559449296293E+09  1.6086701765654306E+09  2.402126E+18 -1.084526E+22  0.000000E+00 -1.084526E+22  4.933599E-01 -7.454023E-07  1.427384E+22 -1.316137E+00
    331  3.9027082135145041E-01  6.8848106631871653E+09  1.6059668555219746E+09  2.401156E+18 -6.308944E+22  0.000000E+00 -6.308944E+22  4.933201E-01 -7.453474E-07 -1.700215E+22  2.694929E-01
    332  3.9100064752770114E-01  6.9170047809836922E+09  1.6006619166198001E+09  2.399348E+18  7.868037E+24  0.000000E+00  7.868037E+24  4.932404E-01 -7.454044E-07  1.576837E+23  2.004105E-02
    333  3.9212061790709368E-01  6.9524482409426241E+09  1.5930379217874408E+09  2.397468E+18  1.709556E+24  0.000000E+00  1.709556E+24  4.931183E-01 -7.455919E-07 -3.348419E+22 -1.958649E-02
    334  3.9421326713834698E-01  7.0196024523511362E+09  1.5785376417728229E+09  2.393588E+18  1.742457E+25  0.000000E+00  1.742457E+25  4.928909E-01 -7.448602E-07  1.392864E+24  7.993677E-02
    335  3.9449792163896530E-01  7.0288378397550173E+09  1.5765430523224106E+09  2.393026E+18  6.354216E+22  0.000000E+00  6.354216E+22  4.928600E-01 -7.448905E-07  2.598503E+22  4.089415E-01
    336  3.9486215678242131E-01  7.0406994600660439E+09  1.5739845796998732E+09  2.392286E+18 -2.902272E+23  0.000000E+00 -2.902272E+23  4.928206E-01 -7.448442E-07 -6.709757E+21  2.311898E-02
    337  3.9558098627501337E-01  7.0642558138624935E+09  1.5689291867062340E+09  2.390775E+18 -3.625602E+23  0.000000E+00 -3.625602E+23  4.927429E-01 -7.448503E-07 -5.983669E+22  1.650393E-01
    338  3.9692724140449032E-01  7.1091866110386724E+09  1.5594373758732202E+09  2.387729E+18 -9.799090E+23  0.000000E+00 -9.799090E+23  4.925976E-01 -7.457580E-07 -2.095741E+23  2.138710E-01
    339  3.9718205481751495E-01  7.1179725981910992E+09  1.5576256252182815E+09  2.387102E+18 -2.411749E+23  0.000000E+00 -2.411749E+23  4.925702E-01 -7.458342E-07 -1.429234E+22  5.926130E-02
    340  3.9742469852630724E-01  7.1263759451910591E+09  1.5558980822208145E+09  2.386496E+18 -2.266793E+23  0.000000E+00 -2.266793E+23  4.925440E-01 -7.458516E-07  2.892618E+21 -1.276084E-02
    341  3.9790998594389176E-01  7.1432816303144770E+09  1.5524340537686994E+09  2.385253E+18 -7.434475E+23  0.000000E+00 -7.434475E+23  4.924918E-01 -7.458140E-07 -3.463659E+22  4.658915E-02
    342  3.9888056077906087E-01  7.1783294431474257E+09  1.5453501613505802E+09  2.382557E+18 -2.674088E+24  0.000000E+00 -2.674088E+24  4.923874E-01 -7.457308E-07 -1.854755E+23  6.936029E-02
    343  3.9907420913954000E-01  7.1853476820244961E+09  1.5438907692672057E+09  2.381999E+18 -2.468986E+23  0.000000E+00 -2.468986E+23  4.923666E-01 -7.457864E-07 -1.012528E+21  4.100987E-03
    344  3.9926222840014652E-01  7.1921619100466785E+09  1.5424737997675819E+09  2.381452E+18 -1.703324E+23  0.000000E+00 -1.703324E+23  4.923464E-01 -7.458187E-07  8.610062E+21 -5.054858E-02
    345  3.9963826692135962E-01  7.2057434256775942E+09  1.5396318479870517E+09  2.380346E+18 -1.071753E+24  0.000000E+00 -1.071753E+24  4.923060E-01 -7.457943E-07 -1.467119E+22  1.368897E-02
    346  4.0039034396378576E-01  7.2322055324029942E+09  1.5338282958206029E+09  2.378140E+18 -3.905368E+24  0.000000E+00 -3.905368E+24  4.922253E-01 -7.457476E-07 -1.337254E+23  3.424143E-02
    347  4.0181459259302404E-01  7.2824010911604500E+09  1.5227990197001269E+09  2.373730E+18  1.529291E+25  0.000000E+00  1.529291E+25  4.920728E-01 -7.452382E-07  5.094158E+23  3.331060E-02
    348  4.0202059476033103E-01  7.2896337923469448E+09  1.5211961825026608E+09  2.373071E+18  1.411203E+23  0.000000E+00  1.411203E+23  4.920507E-01 -7.452437E-07  3.711787E+22  2.630228E-01
    349  4.0231155845043892E-01  7.2998014326996231E+09  1.5189221355102594E+09  2.372132E+18 -7.575811E+23  0.000000E+00 -7.575811E+23  4.920196E-01 -7.452497E-07  1.313825E+22 -1.734236E-02
    350  4.0287632103293702E-01  7.3193255057773933E+09  1.5144635310191083E+09  2.370293E+18 -3.251520E+24  0.000000E+00 -3.251520E+24  4.919593E-01 -7.453329E-07 -5.828045E+22  1.792406E-02
    351  4.0394804505277621E-01  7.3556892373263531E+09  1.5058879530033872E+09  2.366736E+18 -5.758497E+24  0.000000E+00 -5.758497E+24  4.918451E-01 -7.454675E-07 -1.641015E+23  2.849728E-02
    352  4.0414331439389134E-01  7.3621345785162182E+09  1.5043015005594876E+09  2.366089E+18 -3.128896E+23  0.000000E+00 -3.128896E+23  4.918243E-01 -7.454943E-07  1.561547E+22 -4.990729E-02
    353  4.0436924162314597E-01  7.3695640792982311E+09  1.5024624848361449E+09  2.365336E+18 -4.659770E+23  0.000000E+00 -4.659770E+23  4.918003E-01 -7.454707E-07  1.979588E+22 -4.248252E-02
    354  4.0482109608165517E-01  7.3844230808622551E+09  1.4987844533894603E+09  2.363807E+18 -2.883084E+24  0.000000E+00 -2.883084E+24  4.917522E-01 -7.455777E-07 -1.318004E+22  4.571506E-03
    355  4.0571795995571092E-01  7.4132724525164061E+09  1.4914310588612156E+09  2.360756E+18 -1.119409E+25  0.000000E+00 -1.119409E+25  4.916572E-01 -7.452591E-07 -1.537581E+23  1.373565E-02
    356  4.0730018947872354E-01  7.4585204769633274E+09  1.4784233801675749E+09  2.355793E+18  1.826691E+25  0.000000E+00  1.826691E+25  4.914902E-01 -7.457119E-07  6.653010E+22  3.642110E-03
    357  4.0974958295420122E-01  7.5155852833763123E+09  1.4580838761415827E+09  2.349171E+18 -6.814071E+25  0.000000E+00 -6.814071E+25  4.912348E-01 -7.512126E-07  6.058871E+23 -8.891706E-03
    358  4.1178540066800123E-01  7.5579617637930107E+09  1.4414415120373900E+09  2.343943E+18 -5.233352E+25  0.000000E+00 -5.233352E+25  4.910258E-01 -7.517923E-07 -1.667635E+23  3.186552E-03
    359  4.1499324862858694E-01  7.6233490768913059E+09  1.4149985686618106E+09  2.335107E+18  6.146957E+25  0.000000E+00  6.146957E+25  4.907030E-01 -7.544066E-07  2.258477E+24  3.674138E-02
    360  4.1544390385352320E-01  7.6333435979365597E+09  1.4111088016357064E+09  2.333653E+18 -2.797013E+23  0.000000E+00 -2.797013E+23  4.906582E-01 -7.542259E-07  8.803545E+22 -3.147481E-01
    361  4.1596563428421185E-01  7.6440467866152430E+09  1.4065861009449663E+09  2.332074E+18 -3.644404E+24  0.000000E+00 -3.644404E+24  4.906066E-01 -7.543979E-07  1.391481E+23 -3.818131E-02
    362  4.1700909514558915E-01  7.6632081800985603E+09  1.3975926306998081E+09  2.329196E+18 -1.957775E+25  0.000000E+00 -1.957775E+25  4.905040E-01 -7.537200E-07  1.585980E+23 -8.100932E-03
    363  4.1721778731786463E-01  7.6665444534249649E+09  1.3958101653971734E+09  2.328689E+18  8.131173E+23  0.000000E+00  8.131173E+23  4.904836E-01 -7.536647E-07  1.403090E+23  1.725569E-01
    364  4.1737818550959371E-01  7.6687477503536139E+09  1.3944538103338675E+09  2.328357E+18  5.191815E+23  0.000000E+00  5.191815E+23  4.904680E-01 -7.536569E-07  4.601627E+22  8.863234E-02
    365  4.1769898189305193E-01  7.6731543442109118E+09  1.3917411002072554E+09  2.327688E+18  3.049030E+23  0.000000E+00  3.049030E+23  4.904367E-01 -7.536731E-07  9.444607E+22  3.097577E-01
    366  4.1834057465996832E-01  7.6805038304840813E+09  1.3863745489816160E+09  2.326572E+18  7.279740E+24  0.000000E+00  7.279740E+24  4.903746E-01 -7.537754E-07 -2.932811E+23 -4.028730E-02
    367  4.1962376019380110E-01  7.6888679394415798E+09  1.3758837344479444E+09  2.325355E+18  1.237807E+25  0.000000E+00  1.237807E+25  4.902517E-01 -7.535373E-07 -2.865120E+23 -2.314675E-02
    368  4.1988039730056764E-01  7.6921629334256401E+09  1.3736746193308084E+09  2.324828E+18  1.007577E+24  0.000000E+00  1.007577E+24  4.902273E-01 -7.536038E-07  4.571372E+23  4.536994E-01
    369  4.2008281394391012E-01  7.6969541361343393E+09  1.3717994510598104E+09  2.324028E+18  4.004879E+23  0.000000E+00  4.004879E+23  4.902082E-01 -7.535999E-07  9.038120E+22  2.256777E-01
    370  4.2048764723059512E-01  7.7065365415517397E+09  1.3680491145178137E+09  2.322412E+18 -2.741107E+24  0.000000E+00 -2.741107E+24  4.901699E-01 -7.535690E-07  1.737169E+23 -6.337474E-02
    371  4.2129731380396507E-01  7.7317146423029671E+09  1.3601458165390980E+09  2.318032E+18  2.074557E+25  0.000000E+00  2.074557E+25  4.900937E-01 -7.535827E-07 -2.143097E+23 -1.033038E-02
    372  4.2291664695070497E-01  7.7875033360681047E+09  1.3434542808251789E+09  2.307744E+18 -3.018378E+26  0.000000E+00 -3.018378E+26  4.899422E-01 -7.550522E-07  5.733492E+23 -1.899528E-03
    373  4.2545489859947988E-01  7.8496396017960901E+09  1.3182108420416470E+09  2.295270E+18  4.301382E+26  0.000000E+00  4.301382E+26  4.897076E-01 -7.557875E-07  3.451846E+24  8.024969E-03
    374  4.2898142032897579E-01  7.8751722729632521E+09  1.2846602951221333E+09  2.289040E+18  1.341334E+26  0.000000E+00  1.341334E+26  4.893930E-01 -7.457457E-07 -7.781638E+23 -5.801418E-03
    375  4.2952808446661184E-01  7.8820215137672977E+09  1.2791047568709338E+09  2.287380E+18 -3.361657E+24  0.000000E+00 -3.361657E+24  4.893455E-01 -7.460437E-07  2.595087E+23 -7.719666E-02
    376  4.3029429520990953E-01  7.8926458060308647E+09  1.2712281365375473E+09  2.284778E+18 -1.113255E+25  0.000000E+00 -1.113255E+25  4.892795E-01 -7.458008E-07  5.325176E+23 -4.783428E-02
    377  4.3172875238422198E-01  7.9052911023403015E+09  1.2566765097601151E+09  2.281322E+18 -4.122027E+25  0.000000E+00 -4.122027E+25  4.891577E-01 -7.471092E-07  1.122545E+24 -2.723284E-02
    378  4.3433453263851429E-01  7.9108344744289360E+09  1.2302306152393565E+09  2.278492E+18 -6.329486E+25  0.000000E+00 -6.329486E+25  4.889432E-01 -7.467503E-07  1.610508E+24 -2.544454E-02
    379  4.3954609314709886E-01  7.9255511380803881E+09  1.1771928912542124E+09  2.271206E+18 -8.117114E+26  0.000000E+00 -8.117114E+26  4.885402E-01 -7.404224E-07  8.106285E+24 -9.986658E-03
    380  4.4033304458186867E-01  7.9256863368239079E+09  1.1689116298074844E+09  2.270374E+18  1.438795E+25  0.000000E+00  1.438795E+25  4.884822E-01 -7.393117E-07 -1.092020E+23 -7.589820E-03
    381  4.4148823720482100E-01  7.9318454953159447E+09  1.1563023910860734E+09  2.267738E+18  2.673430E+25  0.000000E+00  2.673430E+25  4.883985E-01 -7.376095E-07 -2.117572E+23 -7.920807E-03
    382  4.4379862245072565E-01  7.9524344873447227E+09  1.1299750178135736E+09  2.260070E+18 -2.597801E+26  0.000000E+00 -2.597801E+26  4.882354E-01 -7.393159E-07  2.955981E+24 -1.137878E-02
    383  4.4419878341659502E-01  7.9550887300957508E+09  1.1259310584938416E+09  2.258986E+18  5.351246E+24  0.000000E+00  5.351246E+24  4.882078E-01 -7.392069E-07  1.114140E+23  2.082020E-02
    384  4.4468129902293618E-01  7.9578299060197897E+09  1.1215638846844249E+09  2.257888E+18  4.542988E+24  0.000000E+00  4.542988E+24  4.881747E-01 -7.391795E-07  2.960794E+23  6.517283E-02
    385  4.4564633023561845E-01  7.9659969324086123E+09  1.1208337486647644E+09  2.256483E+18  8.846699E+24  0.000000E+00  8.846699E+24  4.881088E-01 -7.398290E-07 -1.804139E+23 -2.039336E-02
    386  4.4583933647815488E-01  7.9730299724244814E+09  1.1241058924548991E+09  2.255526E+18  6.088241E+24  0.000000E+00  6.088241E+24  4.880956E-01 -7.398151E-07  4.281945E+23  7.033140E-02
    387  4.4597989691655332E-01  7.9792613556881838E+09  1.1271407118708692E+09  2.254672E+18  2.682513E+24  0.000000E+00  2.682513E+24  4.880859E-01 -7.398475E-07  1.567241E+23  5.842435E-02
    388  4.4626101779335026E-01  7.9917241222155895E+09  1.1332103507028110E+09  2.252960E+18 -2.674398E+23  0.000000E+00 -2.674398E+23  4.880664E-01 -7.398132E-07  2.684485E+23 -1.003772E+00
    389  4.4682325954694413E-01  8.0201301215778751E+09  1.1482419616030140E+09  2.249179E+18  2.742188E+25  0.000000E+00  2.742188E+25  4.880268E-01 -7.401460E-07 -3.263870E+23 -1.190243E-02
    390  4.4786644545008830E-01  8.0755862035014353E+09  1.1789624560034292E+09  2.241861E+18  3.706296E+25  0.000000E+00  3.706296E+25  4.879503E-01 -7.415447E-07  1.217903E+23  3.286038E-03
    391  4.4976356023039865E-01  8.1213344669137440E+09  1.1905199791196005E+09  2.233925E+18 -1.493055E+26  0.000000E+00 -1.493055E+26  4.878048E-01 -7.257286E-07  1.335238E+24 -8.942995E-03
    392  4.5248062309854520E-01  8.0793427985608339E+09  1.1201562556422737E+09  2.233124E+18 -3.884228E+26  0.000000E+00 -3.884228E+26  4.876083E-01 -7.235455E-07  5.121688E+23 -1.318586E-03
    393  4.5290901906647946E-01  8.0833233277975836E+09  1.1188243180663488E+09  2.232151E+18  9.709271E+24  0.000000E+00  9.709271E+24  4.875790E-01 -7.233093E-07  4.476096E+23  4.610125E-02
    394  4.5354667022381628E-01  8.0948648365599108E+09  1.1213473220772998E+09  2.230092E+18 -5.519509E+24  0.000000E+00 -5.519509E+24  4.875355E-01 -7.223560E-07  5.691017E+23 -1.031073E-01
    395  4.5482197253848994E-01  8.1415926013623619E+09  1.1451305762776697E+09  2.223472E+18 -8.305522E+25  0.000000E+00 -8.305522E+25  4.874464E-01 -7.283254E-07  2.630813E+23 -3.167547E-03
    396  4.5612231769315104E-01  8.1760922978321543E+09  1.1619086960653644E+09  2.218626E+18 -1.757066E+26  0.000000E+00 -1.757066E+26  4.873524E-01 -7.245670E-07  1.495671E+24 -8.512323E-03
    397  4.5636829958731356E-01  8.1805910069126768E+09  1.1624256844610279E+09  2.217700E+18  7.963210E+24  0.000000E+00  7.963210E+24  4.873345E-01 -7.245279E-07  2.894283E+23  3.634568E-02
    398  4.5686026337563856E-01  8.1882303591671343E+09  1.1621916118680947E+09  2.215946E+18  1.599718E+25  0.000000E+00  1.599718E+25  4.872985E-01 -7.246206E-07 -1.403091E+23 -8.770864E-03
    399  4.5784419095228857E-01  8.1840286141843071E+09  1.1441749574641979E+09  2.214062E+18  7.676176E+25  0.000000E+00  7.676176E+25  4.872276E-01 -7.258261E-07 -8.028623E+23 -1.045914E-02
    400  4.5804097646761854E-01  8.1811600479452610E+09  1.1391789877414303E+09  2.213941E+18  4.596344E+24  0.000000E+00  4.596344E+24  4.872136E-01 -7.258091E-07  1.250540E+23  2.720728E-02
    401  4.5843454749827856E-01  8.1754229154671679E+09  1.1291870482958932E+09  2.213677E+18  1.063172E+25  0.000000E+00  1.063172E+25  4.871861E-01 -7.259604E-07  2.449307E+23  2.303774E-02
    402  4.5922168955959858E-01  8.1564852332153597E+09  1.1040395979048214E+09  2.214018E+18  3.170948E+25  0.000000E+00  3.170948E+25  4.871326E-01 -7.264137E-07 -5.152081E+23 -1.624776E-02
    403  4.6079597368223857E-01  8.1143044161759386E+09  1.0550272937749795E+09  2.215829E+18  1.421080E+26  0.000000E+00  1.421080E+26  4.870323E-01 -7.263033E-07 -1.776194E+24 -1.249890E-02
    404  4.6111083050676654E-01  8.1077759696873655E+09  1.0469950662504858E+09  2.216017E+18 -1.654141E+24  0.000000E+00 -1.654141E+24  4.870132E-01 -7.262452E-07 -1.096722E+23  6.630161E-02
    405  4.6150147132139946E-01  8.1025423216370773E+09  1.0392862976213415E+09  2.215947E+18  5.553294E+24  0.000000E+00  5.553294E+24  4.869897E-01 -7.258858E-07  1.274509E+23  2.295051E-02
    406  4.6228275295066529E-01  8.0954782106798515E+09  1.0265663717603223E+09  2.215451E+18 -1.034667E+24  0.000000E+00 -1.034667E+24  4.869438E-01 -7.266889E-07  1.645105E+24 -1.589986E+00
    407  4.6384531620919700E-01  8.0963505172043476E+09  1.0152205983582270E+09  2.213466E+18  6.374104E+25  0.000000E+00  6.374104E+25  4.868540E-01 -7.289144E-07  1.460892E+23  2.291917E-03
    408  4.6697044272626043E-01  8.1155178016348324E+09  1.0134092267402660E+09  2.209496E+18 -6.599993E+25  0.000000E+00 -6.599993E+25  4.866770E-01 -7.251430E-07  7.830545E+23 -1.186448E-02
    409  4.6759546802967311E-01  8.1209723624554472E+09  1.0138437201433045E+09  2.208419E+18  7.287218E+24  0.000000E+00  7.287218E+24  4.866417E-01 -7.250136E-07  3.266236E+23  4.482144E-02
    410  4.6884551863649848E-01  8.1280503675699606E+09  1.0128833286366761E+09  2.206911E+18  2.491647E+25  0.000000E+00  2.491647E+25  4.865712E-01 -7.236885E-07 -2.592804E+23 -1.040598E-02
    411  4.6909552875786353E-01  8.1284882751879292E+09  1.0120359831668049E+09  2.206731E+18  3.889408E+24  0.000000E+00  3.889408E+24  4.865571E-01 -7.236998E-07  1.039746E+23  2.673276E-02
    412  4.6959554900059369E-01  8.1294900551218519E+09  1.0101190258997419E+09  2.206277E+18  2.063665E+25  0.000000E+00  2.063665E+25  4.865291E-01 -7.236222E-07  7.660836E+23  3.712248E-02
    413  4.7059558948605396E-01  8.1321662902184858E+09  1.0029516955796324E+09  2.204300E+18  1.691860E+25  0.000000E+00  1.691860E+25  4.864735E-01 -7.238155E-07  6.857580E+23  4.053278E-02
    414  4.7079559758314599E-01  8.1321698658933563E+09  1.0010092161260839E+09  2.203922E+18  4.277649E+24  0.000000E+00  4.277649E+24  4.864625E-01 -7.238583E-07  1.124496E+23  2.628771E-02
    415  4.7119561377733010E-01  8.1321770172430983E+09  9.9712425721898603E+08  2.203170E+18  1.007540E+25  0.000000E+00  1.007540E+25  4.864406E-01 -7.236145E-07  3.049256E+23  3.026436E-02
    416  4.7199564616569833E-01  8.1265064254221354E+09  9.8718624002449322E+08  2.202765E+18  1.308880E+25  0.000000E+00  1.308880E+25  4.863973E-01 -7.236913E-07  2.031092E+23  1.551778E-02
    417  4.7359571094243480E-01  8.1163021480076828E+09  9.6985646077532625E+08  2.202202E+18  1.401520E+26  0.000000E+00  1.401520E+26  4.863131E-01 -7.271857E-07  9.762570E+22  6.965701E-04
    418  4.7673528810027149E-01  8.2094948377269974E+09  1.0200439480842612E+09  2.189213E+18  1.164761E+26  0.000000E+00  1.164761E+26  4.861464E-01 -7.344136E-07  9.568613E+22  8.215084E-04
    419  4.7720187267811054E-01  8.2331322896023645E+09  1.0369002929371371E+09  2.186720E+18 -1.313990E+23  0.000000E+00 -1.313990E+23  4.861196E-01 -7.346812E-07  2.496563E+23 -1.899986E+00
    420  4.7790551605277082E-01  8.2645036388602867E+09  1.0574601956677377E+09  2.182906E+18 -2.649289E+25  0.000000E+00 -2.649289E+25  4.860779E-01 -7.339601E-07  5.234567E+23 -1.975839E-02
    421  4.7931280280209143E-01  8.2872406142987185E+09  1.0659990128680007E+09  2.179082E+18 -1.741335E+26  0.000000E+00 -1.741335E+26  4.859921E-01 -7.266386E-07  4.064309E+24 -2.334019E-02
    422  4.8148113540777160E-01  8.2312333030839767E+09  1.0061848464844154E+09  2.182093E+18  3.936966E+26  0.000000E+00  3.936966E+26  4.858651E-01 -7.220065E-07  1.237822E+25  3.144101E-02
    423  4.8177518121667101E-01  8.2176820219338179E+09  9.9407176183781552E+08  2.183087E+18  7.129239E+25  0.000000E+00  7.129239E+25  4.858491E-01 -7.218740E-07  9.820067E+23  1.377436E-02
    424  4.8230130685551836E-01  8.1942712877606201E+09  9.7310986665011179E+08  2.184860E+18 -5.252827E+25  0.000000E+00 -5.252827E+25  4.858215E-01 -7.223956E-07 -8.316112E+23  1.583169E-02
    425  4.8335355813321307E-01  8.1556637697335091E+09  9.3735750192420435E+08  2.187314E+18 -9.614624E+25  0.000000E+00 -9.614624E+25  4.857691E-01 -7.221272E-07 -3.579663E+24  3.723144E-02
    426  4.8356400838875202E-01  8.1494622299128504E+09  9.3119306088362527E+08  2.187617E+18  6.028449E+24  0.000000E+00  6.028449E+24  4.857590E-01 -7.221595E-07  1.192335E+23  1.977848E-02
    427  4.8398291013736061E-01  8.1386497542649622E+09  9.1980673934955049E+08  2.187889E+18 -1.064238E+25  0.000000E+00 -1.064238E+25  4.857393E-01 -7.223656E-07 -2.734113E+23  2.569080E-02
    428  4.8482071363457785E-01  8.1204291749342079E+09  9.0009444158020461E+08  2.188216E+18  1.055886E+26  0.000000E+00  1.055886E+26  4.857010E-01 -7.232796E-07  3.485730E+24  3.301238E-02
    429  4.8649632062901232E-01  8.0624968799644957E+09  8.5952171745953918E+08  2.194819E+18 -2.233953E+24  0.000000E+00 -2.233953E+24  4.856290E-01 -7.241112E-07 -1.263590E+24  5.656296E-01
    430  4.8924371278199374E-01  7.9503807543284988E+09  7.8028781021368694E+08  2.205534E+18 -1.260682E+27  0.000000E+00 -1.260682E+27  4.855259E-01 -7.098818E-07  1.916665E+24 -1.520340E-03
    431  4.8947057977268382E-01  7.9423007572266951E+09  7.7419281309197652E+08  2.206271E+18  1.309166E+25  0.000000E+00  1.309166E+25  4.855182E-01 -7.083476E-07  9.139232E+22  6.980959E-03
    432  4.8977933858052336E-01  7.9309603613465967E+09  7.6595815787553024E+08  2.207168E+18 -8.532722E+24  0.000000E+00 -8.532722E+24  4.855078E-01 -7.083859E-07 -1.606958E+23  1.883288E-02
    433  4.9039685619620244E-01  7.9067841864895439E+09  7.4975176917884612E+08  2.209443E+18 -3.734295E+25  0.000000E+00 -3.734295E+25  4.854877E-01 -7.082148E-07 -6.349944E+23  1.700440E-02
    434  4.9163189142756059E-01  7.8571866083976116E+09  7.1852459405573082E+08  2.214482E+18 -8.862014E+25  0.000000E+00 -8.862014E+25  4.854498E-01 -7.103274E-07 -2.203059E+24  2.485957E-02
    435  4.9401355032366034E-01  7.7852806130647898E+09  6.6911086743901598E+08  2.219839E+18  6.868703E+25  0.000000E+00  6.868703E+25  4.853841E-01 -7.104262E-07 -5.790254E+23 -8.429909E-03
    436  4.9807051345217118E-01  7.7411116165951166E+09  6.3790563025846767E+08  2.222920E+18  4.867141E+25  0.000000E+00  4.867141E+25  4.852845E-01 -7.110417E-07 -3.320403E+24 -6.822082E-02
    437  5.0150098740834037E-01  7.7235383161716900E+09  6.2441562877002883E+08  2.224100E+18 -3.684166E+25  0.000000E+00 -3.684166E+25  4.852044E-01 -7.124947E-07 -1.416586E+24  3.845067E-02
    438  5.0672942286531086E-01  7.6599466582437811E+09  5.8436787183571374E+08  2.229246E+18  4.934389E+26  0.000000E+00  4.934389E+26  4.850920E-01 -7.126014E-07  1.950106E+24  3.952072E-03
    439  5.1153037042676763E-01  7.6008983452880545E+09  5.4772230232663202E+08  2.233188E+18  4.709399E+24  0.000000E+00  4.709399E+24  4.850006E-01 -7.139351E-07 -2.991239E+24 -6.351636E-01
    440  5.1888105591504285E-01  7.4996002680933275E+09  4.9553095379758954E+08  2.242728E+18  2.650210E+25  0.000000E+00  2.650210E+25  4.848803E-01 -7.146966E-07 -5.210542E+24 -1.966086E-01
    441  5.1988105589269107E-01  7.4874442754802427E+09  4.8883958908216029E+08  2.243627E+18  3.870794E+24  0.000000E+00  3.870794E+24  4.848655E-01 -7.143970E-07  1.423730E+23  3.678134E-02
    442  5.2000077758183150E-01  7.4858814283537292E+09  4.8801837779423970E+08  2.243746E+18 -2.467816E+23  0.000000E+00 -2.467816E+23  4.848638E-01 -7.144016E-07 -7.983074E+21  3.234874E-02
    443  5.2024022096011235E-01  7.4827542200493498E+09  4.8637574347175825E+08  2.243988E+18 -3.225628E+23  0.000000E+00 -3.225628E+23  4.848603E-01 -7.144002E-07 -1.016101E+22  3.150087E-02
    444  5.2071910771667418E-01  7.4764998034405870E+09  4.8309047482679456E+08  2.244465E+18 -8.133691E+23  0.000000E+00 -8.133691E+23  4.848534E-01 -7.144334E-07 -2.447302E+22  3.008845E-02
    445  5.2167688122979783E-01  7.4596206000287876E+09  4.7668088632872754E+08  2.246788E+18 -8.072653E+24  0.000000E+00 -8.072653E+24  4.848399E-01 -7.144968E-07 -1.520732E+23  1.883807E-02
    446  5.2359242825604502E-01  7.4289135146568947E+09  4.6329637042509902E+08  2.250138E+18 -1.406330E+25  0.000000E+00 -1.406330E+25  4.848140E-01 -7.136948E-07 -3.436024E+23  2.443256E-02
    447  5.2397553766129445E-01  7.4231715287514133E+09  4.6053361365688705E+08  2.250641E+18 -1.986051E+23  0.000000E+00 -1.986051E+23  4.848089E-01 -7.136968E-07 -7.821527E+21  3.938230E-02
    448  5.2474175647179333E-01  7.4104646620891008E+09  4.5504522706723332E+08  2.251985E+18 -5.876370E+24  0.000000E+00 -5.876370E+24  4.847990E-01 -7.136620E-07 -1.891947E+23  3.219584E-02
    449  5.2627419409279108E-01  7.3821794658361101E+09  4.4444046918601871E+08  2.255628E+18 -2.260345E+25  0.000000E+00 -2.260345E+25  4.847799E-01 -7.134289E-07 -5.730698E+23  2.535320E-02
    450  5.2658068161699068E-01  7.3768100521815100E+09  4.4233187699218076E+08  2.256284E+18 -9.492227E+22  0.000000E+00 -9.492227E+22  4.847761E-01 -7.134278E-07 -4.796178E+21  5.052742E-02
    451  5.2719365666538975E-01  7.3663247152981634E+09  4.3812112125278193E+08  2.257473E+18 -2.297704E+24  0.000000E+00 -2.297704E+24  4.847688E-01 -7.133897E-07 -5.813978E+22  2.530342E-02
    452  5.2841960676218791E-01  7.3454942668117752E+09  4.2981451389410591E+08  2.259807E+18 -1.244301E+25  0.000000E+00 -1.244301E+25  4.847544E-01 -7.134935E-07 -3.197162E+23  2.569445E-02
    453  5.3087150695578433E-01  7.3054545507402744E+09  4.1453016949592090E+08  2.264418E+18 -6.525784E+25  0.000000E+00 -6.525784E+25  4.847272E-01 -7.126006E-07 -1.637959E+24  2.509981E-02
    454  5.3577530734297718E-01  7.2284655579175882E+09  3.8443339547771275E+08  2.272371E+18 -2.937306E+24  0.000000E+00 -2.937306E+24  4.846779E-01 -7.116741E-07 -1.320107E+24  4.494278E-01
    455  5.3668541459312602E-01  7.2133612952566538E+09  3.7899309931970912E+08  2.274093E+18 -6.009940E+23  0.000000E+00 -6.009940E+23  4.846694E-01 -7.116920E-07 -1.374259E+22  2.286644E-02
    456  5.3788333247235876E-01  7.1937050109163866E+09  3.7195610857441032E+08  2.276238E+18 -4.425578E+24  0.000000E+00 -4.425578E+24  4.846587E-01 -7.116577E-07 -1.212447E+23  2.739636E-02
    457  5.4027916823082422E-01  7.1523410630480118E+09  3.5802830807281172E+08  2.281020E+18 -4.900424E+24  0.000000E+00 -4.900424E+24  4.846382E-01 -7.115272E-07 -2.350106E+23  4.795719E-02
    458  5.4075833538251727E-01  7.1438389472231865E+09  3.5535934811063945E+08  2.282082E+18 -5.499444E+23  0.000000E+00 -5.499444E+23  4.846343E-01 -7.115199E-07 -1.871198E+22  3.402522E-02
    459  5.4125504760099630E-01  7.1352087740544949E+09  3.5260435052959949E+08  2.283116E+18 -1.288311E+24  0.000000E+00 -1.288311E+24  4.846303E-01 -7.115175E-07 -4.609077E+22  3.577613E-02
    460  5.4224847203795423E-01  7.1187762294731884E+09  3.4713574202258104E+08  2.284944E+18 -2.920250E+24  0.000000E+00 -2.920250E+24  4.846225E-01 -7.115378E-07 -8.753533E+22  2.997528E-02
    461  5.4423532091187010E-01  7.0859486012868433E+09  3.3672927283180785E+08  2.288763E+18 -4.299987E+23  0.000000E+00 -4.299987E+23  4.846074E-01 -7.116402E-07  3.688342E+22 -8.577566E-02
    462  5.4820901865970195E-01  7.0250539687302580E+09  3.1802835633809900E+08  2.295719E+18 -3.363774E+25  0.000000E+00 -3.363774E+25  4.845797E-01 -7.119821E-07 -1.180083E+24  3.508212E-02
    463  5.4893784430245340E-01  7.0148858988739014E+09  3.1479995808915609E+08  2.296845E+18  1.299756E+24  0.000000E+00  1.299756E+24  4.845749E-01 -7.120111E-07  4.523851E+22  3.480540E-02
    464  5.4977628435541270E-01  7.0033123501126337E+09  3.1109116547776729E+08  2.298015E+18 -5.166159E+23  0.000000E+00 -5.166159E+23  4.845695E-01 -7.120205E-07 -1.644463E+22  3.183144E-02
    465  5.5145316446133130E-01  6.9774092125109797E+09  3.0380988811952937E+08  2.301131E+18  6.407125E+23  0.000000E+00  6.407125E+23  4.845590E-01 -7.120825E-07  8.749801E+22  1.365636E-01
    466  5.5466106188541409E-01  6.9291228004055243E+09  2.9013072897769308E+08  2.306644E+18  6.695791E+23  0.000000E+00  6.695791E+23  4.845403E-01 -7.131089E-07  2.315659E+23  3.458381E-01
    467  5.5517878842360724E-01  6.9206135591077452E+09  2.8800590058191109E+08  2.307717E+18 -4.110320E+23  0.000000E+00 -4.110320E+23  4.845374E-01 -7.131149E-07 -1.918566E+22  4.667681E-02
    468  5.5584810318477273E-01  6.9093365360654840E+09  2.8526792738779962E+08  2.309201E+18 -3.155653E+23  0.000000E+00 -3.155653E+23  4.845337E-01 -7.131207E-07 -1.282534E+22  4.064242E-02
    469  5.5715243234189471E-01  6.8898393944548721E+09  2.7993883887295371E+08  2.311385E+18 -1.359822E+24  0.000000E+00 -1.359822E+24  4.845267E-01 -7.130790E-07 -5.932220E+22  4.362496E-02
    470  5.5969383917788007E-01  6.8508383555564709E+09  2.6997709607114887E+08  2.316002E+18  2.220522E+24  0.000000E+00  2.220522E+24  4.845138E-01 -7.130281E-07 -1.394237E+23 -6.278869E-02
    471  5.6438354584536765E-01  6.7784952246002989E+09  2.5230164475872871E+08  2.324361E+18 -4.178109E+23  0.000000E+00 -4.178109E+23  4.844921E-01 -7.133589E-07 -1.123379E+24  2.688726E+00
    472  5.6503004793239742E-01  6.7692897351929121E+09  2.4988289020948678E+08  2.325401E+18  2.876846E+22  0.000000E+00  2.876846E+22  4.844893E-01 -7.133508E-07 -1.100072E+20 -3.823882E-03
    473  5.6590988874552850E-01  6.7537206563482428E+09  2.4672407300670502E+08  2.327484E+18 -4.152975E+23  0.000000E+00 -4.152975E+23  4.844856E-01 -7.133446E-07 -2.022645E+22  4.870351E-02
    474  5.6691878469485713E-01  6.7339771972749367E+09  2.4322029941660607E+08  2.330393E+18 -9.599143E+23  0.000000E+00 -9.599143E+23  4.844815E-01 -7.133327E-07 -3.936386E+22  4.100768E-02
    475  5.6893657659351449E-01  6.7050866281203117E+09  2.3589833436889070E+08  2.333246E+18 -5.046215E+24  0.000000E+00 -5.046215E+24  4.844735E-01 -7.132871E-07 -2.433125E+22  4.821683E-03
    476  5.7200576673800962E-01  6.6567085206495981E+09  2.2534203705890250E+08  2.338804E+18  1.306567E+25  0.000000E+00  1.306567E+25  4.844622E-01 -7.134033E-07 -1.941721E+23 -1.486124E-02
    477  5.7233097740051964E-01  6.6517733993068819E+09  2.2421769264308941E+08  2.339328E+18 -6.756562E+22  0.000000E+00 -6.756562E+22  4.844611E-01 -7.134061E-07 -2.308838E+20  3.417179E-03
    478  5.7286525430960400E-01  6.6419351820995331E+09  2.2243735839754945E+08  2.340622E+18 -1.313513E+23  0.000000E+00 -1.313513E+23  4.844592E-01 -7.134053E-07 -8.194703E+21  6.238768E-02
    479  5.7393380812777262E-01  6.6178661948126163E+09  2.1911005403583506E+08  2.344368E+18 -1.006257E+24  0.000000E+00 -1.006257E+24  4.844556E-01 -7.134104E-07 -3.682864E+22  3.659963E-02
    480  5.7576201521957759E-01  6.5970969708868494E+09  2.1292450281703717E+08  2.345586E+18 -1.353170E+24  0.000000E+00 -1.353170E+24  4.844496E-01 -7.134354E-07  4.259917E+22 -3.148102E-02
    481  5.7839983175274146E-01  6.5515998824800043E+09  2.0466552599454802E+08  2.351209E+18  4.352274E+24  0.000000E+00  4.352274E+24  4.844417E-01 -7.134753E-07 -1.506057E+23 -3.460391E-02
    482  5.8117529288945136E-01  6.5047757354553137E+09  1.9635950683798504E+08  2.356822E+18 -6.231560E+23  0.000000E+00 -6.231560E+23  4.844345E-01 -7.135149E-07 -1.077733E+22  1.729475E-02
    483  5.8398166735280777E-01  6.4589303394531984E+09  1.8840276698783085E+08  2.362127E+18 -1.009831E+24  0.000000E+00 -1.009831E+24  4.844277E-01 -7.134976E-07 -1.208155E+23  1.196393E-01
    484  5.8654596999999997E-01  6.4251993000000000E+09  1.8124975000000000E+08  2.365013E+18 -6.311573E+23  0.000000E+00 -6.311573E+23  4.844219E-01 -7.135961E-07 -1.086344E+23  1.721193E-01
