                           time                    temp                     den                    ener                    sdot                   sneut                   s-snu                      ye                   1-sum
      1  1.0175522000000001E-04  9.8688104000000000E+07  7.8888152999999998E+06  1.382835E+17 -3.841752E-07  0.000000E+00 -3.841752E-07  5.000000E-01  0.000000E+00  7.126061E-09 -1.854899E-02
      2  1.0175522001017553E-04  9.8688103999999985E+07  7.8888152999999980E+06  1.382835E+17 -3.841752E-07  0.000000E+00 -3.841752E-07  5.000000E-01  0.000000E+00  7.126061E-09 -1.854899E-02
      3  1.0175522003052657E-04  9.8688103999999955E+07  7.8888152999999933E+06  1.382835E+17 -3.841752E-07  0.000000E+00 -3.841752E-07  5.000000E-01  0.000000E+00  7.126061E-09 -1.854899E-02
      4  1.0175522007122866E-04  9.8688103999999896E+07  7.8888152999999849E+06  1.382835E+17 -3.841752E-07  0.000000E+00 -3.841752E-07  5.000000E-01  0.000000E+00  7.126061E-09 -1.854899E-02
      5  1.0175522015263284E-04  9.8688103999999791E+07  7.8888152999999691E+06  1.382835E+17 -3.841752E-07  0.000000E+00 -3.841752E-07  5.000000E-01  0.000000E+00  7.126061E-09 -1.854899E-02
      6  1.0175522031544119E-04  9.8688103999999568E+07  7.8888152999999356E+06  1.382835E+17 -3.841752E-07  0.000000E+00 -3.841752E-07  5.000000E-01  0.000000E+00  7.126061E-09 -1.854899E-02
      7  1.0175522064105789E-04  9.8688103999999121E+07  7.8888152999998694E+06  1.382835E+17 -3.841752E-07  0.000000E+00 -3.841752E-07  5.000000E-01  0.000000E+00  7.126061E-09 -1.854899E-02
      8  1.0175522129229130E-04  9.8688103999998227E+07  7.8888152999997372E+06  1.382835E+17 -3.841752E-07  0.000000E+00 -3.841752E-07  5.000000E-01  0.000000E+00  7.126061E-09 -1.854899E-02
      9  1.0175522259475811E-04  9.8688103999996439E+07  7.8888152999994727E+06  1.382835E+17 -3.841752E-07  0.000000E+00 -3.841752E-07  5.000000E-01  0.000000E+00  7.126061E-09 -1.854899E-02
     10  1.0175522519969174E-04  9.8688103999992862E+07  7.8888152999989437E+06  1.382835E+17 -3.841752E-07  0.000000E+00 -3.841752E-07  5.000000E-01  0.000000E+00  7.126061E-09 -1.854899E-02
     11  1.0175523040955900E-04  9.8688103999985710E+07  7.8888152999978866E+06  1.382835E+17 -3.841752E-07  0.000000E+00 -3.841752E-07  5.000000E-01  0.000000E+00  7.126061E-09 -1.854899E-02
     12  1.0175524082929354E-04  9.8688103999971405E+07  7.8888152999957707E+06  1.382835E+17 -3.841752E-07  0.000000E+00 -3.841752E-07  5.000000E-01  0.000000E+00  7.126061E-09 -1.854899E-02
     13  1.0175526166876259E-04  9.8688103999942809E+07  7.8888152999915387E+06  1.382835E+17 -3.841752E-07  0.000000E+00 -3.841752E-07  5.000000E-01  0.000000E+00  7.126061E-09 -1.854899E-02
     14  1.0175530334770070E-04  9.8688103999885604E+07  7.8888152999830758E+06  1.382835E+17 -3.841752E-07  0.000000E+00 -3.841752E-07  5.000000E-01  0.000000E+00  7.126061E-09 -1.854899E-02
     15  1.0175538670557692E-04  9.8688103999771178E+07  7.8888152999661509E+06  1.382835E+17 -3.841752E-07  0.000000E+00 -3.841752E-07  5.000000E-01  0.000000E+00  7.126061E-09 -1.854899E-02
     16  1.0175555342132937E-04  9.8688103999542341E+07  7.8888152999322992E+06  1.382835E+17 -3.841752E-07  0.000000E+00 -3.841752E-07  5.000000E-01  0.000000E+00  7.126061E-09 -1.854899E-02
     17  1.0175588685283427E-04  9.8688103999084681E+07  7.8888152998645967E+06  1.382835E+17 -3.841752E-07  0.000000E+00 -3.841752E-07  5.000000E-01  0.000000E+00  7.126061E-09 -1.854899E-02
     18  1.0175655371584406E-04  9.8688103998169333E+07  7.8888152997291917E+06  1.382835E+17 -3.841751E-07  0.000000E+00 -3.841751E-07  5.000000E-01  0.000000E+00  7.126061E-09 -1.854899E-02
     19  1.0175788744186364E-04  9.8688103996338665E+07  7.8888152994583817E+06  1.382835E+17 -3.841751E-07  0.000000E+00 -3.841751E-07  5.000000E-01  0.000000E+00  7.126061E-09 -1.854899E-02
     20  1.0176055489390281E-04  9.8688103992677316E+07  7.8888152989167627E+06  1.382835E+17 -3.841749E-07  0.000000E+00 -3.841749E-07  5.000000E-01  0.000000E+00  7.126060E-09 -1.854900E-02
     21  1.0176588979798114E-04  9.8688103985354617E+07  7.8888152978335228E+06  1.382835E+17 -3.841747E-07  0.000000E+00 -3.841747E-07  5.000000E-01  0.000000E+00  7.126059E-09 -1.854901E-02
     22  1.0177655960613782E-04  9.8688103970709220E+07  7.8888152956670430E+06  1.382835E+17 -3.841741E-07  0.000000E+00 -3.841741E-07  5.000000E-01  0.000000E+00  7.126057E-09 -1.854903E-02
     23  1.0179789922245117E-04  9.8688103941418409E+07  7.8888152913340852E+06  1.382835E+17 -3.841730E-07  0.000000E+00 -3.841730E-07  5.000000E-01  0.000000E+00  7.126053E-09 -1.854907E-02
     24  1.0184057845507785E-04  9.8688103882836819E+07  7.8888152826681677E+06  1.382835E+17 -3.841709E-07  0.000000E+00 -3.841709E-07  5.000000E-01  0.000000E+00  7.126044E-09 -1.854915E-02
     25  1.0192593692033123E-04  9.8688103765673622E+07  7.8888152653363338E+06  1.382835E+17 -3.841666E-07  0.000000E+00 -3.841666E-07  5.000000E-01  0.000000E+00  7.126026E-09 -1.854931E-02
     26  1.0209665385083798E-04  9.8688103531347215E+07  7.8888152306726649E+06  1.382835E+17 -3.841580E-07  0.000000E+00 -3.841580E-07  5.000000E-01  0.000000E+00  7.125990E-09 -1.854963E-02
     27  1.0243808771185149E-04  9.8688103062694415E+07  7.8888151613453282E+06  1.382835E+17 -3.841408E-07  0.000000E+00 -3.841408E-07  5.000000E-01  0.000000E+00  7.125919E-09 -1.855028E-02
     28  1.0312095543387850E-04  9.8688102125388831E+07  7.8888150226906547E+06  1.382835E+17 -3.841064E-07  0.000000E+00 -3.841064E-07  5.000000E-01  0.000000E+00  7.125776E-09 -1.855157E-02
     29  1.0448669087793252E-04  9.8688100250777647E+07  7.8888147453813078E+06  1.382835E+17 -3.840376E-07  0.000000E+00 -3.840376E-07  5.000000E-01  0.000000E+00  7.125491E-09 -1.855415E-02
     30  1.0721816176604055E-04  9.8688096501555279E+07  7.8888141907626148E+06  1.382835E+17 -3.839000E-07  0.000000E+00 -3.839000E-07  5.000000E-01  0.000000E+00  7.124920E-09 -1.855931E-02
     31  1.1268110354225661E-04  9.8688089003110543E+07  7.8888130815252271E+06  1.382835E+17 -3.838582E-07  0.000000E+00 -3.838582E-07  5.000000E-01  0.000000E+00  7.125954E-09 -1.856403E-02
     32  1.2360698709468874E-04  9.8688074006221056E+07  7.8888108630504524E+06  1.382835E+17 -3.878498E-07  0.000000E+00 -3.878498E-07  5.000000E-01  0.000000E+00  7.167485E-09 -1.848005E-02
     33  1.4545875419955299E-04  9.8688044012442112E+07  7.8888064261009041E+06  1.382835E+17 -3.982196E-07  0.000000E+00 -3.982196E-07  5.000000E-01  0.000000E+00  7.296801E-09 -1.832356E-02
     34  1.8916228840928150E-04  9.8687984024884209E+07  7.8887975522018056E+06  1.382835E+17 -4.071737E-07  0.000000E+00 -4.071737E-07  5.000000E-01  0.000000E+00  7.471721E-09 -1.835020E-02
     35  2.7656935682873854E-04  9.8687864913707107E+07  7.8887798217522511E+06  1.382835E+17 -3.857609E-07  0.000000E+00 -3.857609E-07  5.000000E-01  0.000000E+00  7.385000E-09 -1.914398E-02
     36  4.5138349366765263E-04  9.8687628495947972E+07  7.8887444028893039E+06  1.382835E+17 -3.652893E-07  0.000000E+00 -3.652893E-07  5.000000E-01  0.000000E+00  7.150889E-09 -1.957596E-02
     37  8.0101176734548069E-04  9.8687161506702796E+07  7.8886739561140621E+06  1.382835E+17 -3.635470E-07  0.000000E+00 -3.635470E-07  5.000000E-01  0.000000E+00  7.041098E-09 -1.936778E-02
     38  1.5002683147011370E-03  9.8686267575223491E+07  7.8885360812666323E+06  1.382835E+17 -3.548429E-07  0.000000E+00 -3.548429E-07  5.000000E-01  0.000000E+00  7.005882E-09 -1.974361E-02
     39  2.8987814094124497E-03  9.8684639158405647E+07  7.8882789549682904E+06  1.382835E+17 -3.455025E-07  0.000000E+00 -3.455025E-07  5.000000E-01  0.000000E+00  6.969521E-09 -2.017213E-02
     40  5.6958075988350742E-03  9.8682157722559616E+07  7.8878956565465499E+06  1.382835E+17 -3.364721E-07  0.000000E+00 -3.364721E-07  5.000000E-01  0.000000E+00  6.937418E-09 -2.061811E-02
     41  1.1289859977680325E-02  9.8680975256189898E+07  7.8877641573002636E+06  1.382835E+17 -3.292780E-07  0.000000E+00 -3.292780E-07  5.000000E-01  0.000000E+00  6.919303E-09 -2.101356E-02
     42  2.1289859754162907E-02  9.8664480175300926E+07  7.8871472726725368E+06  1.382835E+17 -3.248879E-07  0.000000E+00 -3.248879E-07  5.000000E-01  0.000000E+00  6.910563E-09 -2.127060E-02
     43  3.1289859530645489E-02  9.8880560749767363E+07  7.8807048289962998E+06  1.382835E+17 -3.281728E-07  0.000000E+00 -3.281728E-07  5.000000E-01  0.000000E+00  7.062205E-09 -2.151978E-02
     44  4.1289859307128071E-02  1.0166091176773205E+08  7.9090658524866542E+06  1.382835E+17 -4.226201E-07  0.000000E+00 -4.226201E-07  5.000000E-01  0.000000E+00  9.161481E-09 -2.167782E-02
     45  5.1289859083610653E-02  1.0198954504460242E+08  7.8590965721871993E+06  1.382835E+17 -4.330256E-07  0.000000E+00 -4.330256E-07  5.000000E-01  0.000000E+00  9.450763E-09 -2.182495E-02
     46  6.1289858860093235E-02  1.0148381968118031E+08  7.7998934239021633E+06  1.382835E+17 -4.109609E-07  0.000000E+00 -4.109609E-07  5.000000E-01  0.000000E+00  9.045029E-09 -2.200947E-02
     47  7.1289858636575817E-02  1.0232854935992256E+08  7.9862743368477998E+06  1.382835E+17 -4.391829E-07  0.000000E+00 -4.391829E-07  5.000000E-01  0.000000E+00  9.748207E-09 -2.219624E-02
     48  8.1289858413058400E-02  1.0308951722152875E+08  7.7745893629441215E+06  1.382835E+17 -4.683284E-07  0.000000E+00 -4.683284E-07  5.000000E-01  0.000000E+00  1.043244E-08 -2.227590E-02
     49  9.1289858189540982E-02  1.0183102023402730E+08  7.6671824873505021E+06  1.382835E+17 -4.151336E-07  0.000000E+00 -4.151336E-07  5.000000E-01  0.000000E+00  9.354220E-09 -2.253303E-02
     50  1.0128985796602356E-01  1.0495116418115348E+08  8.0324910188564444E+06  1.382835E+17 -5.398034E-07  0.000000E+00 -5.398034E-07  5.000000E-01  0.000000E+00  1.218214E-08 -2.256774E-02
     51  1.1128985774250615E-01  1.0570732092234336E+08  8.0211886671156110E+06  1.382835E+17 -5.732171E-07  0.000000E+00 -5.732171E-07  5.000000E-01  0.000000E+00  1.296927E-08 -2.262540E-02
     52  1.2128985751898873E-01  1.0272996793993907E+08  7.6658815879118908E+06  1.382835E+17 -4.421430E-07  0.000000E+00 -4.421430E-07  5.000000E-01  0.000000E+00  1.015054E-08 -2.295759E-02
     53  1.3128985729547132E-01  1.0935368162943552E+08  7.8890695733335037E+06  1.382835E+17 -7.503511E-07  0.000000E+00 -7.503511E-07  5.000000E-01  0.000000E+00  1.710493E-08 -2.279590E-02
     54  1.4128985707195391E-01  1.1065752381311284E+08  8.0534105656995140E+06  1.382835E+17 -8.241036E-07  0.000000E+00 -8.241036E-07  5.000000E-01  0.000000E+00  1.880860E-08 -2.282310E-02
     55  1.5128985684843649E-01  1.0872665505819200E+08  7.6348963361241985E+06  1.382835E+17 -7.193700E-07  0.000000E+00 -7.193700E-07  5.000000E-01  0.000000E+00  1.643422E-08 -2.284530E-02
     56  1.6128985662491907E-01  1.1339768086736749E+08  7.7806024140872266E+06  1.382835E+17 -9.879439E-07  0.000000E+00 -9.879439E-07  5.000000E-01  0.000000E+00  2.267564E-08 -2.295236E-02
     57  1.7128985640140165E-01  1.1581223614778306E+08  7.9315456203484135E+06  1.382835E+17 -1.147986E-06  0.000000E+00 -1.147986E-06  5.000000E-01  0.000000E+00  2.646654E-08 -2.305476E-02
     58  1.8128985617788423E-01  1.1628078740054584E+08  7.8135127923298776E+06  1.382835E+17 -1.182973E-06  0.000000E+00 -1.182973E-06  5.000000E-01  0.000000E+00  2.729320E-08 -2.307171E-02
     59  1.9128985595436682E-01  1.1674995238368650E+08  7.8661431764924265E+06  1.382835E+17 -1.213848E-06  0.000000E+00 -1.213848E-06  5.000000E-01  0.000000E+00  2.809710E-08 -2.314714E-02
     60  2.0128985573084940E-01  1.1865704729060018E+08  7.9402043008134207E+06  1.382835E+17 -1.349738E-06  0.000000E+00 -1.349738E-06  5.000000E-01  0.000000E+00  3.145212E-08 -2.330239E-02
     61  2.1128985550733198E-01  1.1714682865241322E+08  7.6604195937809665E+06  1.382835E+17 -1.238322E-06  0.000000E+00 -1.238322E-06  5.000000E-01  0.000000E+00  2.881601E-08 -2.327021E-02
     62  2.2128985528381456E-01  1.1924836672798474E+08  7.9167331788707189E+06  1.382835E+17 -1.387736E-06  0.000000E+00 -1.387736E-06  5.000000E-01  0.000000E+00  3.255167E-08 -2.345667E-02
     63  2.3128985506029714E-01  1.2770614427190685E+08  8.1951569748460706E+06  1.382835E+17 -2.100291E-06  0.000000E+00 -2.100291E-06  5.000000E-01  0.000000E+00  5.074120E-08 -2.415912E-02
     64  2.4128985483677973E-01  1.3126187824899024E+08  8.0726130469703395E+06  1.382835E+17 -2.455975E-06  0.000000E+00 -2.455975E-06  5.000000E-01  0.000000E+00  6.014040E-08 -2.448738E-02
     65  2.5128985461326231E-01  1.2466770434319505E+08  7.6355537289591925E+06  1.382835E+17 -1.837896E-06  0.000000E+00 -1.837896E-06  5.000000E-01  0.000000E+00  4.380836E-08 -2.383615E-02
     66  2.6128985438974489E-01  1.2655178643620966E+08  7.7889304642534535E+06  1.382835E+17 -1.995223E-06  0.000000E+00 -1.995223E-06  5.000000E-01  0.000000E+00  4.808777E-08 -2.410145E-02
     67  2.7128985416622747E-01  1.2868503266708335E+08  7.9210292921512499E+06  1.382835E+17 -2.190967E-06  0.000000E+00 -2.190967E-06  5.000000E-01  0.000000E+00  5.333494E-08 -2.434310E-02
     68  2.8128985394271006E-01  1.3065232693225603E+08  8.1135179434114918E+06  1.382835E+17 -2.381200E-06  0.000000E+00 -2.381200E-06  5.000000E-01  0.000000E+00  5.850507E-08 -2.456958E-02
     69  2.9128985371919264E-01  1.3269310318277782E+08  8.0488838384495126E+06  1.382835E+17 -2.585869E-06  0.000000E+00 -2.585869E-06  5.000000E-01  0.000000E+00  6.420276E-08 -2.482831E-02
     70  3.0128985349567522E-01  1.2908573161355977E+08  7.5758347696424983E+06  1.382835E+17 -2.225833E-06  0.000000E+00 -2.225833E-06  5.000000E-01  0.000000E+00  5.445139E-08 -2.446338E-02
     71  3.1128985327215780E-01  1.2903699936037414E+08  7.6622368417254966E+06  1.382835E+17 -2.214035E-06  0.000000E+00 -2.214035E-06  5.000000E-01  0.000000E+00  5.428560E-08 -2.451885E-02
     72  3.2128985304864038E-01  1.3226746168231359E+08  7.9706954690533318E+06  1.382835E+17 -2.528438E-06  0.000000E+00 -2.528438E-06  5.000000E-01  0.000000E+00  6.296876E-08 -2.490421E-02
     73  3.3128985282512297E-01  1.3366032091671821E+08  8.0911039044535588E+06  1.382835E+17 -2.673779E-06  0.000000E+00 -2.673779E-06  5.000000E-01  0.000000E+00  6.703216E-08 -2.507020E-02
     74  3.4128985260160555E-01  1.3342621554930086E+08  7.9441300954333059E+06  1.382835E+17 -2.648796E-06  0.000000E+00 -2.648796E-06  5.000000E-01  0.000000E+00  6.637539E-08 -2.505870E-02
     75  3.5128985237808813E-01  1.2858676435357012E+08  7.4300031979329148E+06  1.382835E+17 -2.160686E-06  0.000000E+00 -2.160686E-06  5.000000E-01  0.000000E+00  5.318863E-08 -2.461655E-02
     76  3.6128985215457071E-01  1.2865625895940286E+08  7.5417887845638003E+06  1.382835E+17 -2.160102E-06  0.000000E+00 -2.160102E-06  5.000000E-01  0.000000E+00  5.331219E-08 -2.468040E-02
     77  3.7128985193105329E-01  1.3494737672493163E+08  7.8396408987644147E+06  1.382835E+17 -2.790823E-06  0.000000E+00 -2.790823E-06  5.000000E-01  0.000000E+00  7.083100E-08 -2.537997E-02
     78  3.8128985170753588E-01  1.3812915672224298E+08  7.8241999077843297E+06  1.382835E+17 -3.148981E-06  0.000000E+00 -3.148981E-06  5.000000E-01  0.000000E+00  8.110990E-08 -2.575751E-02
     79  3.9128985148401846E-01  1.3870714894717523E+08  7.7436638508756896E+06  1.382835E+17 -3.217152E-06  0.000000E+00 -3.217152E-06  5.000000E-01  0.000000E+00  8.311560E-08 -2.583515E-02
     80  4.0128985126050104E-01  1.3730724070365262E+08  7.5571280298738489E+06  1.382835E+17 -3.057304E-06  0.000000E+00 -3.057304E-06  5.000000E-01  0.000000E+00  7.845988E-08 -2.566309E-02
     81  4.1128985103698362E-01  1.3748759787542069E+08  7.5910613186889691E+06  1.382835E+17 -3.071788E-06  0.000000E+00 -3.071788E-06  5.000000E-01  0.000000E+00  7.902814E-08 -2.572708E-02
     82  4.2128985081346620E-01  1.3951302309364176E+08  7.8198159456754467E+06  1.382835E+17 -3.299011E-06  0.000000E+00 -3.299011E-06  5.000000E-01  0.000000E+00  8.586987E-08 -2.602898E-02
     83  4.3128985058994879E-01  1.4108667560783160E+08  7.8130565620968966E+06  1.382835E+17 -3.482396E-06  0.000000E+00 -3.482396E-06  5.000000E-01  0.000000E+00  9.148875E-08 -2.627178E-02
     84  4.4128985036643137E-01  1.4058503190074137E+08  7.6336192138547339E+06  1.382835E+17 -3.424507E-06  0.000000E+00 -3.424507E-06  5.000000E-01  0.000000E+00  8.971358E-08 -2.619752E-02
     85  4.5128985014291395E-01  1.4492734475559309E+08  7.6360874120223848E+06  1.382835E+17 -3.944967E-06  0.000000E+00 -3.944967E-06  5.000000E-01  0.000000E+00  1.061890E-07 -2.691759E-02
     86  4.6128984991939653E-01  1.4442094516082743E+08  7.4316851175483139E+06  1.382835E+17 -3.887086E-06  0.000000E+00 -3.887086E-06  5.000000E-01  0.000000E+00  1.042452E-07 -2.681835E-02
     87  4.7128984969587912E-01  1.4573009125585964E+08  7.4996154424476810E+06  1.382835E+17 -4.048708E-06  0.000000E+00 -4.048708E-06  5.000000E-01  0.000000E+00  1.095390E-07 -2.705530E-02
     88  4.8128984947236170E-01  1.4864838580474159E+08  7.7492712742966330E+06  1.382835E+17 -4.420686E-06  0.000000E+00 -4.420686E-06  5.000000E-01  0.000000E+00  1.220272E-07 -2.760368E-02
     89  4.9128984924884428E-01  1.4642556425212178E+08  7.4870522707354985E+06  1.382835E+17 -4.135730E-06  0.000000E+00 -4.135730E-06  5.000000E-01  0.000000E+00  1.124767E-07 -2.719633E-02
     90  5.0128984902532681E-01  1.4520221607105488E+08  7.4599499838243518E+06  1.382835E+17 -3.978231E-06  0.000000E+00 -3.978231E-06  5.000000E-01  0.000000E+00  1.074164E-07 -2.700103E-02
     91  5.1128984880180939E-01  1.4854474383858934E+08  7.4611461905947300E+06  1.382835E+17 -4.399653E-06  0.000000E+00 -4.399653E-06  5.000000E-01  0.000000E+00  1.215635E-07 -2.763024E-02
     92  5.2128984857829197E-01  1.5780097846713871E+08  7.4085221257242830E+06  1.382835E+17 -5.683427E-06  0.000000E+00 -5.683427E-06  5.000000E-01  0.000000E+00  1.681065E-07 -2.957836E-02
     93  5.3128984835477455E-01  1.7473964415411311E+08  7.7190722621780010E+06  1.382835E+17 -8.253825E-06  0.000000E+00 -8.253825E-06  5.000000E-01  0.000000E+00  2.869118E-07 -3.476108E-02
     94  5.3128986011307666E-01  1.7473964994796243E+08  7.7190725411021644E+06  1.382835E+17 -8.253107E-06  0.000000E+00 -8.253107E-06  5.000000E-01  0.000000E+00  2.869051E-07 -3.476328E-02
     95  5.3128988362968077E-01  1.7473966153566101E+08  7.7190730989504904E+06  1.382835E+17 -8.251930E-06  0.000000E+00 -8.251930E-06  5.000000E-01  0.000000E+00  2.868915E-07 -3.476659E-02
     96  5.3128993066288899E-01  1.7473968471105820E+08  7.7190742146471422E+06  1.382835E+17 -8.249577E-06  0.000000E+00 -8.249577E-06  5.000000E-01  0.000000E+00  2.868643E-07 -3.477321E-02
     97  5.3129002472930553E-01  1.7473973106185260E+08  7.7190764460404478E+06  1.382835E+17 -8.244870E-06  0.000000E+00 -8.244870E-06  5.000000E-01  0.000000E+00  2.868099E-07 -3.478646E-02
     98  5.3129021286213851E-01  1.7473982376344135E+08  7.7190809088270571E+06  1.382835E+17 -8.235457E-06  0.000000E+00 -8.235457E-06  5.000000E-01  0.000000E+00  2.867011E-07 -3.481302E-02
     99  5.3129058912780458E-01  1.7474000916661894E+08  7.7190898344002776E+06  1.382835E+17 -8.249761E-06  0.000000E+00 -8.249761E-06  5.000000E-01  0.000000E+00  2.870305E-07 -3.479258E-02
    100  5.3129134165913661E-01  1.7474037997297406E+08  7.7191076855467167E+06  1.382835E+17 -8.379075E-06  0.000000E+00 -8.379075E-06  5.000000E-01  0.000000E+00  2.895862E-07 -3.456064E-02
    101  5.3129284672180066E-01  1.7474112158568427E+08  7.7191433878395939E+06  1.382835E+17 -8.580772E-06  0.000000E+00 -8.580772E-06  5.000000E-01  0.000000E+00  2.947700E-07 -3.435239E-02
    102  5.3129585684712877E-01  1.7474260481110469E+08  7.7192147924253494E+06  1.382835E+17 -8.538454E-06  0.000000E+00 -8.538454E-06  5.000000E-01  0.000000E+00  2.978426E-07 -3.488249E-02
    103  5.3130187709778509E-01  1.7474557126194561E+08  7.7193576015968630E+06  1.382835E+17 -7.835274E-06  0.000000E+00 -7.835274E-06  5.000000E-01  0.000000E+00  2.897588E-07 -3.698133E-02
    104  5.3131391759909774E-01  1.7475150416362745E+08  7.7196432199398894E+06  1.382835E+17 -7.355395E-06  0.000000E+00 -7.355395E-06  5.000000E-01  0.000000E+00  2.797091E-07 -3.802775E-02
    105  5.3133799860172293E-01  1.7476336996699101E+08  7.7202144566259403E+06  1.382835E+17 -6.999479E-06  0.000000E+00 -6.999479E-06  5.000000E-01  0.000000E+00  2.728355E-07 -3.897941E-02
    106  5.3138616060697341E-01  1.7478710157371825E+08  7.7213569299980430E+06  1.382835E+17 -6.554855E-06  0.000000E+00 -6.554855E-06  5.000000E-01  0.000000E+00  2.682216E-07 -4.091953E-02
    107  5.3148248461747438E-01  1.7483456478717273E+08  7.7236418767422503E+06  1.382835E+17 -6.234392E-06  0.000000E+00 -6.234392E-06  5.000000E-01  0.000000E+00  2.648231E-07 -4.247778E-02
    108  5.3167513263847621E-01  1.7492949121408159E+08  7.7282117702306611E+06  1.382835E+17 -6.242083E-06  0.000000E+00 -6.242083E-06  5.000000E-01  0.000000E+00  2.653328E-07 -4.250709E-02
    109  5.3206042868047998E-01  1.7553084563395607E+08  7.7411545179146715E+06  1.382835E+17 -6.787293E-06  0.000000E+00 -6.787293E-06  5.000000E-01  0.000000E+00  2.755548E-07 -4.059863E-02
    110  5.3283102076448752E-01  1.7823281967690727E+08  7.7766354200457269E+06  1.382835E+17 -7.887832E-06  0.000000E+00 -7.887832E-06  5.000000E-01  0.000000E+00  3.078588E-07 -3.902958E-02
    111  5.3437220493250259E-01  2.0967992213100716E+08  7.9223865770245744E+06  1.382835E+17 -1.255826E-05  0.000000E+00 -1.255826E-05  5.000000E-01  0.000000E+00  7.407768E-07 -5.898722E-02
    112  5.3468044176610563E-01  2.3369139811204225E+08  7.9833626501282305E+06  1.382835E+17 -1.100049E-05  0.000000E+00 -1.100049E-05  5.000000E-01  0.000000E+00  1.293579E-06 -1.175928E-01
    113  5.3529691543331159E-01  3.1262146228444439E+08  8.1563752295757933E+06  1.382835E+17  2.174055E-04  0.000000E+00  2.174055E-04  5.000000E-01  0.000000E+00  6.805275E-06  3.130222E-02
    114  5.3652986276772363E-01  7.4382629973925793E+08  9.0014820222669598E+06  1.382835E+17  1.011330E+11  0.000000E+00  1.011330E+11  5.000000E-01  0.000000E+00 -4.980741E+09 -4.924943E-02
    115  5.3652986301431305E-01  7.4382641870948267E+08  9.0014822556757797E+06  1.382835E+17  9.797727E+10  0.000000E+00  9.797727E+10  5.000000E-01 -2.220446E-16 -4.824244E+09 -4.923840E-02
    116  5.3652986350749199E-01  7.4382665664998591E+08  9.0014827224935219E+06  1.382835E+17  9.196076E+10  0.000000E+00  9.196076E+10  5.000000E-01  0.000000E+00 -4.525873E+09 -4.921526E-02
    117  5.3652986449384987E-01  7.4382713253099239E+08  9.0014836561290082E+06  1.382835E+17  8.102299E+10  0.000000E+00  8.102299E+10  5.000000E-01  0.000000E+00 -3.983446E+09 -4.916440E-02
    118  5.3652986646656564E-01  7.4382808429300523E+08  9.0014855233999789E+06  1.382835E+17  6.292898E+10  0.000000E+00  6.292898E+10  5.000000E-01  0.000000E+00 -3.086126E+09 -4.904142E-02
    119  5.3652987041199707E-01  7.4382998781697726E+08  9.0014892579418179E+06  1.382835E+17  3.806250E+10  0.000000E+00  3.806250E+10  5.000000E-01  0.000000E+00 -1.852943E+09 -4.868158E-02
    120  5.3652987830286003E-01  7.4383379486497498E+08  9.0014967270256002E+06  1.382835E+17  1.417533E+10  0.000000E+00  1.417533E+10  5.000000E-01 -2.220446E-16 -6.683201E+08 -4.714670E-02
    121  5.3652989408458596E-01  7.4384140896097040E+08  9.0015116651931629E+06  1.382835E+17  2.485959E+09  0.000000E+00  2.485959E+09  5.000000E-01 -2.220446E-16 -8.860827E+07 -3.564350E-02
    122  5.3652992564803770E-01  7.4385663715290785E+08  9.0015415415281821E+06  1.382835E+17  8.753058E+08  0.000000E+00  8.753058E+08  5.000000E-01 -2.220446E-16 -8.721396E+06 -9.963828E-03
    123  5.3652998877494118E-01  7.4388709353678262E+08  9.0016012941982243E+06  1.382835E+17  8.872302E+08  0.000000E+00  8.872302E+08  5.000000E-01 -2.220446E-16 -9.293890E+06 -1.047517E-02
    124  5.3653011502874826E-01  7.4394800630458570E+08  9.0017207995384112E+06  1.382835E+17  8.884566E+08  0.000000E+00  8.884566E+08  5.000000E-01  2.220446E-16 -9.316331E+06 -1.048597E-02
    125  5.3653036753636230E-01  7.4406983184013832E+08  9.0019598102186806E+06  1.382835E+17  8.909607E+08  0.000000E+00  8.909607E+08  5.000000E-01  1.110223E-16 -9.361364E+06 -1.050704E-02
    126  5.3653087255159049E-01  7.4431348291129708E+08  9.0024378315793276E+06  1.382835E+17  8.961751E+08  0.000000E+00  8.961751E+08  5.000000E-01 -4.440892E-16 -9.452362E+06 -1.054745E-02
    127  5.3653188258204687E-01  7.4480078505361450E+08  9.0033938743006177E+06  1.382835E+17  9.073766E+08  0.000000E+00  9.073766E+08  5.000000E-01  1.110223E-16 -9.637405E+06 -1.062117E-02
    128  5.3653390264295953E-01  7.4577538933819592E+08  9.0053059597430918E+06  1.382835E+17  9.325701E+08  0.000000E+00  9.325701E+08  5.000000E-01 -2.220446E-16 -1.001853E+07 -1.074292E-02
    129  5.3653794276478495E-01  7.4772459790741241E+08  9.0091301306281481E+06  1.382835E+17  9.923438E+08  0.000000E+00  9.923438E+08  5.000000E-01 -2.220446E-16 -1.082543E+07 -1.090895E-02
    130  5.3654602300843579E-01  7.5162301504584527E+08  9.0167784723982587E+06  1.382835E+17  1.140655E+09  0.000000E+00  1.140655E+09  5.000000E-01  0.000000E+00 -1.263172E+07 -1.107409E-02
    131  5.3656218349573737E-01  7.5941984932265747E+08  9.0320751559383757E+06  1.382835E+17  1.528732E+09  0.000000E+00  1.528732E+09  5.000000E-01  0.000000E+00 -1.714838E+07 -1.121739E-02
    132  5.3659450447034063E-01  7.7501351787633538E+08  9.0626685230187159E+06  1.382835E+17  2.729501E+09  0.000000E+00  2.729501E+09  5.000000E-01 -2.220446E-16 -3.122089E+07 -1.143831E-02
    133  5.3665914641954704E-01  8.0620085498363769E+08  9.1238552571792919E+06  1.382835E+17  8.326528E+09  0.000000E+00  8.326528E+09  5.000000E-01 -2.220446E-16 -9.883677E+07 -1.187011E-02
    134  5.3678843031795986E-01  8.6881475234638178E+08  9.2468659334741924E+06  1.382835E+17  6.679063E+10  0.000000E+00  6.679063E+10  5.000000E-01 -2.220446E-16 -8.552041E+08 -1.280425E-02
    135  5.3704699811478551E-01  1.0607750051187444E+09  9.6706395425082482E+06  1.382835E+17  1.605385E+13  0.000000E+00  1.605385E+13  5.000000E-01 -1.534328E-13 -2.764969E+11 -1.722309E-02
    136  5.3709871167415069E-01  1.0991670556732497E+09  9.7553942643151321E+06  1.382835E+17  4.077046E+13  0.000000E+00  4.077046E+13  5.000000E-01 -4.007905E-13 -7.309482E+11 -1.792838E-02
    137  5.3720213879288092E-01  1.1759511567821784E+09  9.9249037079287190E+06  1.382835E+17  2.463204E+14  0.000000E+00  2.463204E+14  5.000000E-01 -9.487966E-13 -4.946124E+12 -2.008005E-02
    138  5.3740899303034151E-01  1.3295193590001178E+09  1.0263922595156074E+07  1.382839E+17  6.253978E+15  0.000000E+00  6.253978E+15  5.000000E-01 -1.014682E-10 -8.919984E+13 -1.426290E-02
    139  5.3745036387783363E-01  1.3602329994437058E+09  1.0331726372601544E+07  1.382842E+17  9.449689E+15  0.000000E+00  9.449689E+15  5.000000E-01 -1.432887E-10 -2.237384E+14 -2.367680E-02
    140  5.3753310557281786E-01  1.4216602803308816E+09  1.0467333927492484E+07  1.382856E+17  2.643447E+16  0.000000E+00  2.643447E+16  5.000000E-01 -1.439771E-10 -6.137748E+14 -2.321873E-02
    141  5.3769858896278633E-01  1.5508350479556901E+09  1.0773860379799798E+07  1.383027E+17  6.121795E+17  0.000000E+00  6.121795E+17  5.000000E-01 -5.584693E-10 -3.819878E+16 -6.239801E-02
    142  5.3772991360598998E-01  1.5772596298836069E+09  1.0842905803340619E+07  1.383134E+17  4.276224E+17  0.000000E+00  4.276224E+17  5.000000E-01 -5.597947E-10 -9.439387E+15 -2.207412E-02
    143  5.3779256289239730E-01  1.6301087937394400E+09  1.0980996650422258E+07  1.383531E+17  8.213386E+17  0.000000E+00  8.213386E+17  5.000000E-01 -5.597940E-10 -1.025468E+16 -1.248533E-02
    144  5.3780509274967880E-01  1.6406786265106442E+09  1.1008614819838684E+07  1.383652E+17  1.036580E+18  0.000000E+00  1.036580E+18  5.000000E-01 -5.597940E-10 -2.132197E+16 -2.056954E-02
    145  5.3782797732144916E-01  1.6599834031907637E+09  1.1059056733579300E+07  1.383924E+17  1.339922E+18  0.000000E+00  1.339922E+18  5.000000E-01 -5.597933E-10 -2.761778E+16 -2.061148E-02
    146  5.3787374646498987E-01  1.6985929565510027E+09  1.1159940561060531E+07  1.384727E+17  2.162845E+18  0.000000E+00  2.162845E+18  5.000000E-01 -5.597935E-10 -4.068050E+16 -1.880879E-02
    147  5.3796528475207128E-01  1.7758120632714810E+09  1.1361708216022993E+07  1.388181E+17  2.331971E+17  0.000000E+00  2.331971E+17  5.000000E-01 -1.859810E-07  5.395470E+17  2.313695E+00
    148  5.3798084668594204E-01  1.7889396699883745E+09  1.1396009654294288E+07  1.389166E+17  6.698020E+18  0.000000E+00  6.698020E+18  5.000000E-01 -1.862690E-07 -1.378706E+17 -2.058379E-02
    149  5.3801194337291558E-01  1.8151719544960308E+09  1.1464552619296165E+07  1.391663E+17  9.203621E+18  0.000000E+00  9.203621E+18  5.000000E-01 -1.862690E-07 -1.995290E+17 -2.167940E-02
    150  5.3807413674686266E-01  1.8676365235113435E+09  1.1601638549299920E+07  1.399644E+17  1.057346E+19  0.000000E+00  1.057346E+19  5.000000E-01 -1.862690E-07  4.054639E+17  3.834733E-02
    151  5.3808657542165206E-01  1.8781294373143873E+09  1.1629055735300621E+07  1.401896E+17  1.903134E+19  0.000000E+00  1.903134E+19  5.000000E-01 -1.862690E-07 -4.362676E+17 -2.292364E-02
    152  5.3809893501990180E-01  1.8885556443879414E+09  1.1656298621688819E+07  1.404409E+17  2.150951E+19  0.000000E+00  2.150951E+19  5.000000E-01 -1.862690E-07 -5.086512E+17 -2.364774E-02
    153  5.3812365421640129E-01  1.9094080585350494E+09  1.1710784394465212E+07  1.410392E+17  2.700529E+19  0.000000E+00  2.700529E+19  5.000000E-01 -1.862690E-07 -6.385073E+17 -2.364379E-02
    154  5.3817309260940027E-01  1.9511128868292656E+09  1.1819755940017998E+07  1.427287E+17  3.913458E+19  0.000000E+00  3.913458E+19  5.000000E-01 -1.862690E-07 -6.060965E+17 -1.548749E-02
    155  5.3818298028800005E-01  1.9594538524880900E+09  1.1841550249128507E+07  1.431660E+17  4.609427E+19  0.000000E+00  4.609427E+19  5.000000E-01 -1.862690E-07 -1.101375E+18 -2.389397E-02
    156  5.3819248194302183E-01  1.9674691795882747E+09  1.1862493689443292E+07  1.436236E+17  5.017223E+19  0.000000E+00  5.017223E+19  5.000000E-01 -1.862690E-07 -1.207058E+18 -2.405830E-02
    157  5.3821148525306539E-01  1.9834998337886436E+09  1.1904380570072861E+07  1.446605E+17  5.926268E+19  0.000000E+00  5.926268E+19  5.000000E-01 -1.862690E-07 -1.439500E+18 -2.429017E-02
    158  5.3824949187315263E-01  2.0155611421894753E+09  1.1988154331332242E+07  1.473163E+17  6.319600E+19  0.000000E+00  6.319600E+19  5.000000E-01 -1.862690E-07  5.223626E+17  8.265755E-03
    159  5.3830563106074059E-01  2.0629185710399806E+09  1.2111895692376556E+07  1.530993E+17  1.656274E+20  0.000000E+00  1.656274E+20  5.000000E-01 -1.862690E-07 -8.313089E+18 -5.019151E-02
    160  5.3838764693099417E-01  2.1321048365886397E+09  1.2292674144086633E+07  1.672605E+17  5.025889E+20  0.000000E+00  5.025889E+20  5.000000E-01 -1.882840E-07 -4.471693E+19 -8.897317E-02
    161  5.3839587259945876E-01  2.1390437775636823E+09  1.2310805069293074E+07  1.691495E+17  2.416713E+20  0.000000E+00  2.416713E+20  5.000000E-01 -1.882840E-07 -6.388317E+18 -2.643391E-02
    162  5.3840876359479006E-01  2.1499182561666722E+09  1.2339219255106013E+07  1.723017E+17  2.546225E+20  0.000000E+00  2.546225E+20  5.000000E-01 -1.882840E-07 -6.036314E+18 -2.370692E-02
    163  5.3843454558545256E-01  2.1716672133725591E+09  1.2396047626731643E+07  1.793313E+17  2.958372E+20  0.000000E+00  2.958372E+20  5.000000E-01 -1.882840E-07 -7.382783E+18 -2.495556E-02
    164  5.3843970198358504E-01  2.1760170048137174E+09  1.2407413301056722E+07  1.808556E+17  2.996516E+20  0.000000E+00  2.996516E+20  5.000000E-01 -1.882840E-07 -6.972386E+18 -2.326831E-02
    165  5.3844565940851041E-01  2.1810425197731848E+09  1.2420544589560498E+07  1.826659E+17  3.083839E+20  0.000000E+00  3.083839E+20  5.000000E-01 -1.882840E-07 -7.147903E+18 -2.317859E-02
    166  5.3845757425836105E-01  2.1910935496920252E+09  1.2446807166567804E+07  1.864453E+17  3.265835E+20  0.000000E+00  3.265835E+20  5.000000E-01 -1.882840E-07 -7.613531E+18 -2.331267E-02
    167  5.3848140395806243E-01  2.2111956095298004E+09  1.2499332320582664E+07  1.946311E+17  3.645542E+20  0.000000E+00  3.645542E+20  5.000000E-01 -1.882840E-07 -8.905688E+18 -2.442898E-02
    168  5.3852906335746520E-01  2.2460302218657646E+09  1.2620735095178049E+07  2.129697E+17  3.490129E+20  0.000000E+00  3.490129E+20  5.000000E-01 -1.882840E-07 -7.403462E+17 -2.121258E-03
    169  5.3860576512330949E-01  2.3014709604707561E+09  1.2818009172953377E+07  2.455955E+17  5.965862E+20  0.000000E+00  5.965862E+20  5.000000E-01 -1.882840E-07 -3.441788E+19 -5.769137E-02
    170  5.3870854428629222E-01  2.3757606804823308E+09  1.3082353342461815E+07  2.890713E+17  2.325279E+21  0.000000E+00  2.325279E+21  5.000000E-01 -2.054539E-07 -3.108800E+20 -1.336958E-01
    171  5.3883828454926308E-01  2.4695381304110875E+09  1.3416040454436040E+07  3.325141E+17  4.926745E+20  0.000000E+00  4.926745E+20  5.000002E-01 -4.527218E-06 -6.672102E+19 -1.354262E-01
    172  5.3885052724871352E-01  2.4783872656634502E+09  1.3447528220290983E+07  3.357381E+17  2.593287E+20  0.000000E+00  2.593287E+20  5.000002E-01 -4.527172E-06 -6.362452E+18 -2.453432E-02
    173  5.3886250776781430E-01  2.4870468945586586E+09  1.3478341668076200E+07  3.387557E+17  2.462231E+20  0.000000E+00  2.462231E+20  5.000002E-01 -4.527173E-06 -5.784954E+18 -2.349476E-02
    174  5.3888646880601587E-01  2.5043661523490753E+09  1.3539968563646637E+07  3.443824E+17  2.238514E+20  0.000000E+00  2.238514E+20  5.000002E-01 -4.527173E-06 -5.255589E+18 -2.347802E-02
    175  5.3893439088241901E-01  2.5390046679299092E+09  1.3663222354787510E+07  3.541220E+17  1.826757E+20  0.000000E+00  1.826757E+20  5.000002E-01 -4.527173E-06 -4.149169E+18 -2.271331E-02
    176  5.3903023503522529E-01  2.6082816990915766E+09  1.3909729937069254E+07  3.687023E+17  1.029180E+20  0.000000E+00  1.029180E+20  5.000002E-01 -4.527173E-06  5.196861E+17  5.049517E-03
    177  5.3921136464398067E-01  2.7392038386550570E+09  1.4375588527568500E+07  3.866435E+17  2.358991E+19  0.000000E+00  2.358991E+19  5.000002E-01 -7.113047E-06  8.651925E+18  3.667637E-01
    178  5.3922836295296794E-01  2.7514903720212283E+09  1.4419307543581918E+07  3.881150E+17  8.430287E+19  0.000000E+00  8.430287E+19  5.000002E-01 -7.114871E-06 -6.982574E+17 -8.282724E-03
    179  5.3925130701694490E-01  2.7680745515310602E+09  1.4478318819419576E+07  3.901137E+17  8.755180E+19  0.000000E+00  8.755180E+19  5.000002E-01 -7.114871E-06 -9.642110E+17 -1.101303E-02
    180  5.3929719514489882E-01  2.8012429105507250E+09  1.4596341371094892E+07  3.942223E+17  9.264095E+19  0.000000E+00  9.264095E+19  5.000002E-01 -7.114871E-06 -9.002406E+17 -9.717523E-03
    181  5.3938897140080677E-01  2.8573145753860168E+09  1.4808408111718779E+07  4.029734E+17  1.039175E+20  0.000000E+00  1.039175E+20  5.000002E-01 -7.114871E-06 -1.170094E+18 -1.125984E-02
    182  5.3956235311282885E-01  2.9508158326791229E+09  1.5180008890509557E+07  4.190235E+17  7.673014E+19  0.000000E+00  7.673014E+19  5.000002E-01 -7.114909E-06 -3.722494E+17 -4.851410E-03
    183  5.3958763932094422E-01  2.9644521742712584E+09  1.5234203617962364E+07  4.210883E+17  7.975920E+19  0.000000E+00  7.975920E+19  5.000002E-01 -7.114909E-06 -2.834508E+17 -3.553832E-03
    184  5.3962307776431340E-01  2.9835634113958879E+09  1.5310157148479128E+07  4.237753E+17  7.110192E+19  0.000000E+00  7.110192E+19  5.000002E-01 -7.114909E-06 -1.832520E+17 -2.577314E-03
    185  5.3969395465105163E-01  3.0217858856450877E+09  1.5462064209512416E+07  4.283085E+17  4.465621E+19  0.000000E+00  4.465621E+19  5.000002E-01 -7.114909E-06  3.092033E+17  6.924083E-03
    186  5.3983570842452822E-01  3.0982308341435466E+09  1.5765878331579233E+07  4.338347E+17  9.374463E+19  0.000000E+00  9.374463E+19  5.000002E-01 -6.828360E-06 -3.937631E+18 -4.200380E-02
    187  5.4003660749685845E-01  3.2065716483668070E+09  1.6196455760222634E+07  4.363383E+17  5.333287E+19  0.000000E+00  5.333287E+19  5.000001E-01 -8.342015E-06 -3.268869E+18 -6.129183E-02
    188  5.4023447376750600E-01  3.3090143864743552E+09  1.6590414875733653E+07  4.378790E+17  1.448435E+20  0.000000E+00  1.448435E+20  5.000001E-01 -8.354781E-06 -2.032029E+19 -1.402913E-01
    189  5.4051372476064674E-01  3.4371090778992300E+09  1.7029941928182375E+07  4.429419E+17  5.696469E+19  0.000000E+00  5.696469E+19  5.000002E-01 -1.375246E-05 -6.425001E+18 -1.127892E-01
    190  5.4053931196859972E-01  3.4488461373463540E+09  1.7070214909723029E+07  4.436940E+17  3.122593E+19  0.000000E+00  3.122593E+19  5.000002E-01 -1.375472E-05 -7.974910E+17 -2.553938E-02
    191  5.4057671681460606E-01  3.4660040430464859E+09  1.7129088260637768E+07  4.449133E+17  3.415596E+19  0.000000E+00  3.415596E+19  5.000002E-01 -1.375472E-05 -6.962888E+17 -2.038557E-02
    192  5.4065152650661874E-01  3.5003198544467487E+09  1.7246834962467246E+07  4.478429E+17  4.085713E+19  0.000000E+00  4.085713E+19  5.000002E-01 -1.375472E-05 -3.211055E+17 -7.859227E-03
    193  5.4080114589064410E-01  3.5689514772472754E+09  1.7482328366126206E+07  4.563028E+17  4.259527E+19  0.000000E+00  4.259527E+19  5.000002E-01 -1.375472E-05  8.521329E+18  2.000534E-01
    194  5.4103566268663272E-01  3.6760662018307195E+09  1.7849992916447066E+07  4.802292E+17  1.267002E+20  0.000000E+00  1.267002E+20  5.000002E-01 -1.375472E-05 -2.828672E+19 -2.232571E-01
    195  5.4106689048285639E-01  3.6877414645779877E+09  1.7890775771636814E+07  4.846719E+17  1.469469E+20  0.000000E+00  1.469469E+20  5.000002E-01 -1.375472E-05 -4.069004E+18 -2.769030E-02
    196  5.4111171368362254E-01  3.7044996963267212E+09  1.7949313943619691E+07  4.915191E+17  1.585139E+20  0.000000E+00  1.585139E+20  5.000002E-01 -1.375472E-05 -4.057872E+18 -2.559947E-02
    197  5.4120136008515474E-01  3.7380161598241458E+09  1.8066390287585303E+07  5.069018E+17  1.794033E+20  0.000000E+00  1.794033E+20  5.000002E-01 -1.375472E-05 -5.655998E+18 -3.152673E-02
    198  5.4138065288821924E-01  3.8050490868190370E+09  1.8300542975516669E+07  5.441347E+17  1.778704E+20  0.000000E+00  1.778704E+20  5.000002E-01 -1.375472E-05  6.263559E+18  3.521417E-02
    199  5.4140858167545325E-01  3.8154909357037344E+09  1.8337017393283196E+07  5.506011E+17  2.312042E+20  0.000000E+00  2.312042E+20  5.000002E-01 -1.375472E-05 -5.799313E+18 -2.508307E-02
    200  5.4145281557159697E-01  3.8320288417446966E+09  1.8394785945632745E+07  5.611134E+17  2.402048E+20  0.000000E+00  2.402048E+20  5.000002E-01 -1.375472E-05 -6.488808E+18 -2.701364E-02
    201  5.4154128336388441E-01  3.8651046538266220E+09  1.8510323050331838E+07  5.827999E+17  2.419883E+20  0.000000E+00  2.419883E+20  5.000002E-01 -1.375472E-05 -7.196204E+18 -2.973781E-02
    202  5.4171821894845928E-01  3.9312562779904728E+09  1.8741397259730030E+07  6.265164E+17  4.776878E+20  0.000000E+00  4.776878E+20  5.000002E-01 -1.375592E-05 -9.265598E+18 -1.939677E-02
    203  5.4174234821931055E-01  3.9402775862848787E+09  1.8772909587782685E+07  6.324190E+17  2.528181E+20  0.000000E+00  2.528181E+20  5.000002E-01 -1.375617E-05 -7.456442E+18 -2.949331E-02
    204  5.4177981789314245E-01  3.9542865251132374E+09  1.8821844205869351E+07  6.415332E+17  2.415101E+20  0.000000E+00  2.415101E+20  5.000002E-01 -1.375617E-05 -7.361207E+18 -3.047992E-02
    205  5.4185475724080623E-01  3.9823044027699552E+09  1.8919713442042679E+07  6.594283E+17  2.193781E+20  0.000000E+00  2.193781E+20  5.000002E-01 -1.375617E-05 -6.604501E+18 -3.010557E-02
    206  5.4200195693993813E-01  4.0429553910224862E+09  1.8987550106964007E+07  6.923199E+17  3.829867E+20  0.000000E+00  3.829867E+20  5.000002E-01 -1.375617E-05  1.198429E+19  3.129165E-02
    207  5.4202225946312688E-01  4.0514747085678239E+09  1.8993495031487208E+07  6.965178E+17  2.094377E+20  0.000000E+00  2.094377E+20  5.000002E-01 -1.375617E-05 -5.897655E+18 -2.815947E-02
    208  5.4205357571934631E-01  4.0646155939929667E+09  1.9002664964595672E+07  7.027694E+17  1.932560E+20  0.000000E+00  1.932560E+20  5.000002E-01 -1.375617E-05 -6.133934E+18 -3.173995E-02
    209  5.4211620823178508E-01  4.0908973648432050E+09  1.9021004830812566E+07  7.143423E+17  1.471797E+20  0.000000E+00  1.471797E+20  5.000002E-01 -1.375617E-05 -5.223180E+18 -3.548844E-02
    210  5.4223923746325786E-01  4.1425227259144197E+09  1.9057029884863917E+07  7.328214E+17  3.745065E+20  0.000000E+00  3.745065E+20  5.000002E-01 -1.375617E-05  5.204621E+19  1.389728E-01
    211  5.4225712408739268E-01  4.1500282871395955E+09  1.9062267393003561E+07  7.350028E+17  1.247419E+20  0.000000E+00  1.247419E+20  5.000002E-01 -1.375617E-05 -2.479344E+18 -1.987579E-02
    212  5.4228466182679946E-01  4.1615836364085584E+09  1.9070330912044566E+07  7.381033E+17  1.040434E+20  0.000000E+00  1.040434E+20  5.000002E-01 -1.375617E-05 -3.445321E+18 -3.311427E-02
    213  5.4233973730561302E-01  4.1846943349464831E+09  1.9086457950126581E+07  7.433945E+17  3.972833E+19  0.000000E+00  3.972833E+19  5.000002E-01 -1.375617E-05 -2.869701E+18 -7.223313E-02
    214  5.4244988826324014E-01  4.2309157320223336E+09  1.9118712026290607E+07  7.506278E+17 -2.197639E+20  0.000000E+00 -2.197639E+20  5.000002E-01 -1.375617E-05  3.149039E+19 -1.432919E-01
    215  5.4246685105408432E-01  4.2380336355613790E+09  1.9123679020310711E+07  7.513899E+17  3.358655E+19  0.000000E+00  3.358655E+19  5.000002E-01 -1.375617E-05 -6.347096E+17 -1.889773E-02
    216  5.4249106891136400E-01  4.2481959003456750E+09  1.9130770421330325E+07  7.523366E+17  2.507145E+19  0.000000E+00  2.507145E+19  5.000002E-01 -1.375617E-05 -1.218236E+18 -4.859058E-02
    217  5.4253950462592337E-01  4.2685204299142675E+09  1.9144953223369554E+07  7.537783E+17 -6.275928E+19  0.000000E+00 -6.275928E+19  5.000002E-01 -1.375617E-05 -3.962073E+18  6.313127E-02
    218  5.4263637605504222E-01  4.3091694890514984E+09  1.9173318827448044E+07  7.552251E+17  2.012424E+20  0.000000E+00  2.012424E+20  5.000002E-01 -1.375617E-05  7.264577E+19  3.609865E-01
    219  5.4277285640230721E-01  4.3682670400733852E+09  1.9198087264020778E+07  7.553195E+17  7.776260E+20  0.000000E+00  7.776260E+20  5.000002E-01 -1.375617E-05 -6.878913E+19 -8.846044E-02
    220  5.4278996671667390E-01  4.3761525701714354E+09  1.9197230622503757E+07  7.552452E+17  9.874053E+18  0.000000E+00  9.874053E+18  5.000002E-01 -1.375617E-05 -9.674875E+17 -9.798282E-02
    221  5.4281527509653993E-01  4.3878162945712061E+09  1.9195963538307812E+07  7.551153E+17 -3.542266E+19  0.000000E+00 -3.542266E+19  5.000002E-01 -1.375617E-05  1.513094E+18 -4.271543E-02
    222  5.4286589185627188E-01  4.4111437433706961E+09  1.9193429369915929E+07  7.548061E+17 -2.696783E+20  0.000000E+00 -2.696783E+20  5.000002E-01 -1.375617E-05  4.408453E+18 -1.634708E-02
    223  5.4295857782297707E-01  4.4538593805271788E+09  1.9188788973169085E+07  7.541399E+17 -1.056665E+20  0.000000E+00 -1.056665E+20  5.000002E-01 -1.375617E-05  1.300910E+20 -1.231147E+00
    224  5.4309216773576097E-01  4.5154261790954342E+09  1.9182100687782101E+07  7.531237E+17  5.447388E+21  0.000000E+00  5.447388E+21  5.000002E-01 -1.375617E-05 -1.731121E+19 -3.177892E-03
    225  5.4310927986683710E-01  4.5233125464496994E+09  1.9181243955310076E+07  7.529999E+17  1.075338E+20  0.000000E+00  1.075338E+20  5.000002E-01 -1.375617E-05  2.114456E+18  1.966317E-02
    226  5.4313372980094576E-01  4.5345806439946852E+09  1.9180019849884719E+07  7.528218E+17 -4.404114E+19  0.000000E+00 -4.404114E+19  5.000002E-01 -1.375617E-05  2.199020E+18 -4.993103E-02
    227  5.4318262966916298E-01  4.5571168390846062E+09  1.9177571639034010E+07  7.524781E+17 -3.286620E+20  0.000000E+00 -3.286620E+20  5.000002E-01 -1.375617E-05  3.720906E+18 -1.132137E-02
    228  5.4328042940559740E-01  4.6021892292644472E+09  1.9172675217332594E+07  7.518457E+17 -1.395962E+21  0.000000E+00 -1.395962E+21  5.000002E-01 -1.375617E-05  2.508426E+20 -1.796915E-01
    229  5.4342984381231763E-01  4.6710489694202833E+09  1.9165194666052584E+07  7.510433E+17 -9.238768E+21  0.000000E+00 -9.238768E+21  5.000002E-01 -1.375617E-05 -1.492850E+21  1.615854E-01
    230  5.4357280654080042E-01  4.7368853004854994E+09  1.9157811291103646E+07  7.504550E+17 -3.174512E+22  0.000000E+00 -3.174512E+22  5.000002E-01 -1.375617E-05 -5.711312E+20  1.799115E-02
    231  5.4358585770750478E-01  4.7420364895713196E+09  1.9153262020574320E+07  7.504329E+17 -5.988285E+20  0.000000E+00 -5.988285E+20  5.000002E-01 -1.375617E-05 -6.458988E+18  1.078604E-02
    232  5.4360301955972556E-01  4.7488101327140913E+09  1.9147279880409751E+07  7.504081E+17 -5.738859E+19  0.000000E+00 -5.738859E+19  5.000002E-01 -1.375617E-05  1.584020E+18 -2.760166E-02
    233  5.4363734326416724E-01  4.7623574189996777E+09  1.9135315600080572E+07  7.503688E+17 -3.348007E+20  0.000000E+00 -3.348007E+20  5.000002E-01 -1.375617E-05  4.488823E+18 -1.340745E-02
    234  5.4370599067305048E-01  4.7894519915708075E+09  1.9111387039422255E+07  7.503318E+17 -3.068950E+21  0.000000E+00 -3.068950E+21  5.000002E-01 -1.375617E-05  4.234655E+19 -1.379838E-02
    235  5.4382633784297152E-01  4.8369520382907343E+09  1.9069437392634995E+07  7.503895E+17  1.230565E+22  0.000000E+00  1.230565E+22  5.000002E-01 -1.375617E-05  1.419736E+20  1.153726E-02
    236  5.4384273708095543E-01  4.8434246838121710E+09  1.9063721078396309E+07  7.504162E+17  2.748717E+20  0.000000E+00  2.748717E+20  5.000002E-01 -1.375617E-05  6.883549E+18  2.504277E-02
    237  5.4386658008880517E-01  4.8528353246070433E+09  1.9055410074836366E+07  7.504549E+17 -2.867237E+20  0.000000E+00 -2.867237E+20  5.000002E-01 -1.375617E-05  6.949069E+18 -2.423611E-02
    238  5.4391426610450466E-01  4.8716566061967888E+09  1.9038788067716483E+07  7.505532E+17 -2.792566E+21  0.000000E+00 -2.792566E+21  5.000002E-01 -1.375617E-05  5.399014E+19 -1.933352E-02
    239  5.4400963813590353E-01  4.9092991693762360E+09  1.9005544053476755E+07  7.508282E+17  7.333643E+21  0.000000E+00  7.333643E+21  5.000002E-01 -1.375617E-05 -7.153471E+19 -9.754321E-03
    240  5.4414329304929365E-01  4.9620516739390259E+09  1.8958955700698901E+07  7.513847E+17 -2.996011E+22  0.000000E+00 -2.996011E+22  5.000002E-01 -1.375617E-05  1.186855E+21 -3.961453E-02
    241  5.4426857652370741E-01  5.0115000397941837E+09  1.8915285396666106E+07  7.519575E+17  3.281464E+23  0.000000E+00  3.281464E+23  5.000002E-01 -1.375617E-05 -2.364122E+22 -7.204472E-02
    242  5.4437189207421810E-01  5.0522778451997633E+09  1.8879272494539715E+07  7.523565E+17 -8.729342E+22  0.000000E+00 -8.729342E+22  5.000002E-01 -1.375617E-05 -2.217862E+21  2.540698E-02
    243  5.4451358238078595E-01  5.0534636644852552E+09  1.8773470366327114E+07  7.571880E+17 -3.156782E+22  0.000000E+00 -3.156782E+22  5.000001E-01 -1.375617E-05  1.951296E+21 -6.181282E-02
    244  5.4465004547047857E-01  5.0378594810286293E+09  1.8654312879196327E+07  7.623353E+17  9.282443E+21  0.000000E+00  9.282443E+21  5.000001E-01 -1.375617E-05 -1.693360E+19 -1.824261E-03
    245  5.4483038880741574E-01  5.0172377105477867E+09  1.8496839829900589E+07  7.680681E+17  5.884147E+21  0.000000E+00  5.884147E+21  5.000000E-01 -1.375617E-05 -3.651327E+19 -6.205363E-03
    246  5.4519107548129009E-01  4.9759941695861025E+09  1.8181893731309108E+07  7.772610E+17 -6.315628E+21  0.000000E+00 -6.315628E+21  5.000000E-01 -1.375617E-05  3.818952E+21 -6.046828E-01
    247  5.4525232348087982E-01  4.9774929837028389E+09  1.8132520810907990E+07  7.776820E+17  3.864596E+21  0.000000E+00  3.864596E+21  4.999999E-01 -1.375617E-05  8.066409E+19  2.087258E-02
    248  5.4531374587927117E-01  4.9936146482155094E+09  1.8090070246648800E+07  7.764179E+17 -6.104769E+20  0.000000E+00 -6.104769E+20  4.999999E-01 -1.375617E-05 -3.850261E+18  6.306973E-03
    249  5.4532603035894944E-01  4.9968389811180439E+09  1.8081580133796960E+07  7.761615E+17 -4.609989E+19  0.000000E+00 -4.609989E+19  4.999999E-01 -1.375617E-05  2.808394E+18 -6.091976E-02
    250  5.4534366838503212E-01  5.0014684704674978E+09  1.8069390050387040E+07  7.757955E+17  1.057254E+21  0.000000E+00  1.057254E+21  4.999999E-01 -1.375617E-05 -2.601265E+20 -2.460397E-01
    251  5.4537894443719748E-01  5.0107274491664057E+09  1.8045009883567195E+07  7.750605E+17 -1.286805E+20  0.000000E+00 -1.286805E+20  4.999999E-01 -1.375617E-05 -7.828296E+18  6.083513E-02
    252  5.4544949654152819E-01  5.0292454065642204E+09  1.7996249549927507E+07  7.735753E+17 -1.290548E+21  0.000000E+00 -1.290548E+21  4.999999E-01 -1.375617E-05 -1.446630E+19  1.120943E-02
    253  5.4559060075018961E-01  5.0662813213598509E+09  1.7898728882648136E+07  7.705239E+17 -1.496087E+22  0.000000E+00 -1.496087E+22  4.999998E-01 -1.375617E-05  3.861218E+20 -2.580879E-02
    254  5.4561882159192188E-01  5.0736885043189716E+09  1.7879224749192275E+07  7.698549E+17 -1.960108E+20  0.000000E+00 -1.960108E+20  4.999998E-01 -1.375617E-05 -3.545089E+19  1.808619E-01
    255  5.4566099786109612E-01  5.0847585973116112E+09  1.7850075668861896E+07  7.688840E+17 -3.820541E+20  0.000000E+00 -3.820541E+20  4.999998E-01 -1.375617E-05 -4.384441E+18  1.147597E-02
    256  5.4574535039944461E-01  5.1068987832968912E+09  1.7791777508201133E+07  7.668720E+17 -3.474256E+21  0.000000E+00 -3.474256E+21  4.999998E-01 -1.375617E-05  9.213440E+19 -2.651917E-02
    257  5.4591405547614169E-01  5.1511791552674799E+09  1.7675181186879534E+07  7.624796E+17 -3.927525E+22  0.000000E+00 -3.927525E+22  4.999997E-01 -1.375617E-05  2.377227E+21 -6.052735E-02
    258  5.4594779649148106E-01  5.1600352296615868E+09  1.7651861922615245E+07  7.614523E+17 -6.443515E+20  0.000000E+00 -6.443515E+20  4.999997E-01 -1.375617E-05 -3.380786E+19  5.246803E-02
    259  5.4598714988229013E-01  5.1703643959051046E+09  1.7624663804516476E+07  7.602766E+17 -3.772472E+20  0.000000E+00 -3.772472E+20  4.999997E-01 -1.375617E-05  1.404184E+18 -3.722185E-03
    260  5.4606585666390828E-01  5.1807420575397158E+09  1.7561530076343093E+07  7.595201E+17  4.570403E+22  0.000000E+00  4.570403E+22  4.999996E-01 -1.375617E-05 -2.571315E+21 -5.626014E-02
    261  5.4622324487048046E-01  5.1547078717486935E+09  1.7395519625667341E+07  7.654520E+17 -3.657916E+21  0.000000E+00 -3.657916E+21  4.999995E-01 -1.375617E-05 -3.071550E+20  8.396995E-02
    262  5.4653802128362472E-01  5.1026395001666679E+09  1.7063498724315953E+07  7.758958E+17  1.324451E+22  0.000000E+00  1.324451E+22  4.999994E-01 -1.375617E-05 -3.950933E+21 -2.983073E-01
    263  5.4704578540538740E-01  5.0584526644874182E+09  1.6577758686632108E+07  7.843453E+17 -1.946111E+22  0.000000E+00 -1.946111E+22  4.999991E-01 -1.375617E-05  6.690546E+21 -3.437906E-01
    264  5.4773013978500884E-01  5.0696808455852985E+09  1.6015638754976753E+07  7.823743E+17 -3.029795E+22  0.000000E+00 -3.029795E+22  4.999987E-01 -1.375617E-05  7.984115E+20 -2.635200E-02
    265  5.4847038062644582E-01  5.0164249103908167E+09  1.5363918866924981E+07  7.911921E+17  7.658314E+21  0.000000E+00  7.658314E+21  4.999982E-01 -1.375617E-05 -2.316527E+21 -3.024853E-01
    266  5.4977814443510498E-01  4.9551814674004431E+09  1.4507132728320809E+07  8.004657E+17 -6.113329E+20  0.000000E+00 -6.113329E+20  4.999977E-01 -1.375617E-05 -1.661803E+21  2.718327E+00
    267  5.5205502619995295E-01  4.8786327111945047E+09  1.3547962356662774E+07  8.117706E+17 -1.118863E+23  0.000000E+00 -1.118863E+23  4.999972E-01 -1.375617E-05  1.907817E+22 -1.705139E-01
    268  5.5490925758725129E-01  4.8263822408430710E+09  1.2991232184268001E+07  8.193004E+17 -2.765380E+21  0.000000E+00 -2.765380E+21  4.999966E-01 -1.375617E-05  1.600645E+21 -5.788155E-01
    269  5.5750761191764919E-01  4.7645464265574074E+09  1.2319135034055179E+07  8.271070E+17  6.243636E+21  0.000000E+00  6.243636E+21  4.999961E-01 -1.375617E-05 -6.528813E+20 -1.045675E-01
    270  5.6122123270256075E-01  4.6666074219036083E+09  1.1359110223654017E+07  8.381942E+17  5.938731E+22  0.000000E+00  5.938731E+22  4.999956E-01 -1.375617E-05 -7.918520E+21 -1.333369E-01
    271  5.6152457184200422E-01  4.6590298370884447E+09  1.1297265526983539E+07  8.392624E+17 -1.795558E+21  0.000000E+00 -1.795558E+21  4.999955E-01 -1.375617E-05  2.312894E+20 -1.288120E-01
    272  5.6188839284962211E-01  4.6501713464623470E+09  1.1227680922783317E+07  8.402589E+17  1.289771E+20  0.000000E+00  1.289771E+20  4.999955E-01 -1.375617E-05 -1.597785E+19 -1.238813E-01
    273  5.6261603486485789E-01  4.6332335426133690E+09  1.1071062416655585E+07  8.420562E+17  2.151435E+20  0.000000E+00  2.151435E+20  4.999954E-01 -1.375617E-05 -2.513118E+19 -1.168113E-01
    274  5.6407131889532947E-01  4.5794009740046253E+09  1.0643732208637642E+07  8.476541E+17 -2.069010E+21  0.000000E+00 -2.069010E+21  4.999952E-01 -1.375617E-05  2.705381E+20 -1.307573E-01
    275  5.6662743649750358E-01  4.4713110608299627E+09  9.8266528750053737E+06  8.578763E+17 -1.053354E+22  0.000000E+00 -1.053354E+22  4.999949E-01 -1.375617E-05  1.532500E+21 -1.454876E-01
    276  5.6991923618895701E-01  4.3454989385929298E+09  8.9432976858658604E+06  8.676491E+17 -1.004081E+22  0.000000E+00 -1.004081E+22  4.999946E-01 -1.375631E-05 -1.941178E+20  1.933289E-02
    277  5.7022328601171235E-01  4.3362328973166676E+09  8.8731417336833086E+06  8.682883E+17  2.461341E+20  0.000000E+00  2.461341E+20  4.999946E-01 -1.375761E-05 -3.178961E+18 -1.291557E-02
    278  5.7060504667151246E-01  4.3227653342116489E+09  8.7940187930139862E+06  8.692549E+17  4.128692E+19  0.000000E+00  4.128692E+19  4.999945E-01 -1.375761E-05 -5.063613E+18 -1.226445E-01
    279  5.7136856799111269E-01  4.2982481131385984E+09  8.6361503555661179E+06  8.709214E+17  3.597227E+20  0.000000E+00  3.597227E+20  4.999945E-01 -1.375761E-05 -3.848531E+19 -1.069860E-01
    280  5.7289561063031325E-01  4.2509456230020595E+09  8.3351933387542786E+06  8.739489E+17  8.862102E+20  0.000000E+00  8.862102E+20  4.999944E-01 -1.375761E-05 -1.158017E+20 -1.306707E-01
    281  5.7454122961205123E-01  4.2139378350443139E+09  8.0906345815317025E+06  8.761332E+17  3.933451E+20  0.000000E+00  3.933451E+20  4.999943E-01 -1.375761E-05 -3.321660E+19 -8.444645E-02
    282  5.7783246757552720E-01  4.1592332543684363E+09  7.7737260892008981E+06  8.792039E+17 -5.182493E+20  0.000000E+00 -5.182493E+20  4.999941E-01 -1.375761E-05  7.453940E+19 -1.438292E-01
    283  5.7836199937028643E-01  4.1480036426752191E+09  7.7024467963438947E+06  8.797752E+17  2.124970E+19  0.000000E+00  2.124970E+19  4.999940E-01 -1.375761E-05 -2.352295E+18 -1.106978E-01
    284  5.7906063495690907E-01  4.1302391057625461E+09  7.6146149350158265E+06  8.807009E+17  4.358741E+19  0.000000E+00  4.358741E+19  4.999940E-01 -1.375761E-05 -3.572834E+18 -8.196941E-02
    285  5.8045790613015424E-01  4.0927410233390985E+09  7.4048246704661902E+06  8.825003E+17  3.726206E+20  0.000000E+00  3.726206E+20  4.999939E-01 -1.375761E-05 -3.122829E+19 -8.380720E-02
    286  5.8325244847664470E-01  3.9988456587385440E+09  6.8754126194109600E+06  8.865259E+17  7.379025E+19  0.000000E+00  7.379025E+19  4.999938E-01 -1.375761E-05 -9.350347E+19 -1.267152E+00
    287  5.8358180062898024E-01  3.9853842195814576E+09  6.8106423803695310E+06  8.870267E+17  8.896796E+18  0.000000E+00  8.896796E+18  4.999938E-01 -1.375761E-05  2.655235E+18  2.984485E-01
    288  5.8392167045728427E-01  3.9717605910847263E+09  6.7415739485391146E+06  8.875393E+17  8.826260E+18  0.000000E+00  8.826260E+18  4.999938E-01 -1.375761E-05 -8.063540E+17 -9.135851E-02
    289  5.8460141011389222E-01  3.9454401408208070E+09  6.6070028643564004E+06  8.884825E+17  2.631577E+19  0.000000E+00  2.631577E+19  4.999938E-01 -1.375761E-05 -1.711179E+18 -6.502486E-02
    290  5.8596088942710822E-01  3.8892355375175505E+09  6.3286896027006609E+06  8.903103E+17  3.223257E+20  0.000000E+00  3.223257E+20  4.999937E-01 -1.375761E-05 -3.997774E+19 -1.240290E-01
    291  5.8654596999999997E-01  3.8657952000000000E+09  6.2103819000000004E+06  8.910388E+17  6.306710E+18  0.000000E+00  6.306710E+18  4.999937E-01 -1.375761E-05  1.524431E+17  2.417158E-02
