                           time                     pos                     vel                    temp                     den                    pres                    ener                    entr                      cs
      1  1.0175522000000001E-04  0.0000000000000000E+00  0.0000000000000000E+00  1.002631E+09  2.051720E+09  1.271492E+27  1.638951E+18  6.757439E+07  9.107713E+08  1.371429E+01  2.022900E-26
      2  1.0175522001017553E-04  0.0000000000000000E+00  0.0000000000000000E+00  1.002631E+09  2.051720E+09  1.271492E+27  1.638951E+18  6.757439E+07  9.107713E+08  1.371429E+01  2.022901E-26
      3  1.0175522003052657E-04  0.0000000000000000E+00  0.0000000000000000E+00  1.002631E+09  2.051720E+09  1.271492E+27  1.638951E+18  6.757439E+07  9.107713E+08  1.371429E+01  2.022904E-26
      4  1.0175522007122866E-04  0.0000000000000000E+00  0.0000000000000000E+00  1.002631E+09  2.051720E+09  1.271492E+27  1.638951E+18  6.757439E+07  9.107713E+08  1.371429E+01  2.022909E-26
      5  1.0175522015263284E-04  0.0000000000000000E+00  0.0000000000000000E+00  1.002631E+09  2.051720E+09  1.271492E+27  1.638951E+18  6.757439E+07  9.107713E+08  1.371429E+01  2.022919E-26
      6  1.0175522031544119E-04  0.0000000000000000E+00  0.0000000000000000E+00  1.002631E+09  2.051720E+09  1.271492E+27  1.638951E+18  6.757439E+07  9.107713E+08  1.371429E+01  2.022940E-26
      7  1.0175522064105789E-04  0.0000000000000000E+00  0.0000000000000000E+00  1.002631E+09  2.051720E+09  1.271492E+27  1.638951E+18  6.757439E+07  9.107713E+08  1.371429E+01  2.022982E-26
      8  1.0175522129229130E-04  0.0000000000000000E+00  0.0000000000000000E+00  1.002631E+09  2.051720E+09  1.271492E+27  1.638951E+18  6.757439E+07  9.107713E+08  1.371429E+01  2.023065E-26
      9  1.0175522259475811E-04  0.0000000000000000E+00  0.0000000000000000E+00  1.002631E+09  2.051720E+09  1.271492E+27  1.638951E+18  6.757439E+07  9.107713E+08  1.371429E+01  2.023231E-26
     10  1.0175522519969174E-04  0.0000000000000000E+00  0.0000000000000000E+00  1.002631E+09  2.051720E+09  1.271492E+27  1.638951E+18  6.757439E+07  9.107713E+08  1.371429E+01  2.023564E-26
     11  1.0175523040955900E-04  0.0000000000000000E+00  0.0000000000000000E+00  1.002631E+09  2.051720E+09  1.271492E+27  1.638951E+18  6.757439E+07  9.107713E+08  1.371429E+01  2.024229E-26
     12  1.0175524082929354E-04  0.0000000000000000E+00  0.0000000000000000E+00  1.002631E+09  2.051720E+09  1.271492E+27  1.638951E+18  6.757439E+07  9.107713E+08  1.371429E+01  2.025559E-26
     13  1.0175526166876259E-04  0.0000000000000000E+00  0.0000000000000000E+00  1.002631E+09  2.051720E+09  1.271492E+27  1.638951E+18  6.757439E+07  9.107713E+08  1.371429E+01  2.028219E-26
     14  1.0175530334770070E-04  0.0000000000000000E+00  0.0000000000000000E+00  1.002631E+09  2.051720E+09  1.271492E+27  1.638951E+18  6.757439E+07  9.107713E+08  1.371429E+01  2.033538E-26
     15  1.0175538670557692E-04  0.0000000000000000E+00  0.0000000000000000E+00  1.002631E+09  2.051720E+09  1.271492E+27  1.638951E+18  6.757439E+07  9.107713E+08  1.371429E+01  2.044179E-26
     16  1.0175555342132937E-04  0.0000000000000000E+00  0.0000000000000000E+00  1.002631E+09  2.051720E+09  1.271492E+27  1.638951E+18  6.757439E+07  9.107713E+08  1.371429E+01  2.065468E-26
     17  1.0175588685283427E-04  0.0000000000000000E+00  0.0000000000000000E+00  1.002631E+09  2.051720E+09  1.271492E+27  1.638951E+18  6.757439E+07  9.107713E+08  1.371429E+01  2.108057E-26
     18  1.0175655371584406E-04  0.0000000000000000E+00  0.0000000000000000E+00  1.002631E+09  2.051720E+09  1.271492E+27  1.638951E+18  6.757439E+07  9.107713E+08  1.371429E+01  2.193134E-26
     19  1.0175788744186364E-04  0.0000000000000000E+00  0.0000000000000000E+00  1.002631E+09  2.051720E+09  1.271492E+27  1.638951E+18  6.757439E+07  9.107713E+08  1.371429E+01  2.360462E-26
     20  1.0176055489390281E-04  0.0000000000000000E+00  0.0000000000000000E+00  1.002631E+09  2.051720E+09  1.271492E+27  1.638951E+18  6.757439E+07  9.107713E+08  1.371429E+01  2.676111E-26
     21  1.0176588979798114E-04  0.0000000000000000E+00  0.0000000000000000E+00  1.002631E+09  2.051720E+09  1.271492E+27  1.638951E+18  6.757439E+07  9.107713E+08  1.371429E+01  3.222483E-26
     22  1.0177655960613782E-04  0.0000000000000000E+00  0.0000000000000000E+00  1.002631E+09  2.051720E+09  1.271492E+27  1.638951E+18  6.757439E+07  9.107713E+08  1.371429E+01  4.061289E-26
     23  1.0179789922245117E-04  0.0000000000000000E+00  0.0000000000000000E+00  1.002631E+09  2.051720E+09  1.271492E+27  1.638951E+18  6.757439E+07  9.107713E+08  1.371429E+01  5.204946E-26
     24  1.0184057845507785E-04  0.0000000000000000E+00  0.0000000000000000E+00  1.002631E+09  2.051720E+09  1.271492E+27  1.638951E+18  6.757439E+07  9.107713E+08  1.371429E+01  6.633185E-26
     25  1.0192593692033123E-04  0.0000000000000000E+00  0.0000000000000000E+00  1.002631E+09  2.051720E+09  1.271492E+27  1.638951E+18  6.757440E+07  9.107713E+08  1.371429E+01  8.320713E-26
     26  1.0209665385083798E-04  0.0000000000000000E+00  0.0000000000000000E+00  1.002632E+09  2.051720E+09  1.271492E+27  1.638951E+18  6.757440E+07  9.107714E+08  1.371429E+01  1.025166E-25
     27  1.0243808771185149E-04  0.0000000000000000E+00  0.0000000000000000E+00  1.002633E+09  2.051720E+09  1.271492E+27  1.638951E+18  6.757442E+07  9.107714E+08  1.371429E+01  1.241771E-25
     28  1.0312095543387850E-04  0.0000000000000000E+00  0.0000000000000000E+00  1.002635E+09  2.051720E+09  1.271492E+27  1.638951E+18  6.757445E+07  9.107714E+08  1.371429E+01  1.481114E-25
     29  1.0448669087793252E-04  0.0000000000000000E+00  0.0000000000000000E+00  1.002638E+09  2.051720E+09  1.271492E+27  1.638951E+18  6.757450E+07  9.107714E+08  1.371429E+01  1.741703E-25
     30  1.0721816176604055E-04  0.0000000000000000E+00  0.0000000000000000E+00  1.002645E+09  2.051721E+09  1.271493E+27  1.638951E+18  6.757461E+07  9.107715E+08  1.371430E+01  2.021295E-25
     31  1.1268110354225661E-04  0.0000000000000000E+00  0.0000000000000000E+00  1.002660E+09  2.051723E+09  1.271494E+27  1.638951E+18  6.757484E+07  9.107717E+08  1.371431E+01  2.317715E-25
     32  1.2360698709468874E-04  0.0000000000000000E+00  0.0000000000000000E+00  1.002689E+09  2.051725E+09  1.271497E+27  1.638952E+18  6.757529E+07  9.107721E+08  1.371433E+01  2.629011E-25
     33  1.4545875419955299E-04  0.0000000000000000E+00  0.0000000000000000E+00  1.002747E+09  2.051731E+09  1.271503E+27  1.638954E+18  6.757619E+07  9.107729E+08  1.371437E+01  2.953590E-25
     34  1.8916228840928150E-04  0.0000000000000000E+00  0.0000000000000000E+00  1.002862E+09  2.051742E+09  1.271514E+27  1.638956E+18  6.757798E+07  9.107745E+08  1.371445E+01  4.042183E-25
     35  2.7656935682873854E-04  0.0000000000000000E+00  0.0000000000000000E+00  1.003094E+09  2.051762E+09  1.271535E+27  1.638962E+18  6.758158E+07  9.107776E+08  1.371462E+01  5.174991E-25
     36  4.5138349366765263E-04  0.0000000000000000E+00  0.0000000000000000E+00  1.003556E+09  2.051797E+09  1.271572E+27  1.638974E+18  6.758878E+07  9.107834E+08  1.371495E+01  6.348022E-25
     37  8.0101176734548069E-04  0.0000000000000000E+00  0.0000000000000000E+00  1.004480E+09  2.051848E+09  1.271630E+27  1.638999E+18  6.760321E+07  9.107936E+08  1.371563E+01  7.557141E-25
     38  1.5002683147011370E-03  0.0000000000000000E+00  0.0000000000000000E+00  1.006336E+09  2.051903E+09  1.271708E+27  1.639051E+18  6.763224E+07  9.108104E+08  1.371702E+01  8.797019E-25
     39  2.8987814094124497E-03  0.0000000000000000E+00  0.0000000000000000E+00  1.010079E+09  2.051834E+09  1.271716E+27  1.639166E+18  6.769094E+07  9.108310E+08  1.371997E+01  1.174950E-24
     40  5.6835652107980091E-03  0.0000000000000000E+00  0.0000000000000000E+00  1.017739E+09  2.051575E+09  1.271634E+27  1.639440E+18  6.780889E+07  9.108643E+08  1.372660E+01  1.894050E-24
     41  1.0155632436719833E-02  0.0000000000000000E+00  0.0000000000000000E+00  1.029723E+09  2.049282E+09  1.269940E+27  1.640049E+18  6.799060E+07  9.107759E+08  1.373965E+01  3.618921E-24
     42  1.4723209679310983E-02  0.0000000000000000E+00  0.0000000000000000E+00  1.041600E+09  2.045050E+09  1.266634E+27  1.640957E+18  6.816356E+07  9.105414E+08  1.375647E+01  3.873852E-24
     43  2.3858364164493280E-02  0.0000000000000000E+00  0.0000000000000000E+00  1.067868E+09  2.042268E+09  1.264737E+27  1.643824E+18  6.846763E+07  9.104958E+08  1.380526E+01  4.095365E-24
     44  3.3858363940975862E-02  0.0000000000000000E+00  0.0000000000000000E+00  1.098888E+09  2.041385E+09  1.264413E+27  1.649126E+18  6.868453E+07  9.105916E+08  1.389601E+01  4.398738E-24
     45  4.3858363717458444E-02  0.0000000000000000E+00  0.0000000000000000E+00  1.132031E+09  2.040515E+09  1.264004E+27  1.657996E+18  6.869312E+07  9.106506E+08  1.405198E+01  5.279607E-24
     46  4.4858363695106700E-02  0.0000000000000000E+00  0.0000000000000000E+00  1.135457E+09  2.040379E+09  1.263915E+27  1.659144E+18  6.867811E+07  9.106497E+08  1.407251E+01  5.417807E-24
     47  4.5777623531449291E-02  0.0000000000000000E+00  0.0000000000000000E+00  1.138624E+09  2.040246E+09  1.263824E+27  1.660247E+18  6.866132E+07  9.106476E+08  1.409231E+01  5.555717E-24
     48  4.7616143204134473E-02  0.0000000000000000E+00  0.0000000000000000E+00  1.145011E+09  2.039965E+09  1.263626E+27  1.662594E+18  6.861879E+07  9.106404E+08  1.413470E+01  5.691044E-24
     49  5.1293182549504837E-02  0.0000000000000000E+00  0.0000000000000000E+00  1.158024E+09  2.039453E+09  1.263251E+27  1.667889E+18  6.849524E+07  9.106216E+08  1.423155E+01  6.031158E-24
     50  5.8647261240245566E-02  0.0000000000000000E+00  0.0000000000000000E+00  1.185057E+09  2.038547E+09  1.262502E+27  1.681100E+18  6.807816E+07  9.105551E+08  1.448018E+01  6.378303E-24
     51  6.8647261016728148E-02  0.0000000000000000E+00  0.0000000000000000E+00  1.223925E+09  2.037304E+09  1.261248E+27  1.704585E+18  6.713203E+07  9.103745E+08  1.494932E+01  8.609646E-24
     52  6.9647260994376403E-02  0.0000000000000000E+00  0.0000000000000000E+00  1.227932E+09  2.037187E+09  1.261113E+27  1.707233E+18  6.701541E+07  9.103514E+08  1.500451E+01  8.745288E-24
     53  7.0729775157201358E-02  0.0000000000000000E+00  0.0000000000000000E+00  1.232301E+09  2.037081E+09  1.260984E+27  1.710149E+18  6.688539E+07  9.103270E+08  1.506582E+01  8.881751E-24
     54  7.2894803482851253E-02  0.0000000000000000E+00  0.0000000000000000E+00  1.241151E+09  2.036939E+09  1.260775E+27  1.716124E+18  6.661468E+07  9.102807E+08  1.519317E+01  9.223860E-24
     55  7.7224860134151044E-02  0.0000000000000000E+00  0.0000000000000000E+00  1.259260E+09  2.036795E+09  1.260450E+27  1.728542E+18  6.603853E+07  9.101891E+08  1.546498E+01  1.009682E-23
     56  8.4497042125751237E-02  0.0000000000000000E+00  0.0000000000000000E+00  1.290677E+09  2.036462E+09  1.259784E+27  1.750120E+18  6.502119E+07  9.100119E+08  1.595777E+01  1.499658E-23
     57  9.1288602009248571E-02  0.0000000000000000E+00  0.0000000000000000E+00  1.320925E+09  2.036288E+09  1.259288E+27  1.769808E+18  6.411106E+07  9.098613E+08  1.642707E+01  1.715457E-23
     58  9.2288601986896826E-02  0.0000000000000000E+00  0.0000000000000000E+00  1.325434E+09  2.036281E+09  1.259237E+27  1.772574E+18  6.398699E+07  9.098426E+08  1.649438E+01  1.731032E-23
     59  9.3168770831300027E-02  0.0000000000000000E+00  0.0000000000000000E+00  1.329413E+09  2.036283E+09  1.259199E+27  1.774969E+18  6.388064E+07  9.098274E+08  1.655293E+01  1.747570E-23
     60  9.4929108520106428E-02  0.0000000000000000E+00  0.0000000000000000E+00  1.337393E+09  2.036292E+09  1.259133E+27  1.779635E+18  6.367674E+07  9.097994E+08  1.666774E+01  1.768281E-23
     61  9.8449783897719231E-02  0.0000000000000000E+00  0.0000000000000000E+00  1.353390E+09  2.036209E+09  1.258941E+27  1.788400E+18  6.330875E+07  9.097453E+08  1.688594E+01  1.833343E-23
     62  1.0549113465294482E-01  0.0000000000000000E+00  0.0000000000000000E+00  1.385128E+09  2.034960E+09  1.257777E+27  1.803242E+18  6.275552E+07  9.096003E+08  1.726294E+01  2.227926E-23
     63  1.1549113442942741E-01  0.0000000000000000E+00  0.0000000000000000E+00  1.431146E+09  2.035016E+09  1.257928E+27  1.818045E+18  6.239094E+07  9.096447E+08  1.764797E+01  3.452736E-23
     64  1.2549113420590999E-01  0.0000000000000000E+00  0.0000000000000000E+00  1.476505E+09  2.036178E+09  1.259255E+27  1.826929E+18  6.239632E+07  9.098725E+08  1.788309E+01  4.943533E-23
     65  1.3549113398239257E-01  0.0000000000000000E+00  0.0000000000000000E+00  1.520851E+09  2.038523E+09  1.261730E+27  1.831894E+18  6.263185E+07  9.102531E+08  1.801549E+01  6.439011E-23
     66  1.4549113375887515E-01  0.0000000000000000E+00  0.0000000000000000E+00  1.564314E+09  2.038672E+09  1.262493E+27  1.834627E+18  6.300349E+07  9.105103E+08  1.808824E+01  7.280982E-23
     67  1.5549113353535773E-01  0.0000000000000000E+00  0.0000000000000000E+00  1.631724E+09  2.038169E+09  1.263219E+27  1.836231E+18  6.373948E+07  9.109121E+08  1.813057E+01  7.771259E-23
     68  1.5649113351300600E-01  0.0000000000000000E+00  0.0000000000000000E+00  1.640984E+09  2.038024E+09  1.263263E+27  1.836369E+18  6.384489E+07  9.109639E+08  1.813418E+01  7.831054E-23
     69  1.5780835928507464E-01  0.0000000000000000E+00  0.0000000000000000E+00  1.653265E+09  2.037819E+09  1.263309E+27  1.836545E+18  6.398478E+07  9.110320E+08  1.813875E+01  7.917182E-23
     70  1.6044281082921191E-01  0.0000000000000000E+00  0.0000000000000000E+00  1.678157E+09  2.037444E+09  1.263442E+27  1.836869E+18  6.426853E+07  9.111743E+08  1.814716E+01  8.052650E-23
     71  1.6571171391748646E-01  0.0000000000000000E+00  0.0000000000000000E+00  1.729434E+09  2.036896E+09  1.263917E+27  1.837402E+18  6.485421E+07  9.114894E+08  1.816078E+01  8.273066E-23
     72  1.6671171389513473E-01  0.0000000000000000E+00  0.0000000000000000E+00  1.739376E+09  2.036783E+09  1.264005E+27  1.837486E+18  6.496804E+07  9.115508E+08  1.816290E+01  8.315231E-23
     73  1.6831646540939993E-01  0.0000000000000000E+00  0.0000000000000000E+00  1.755462E+09  2.036601E+09  1.264150E+27  1.837610E+18  6.515233E+07  9.116507E+08  1.816601E+01  8.361859E-23
     74  1.7152596843793033E-01  0.0000000000000000E+00  0.0000000000000000E+00  1.788152E+09  2.036293E+09  1.264502E+27  1.837823E+18  6.552663E+07  9.118602E+08  1.817126E+01  8.406739E-23
     75  1.7794497449499114E-01  0.0000000000000000E+00  0.0000000000000000E+00  1.855273E+09  2.035460E+09  1.265079E+27  1.838138E+18  6.629408E+07  9.122831E+08  1.817875E+01  8.447284E-23
     76  1.8794497427147372E-01  0.0000000000000000E+00  0.0000000000000000E+00  1.966261E+09  2.034158E+09  1.266147E+27  1.838466E+18  6.754902E+07  9.130068E+08  1.818561E+01  9.490543E-23
     77  1.8888111470933028E-01  0.0000000000000000E+00  0.0000000000000000E+00  1.977250E+09  2.034065E+09  1.266287E+27  1.838493E+18  6.767191E+07  9.130822E+08  1.818608E+01  9.852037E-23
     78  1.9039775574615164E-01  0.0000000000000000E+00  0.0000000000000000E+00  1.995287E+09  2.033891E+09  1.266498E+27  1.838538E+18  6.787323E+07  9.132049E+08  1.818679E+01  9.981868E-23
     79  1.9070108395351593E-01  0.0000000000000000E+00  0.0000000000000000E+00  1.998915E+09  2.033853E+09  1.266538E+27  1.838547E+18  6.791365E+07  9.132294E+08  1.818693E+01  1.003463E-22
     80  1.9076174959498879E-01  0.0000000000000000E+00  0.0000000000000000E+00  1.999646E+09  2.033844E+09  1.266545E+27  1.838549E+18  6.792180E+07  9.132343E+08  1.818696E+01  1.004750E-22
     81  1.9081874527898929E-01  0.0000000000000000E+00  0.0000000000000000E+00  2.000333E+09  2.033836E+09  1.266552E+27  1.838551E+18  6.792946E+07  9.132388E+08  1.818698E+01  1.006030E-22
     82  1.9093273664699029E-01  0.0000000000000000E+00  0.0000000000000000E+00  2.001707E+09  2.033819E+09  1.266565E+27  1.838554E+18  6.794477E+07  9.132480E+08  1.818703E+01  1.009633E-22
     83  1.9116071938299228E-01  0.0000000000000000E+00  0.0000000000000000E+00  2.004455E+09  2.033786E+09  1.266592E+27  1.838561E+18  6.797538E+07  9.132663E+08  1.818713E+01  1.014673E-22
     84  1.9161668485499625E-01  0.0000000000000000E+00  0.0000000000000000E+00  2.009954E+09  2.033720E+09  1.266646E+27  1.838575E+18  6.803659E+07  9.133029E+08  1.818733E+01  1.022802E-22
     85  1.9252861579900418E-01  0.0000000000000000E+00  0.0000000000000000E+00  2.021043E+09  2.033570E+09  1.266742E+27  1.838604E+18  6.815991E+07  9.133758E+08  1.818772E+01  1.038731E-22
     86  1.9435247768702008E-01  0.0000000000000000E+00  0.0000000000000000E+00  2.043549E+09  2.033236E+09  1.266913E+27  1.838668E+18  6.840956E+07  9.135219E+08  1.818847E+01  1.080287E-22
     87  1.9800020146305183E-01  0.0000000000000000E+00  0.0000000000000000E+00  2.090189E+09  2.032481E+09  1.267224E+27  1.838842E+18  6.892345E+07  9.138229E+08  1.819010E+01  1.268533E-22
     88  1.9872974621825817E-01  0.0000000000000000E+00  0.0000000000000000E+00  2.099808E+09  2.032312E+09  1.267279E+27  1.838890E+18  6.902878E+07  9.138843E+08  1.819049E+01  1.344623E-22
     89  2.0018883572867088E-01  0.0000000000000000E+00  0.0000000000000000E+00  2.119445E+09  2.031948E+09  1.267374E+27  1.839005E+18  6.924300E+07  9.140087E+08  1.819139E+01  1.550344E-22
     90  2.0310701474949630E-01  0.0000000000000000E+00  0.0000000000000000E+00  2.160150E+09  2.031164E+09  1.267551E+27  1.839353E+18  6.968274E+07  9.142658E+08  1.819403E+01  2.581599E-22
     91  2.0894337279114711E-01  0.0000000000000000E+00  0.0000000000000000E+00  2.245010E+09  2.029664E+09  1.268040E+27  1.841050E+18  7.057093E+07  9.148136E+08  1.820631E+01  4.778558E-21
     92  2.0982448095784745E-01  0.0000000000000000E+00  0.0000000000000000E+00  2.257991E+09  2.029433E+09  1.268113E+27  1.841515E+18  7.070194E+07  9.148970E+08  1.820961E+01  1.021844E-20
     93  2.1117136317818927E-01  0.0000000000000000E+00  0.0000000000000000E+00  2.277848E+09  2.029077E+09  1.268221E+27  1.842390E+18  7.089876E+07  9.150239E+08  1.821584E+01  3.850760E-20
     94  2.1386512761887291E-01  0.0000000000000000E+00  0.0000000000000000E+00  2.317694E+09  2.028301E+09  1.268379E+27  1.844934E+18  7.127723E+07  9.152707E+08  1.823404E+01  8.597198E-19
     95  2.1437560610189141E-01  0.0000000000000000E+00  0.0000000000000000E+00  2.325264E+09  2.028137E+09  1.268393E+27  1.845568E+18  7.134601E+07  9.153156E+08  1.823863E+01  1.622257E-18
     96  2.1518966964213895E-01  0.0000000000000000E+00  0.0000000000000000E+00  2.337337E+09  2.027870E+09  1.268410E+27  1.846701E+18  7.145307E+07  9.153862E+08  1.824689E+01  4.562970E-18
     97  2.1681779672263404E-01  0.0000000000000000E+00  0.0000000000000000E+00  2.361496E+09  2.027322E+09  1.268424E+27  1.849489E+18  7.165587E+07  9.155234E+08  1.826764E+01  3.833129E-17
     98  2.2007405088362425E-01  0.0000000000000000E+00  0.0000000000000000E+00  2.410048E+09  2.026198E+09  1.268386E+27  1.857798E+18  7.199892E+07  9.157783E+08  1.833347E+01  2.904585E-15
     99  2.2056568825147299E-01  0.0000000000000000E+00  0.0000000000000000E+00  2.418300E+09  2.025960E+09  1.268335E+27  1.859459E+18  7.205012E+07  9.158161E+08  1.834740E+01  5.518223E-15
    100  2.2154896298717044E-01  0.0000000000000000E+00  0.0000000000000000E+00  2.435054E+09  2.025460E+09  1.268209E+27  1.863217E+18  7.214313E+07  9.158881E+08  1.837991E+01  1.970462E-14
    101  2.2351551245856538E-01  0.0000000000000000E+00  0.0000000000000000E+00  2.468837E+09  2.024435E+09  1.267892E+27  1.872782E+18  7.227019E+07  9.160124E+08  1.846903E+01  2.233916E-13
    102  2.2529947295263544E-01  0.0000000000000000E+00  0.0000000000000000E+00  2.499113E+09  2.023507E+09  1.267515E+27  1.884230E+18  7.228506E+07  9.160895E+08  1.858817E+01  1.586510E-12
    103  2.2863870763083949E-01  0.0000000000000000E+00  0.0000000000000000E+00  2.554209E+09  2.021463E+09  1.266203E+27  1.913753E+18  7.194032E+07  9.160735E+08  1.895908E+01  2.948607E-11
    104  2.3345666091148778E-01  0.0000000000000000E+00  0.0000000000000000E+00  2.636267E+09  2.018434E+09  1.263194E+27  1.976743E+18  7.027955E+07  9.156292E+08  2.003603E+01  6.742109E-10
    105  2.3824607697146041E-01  0.0000000000000000E+00  0.0000000000000000E+00  2.720459E+09  2.015141E+09  1.258651E+27  2.056955E+18  6.732510E+07  9.146482E+08  2.188487E+01  9.983638E-09
    106  2.3870179229377250E-01  0.0000000000000000E+00  0.0000000000000000E+00  2.728576E+09  2.014840E+09  1.258188E+27  2.064779E+18  6.701380E+07  9.145403E+08  2.209205E+01  1.273500E-08
    107  2.3947670038909263E-01  0.0000000000000000E+00  0.0000000000000000E+00  2.742426E+09  2.014322E+09  1.257394E+27  2.077925E+18  6.648591E+07  9.143549E+08  2.245143E+01  1.920631E-08
    108  2.4102651657973287E-01  0.0000000000000000E+00  0.0000000000000000E+00  2.770238E+09  2.013234E+09  1.255769E+27  2.103234E+18  6.545708E+07  9.139832E+08  2.318528E+01  4.266665E-08
    109  2.4398409520249098E-01  0.0000000000000000E+00  0.0000000000000000E+00  2.823356E+09  2.010944E+09  1.252647E+27  2.145652E+18  6.371791E+07  9.133194E+08  2.455872E+01  1.730929E-07
    110  2.4439504841564347E-01  0.0000000000000000E+00  0.0000000000000000E+00  2.830705E+09  2.010626E+09  1.252239E+27  2.150787E+18  6.350825E+07  9.132376E+08  2.473927E+01  2.070522E-07
    111  2.4518474909443813E-01  0.0000000000000000E+00  0.0000000000000000E+00  2.844810E+09  2.010024E+09  1.251486E+27  2.160098E+18  6.313046E+07  9.130897E+08  2.507561E+01  2.879282E-07
    112  2.4607992564286937E-01  0.0000000000000000E+00  0.0000000000000000E+00  2.860765E+09  2.009357E+09  1.250684E+27  2.169771E+18  6.274306E+07  9.129381E+08  2.543794E+01  4.073770E-07
    113  2.4787027873973186E-01  0.0000000000000000E+00  0.0000000000000000E+00  2.892486E+09  2.008062E+09  1.249235E+27  2.186408E+18  6.209851E+07  9.126866E+08  2.609440E+01  7.393936E-07
    114  2.5072036819912658E-01  0.0000000000000000E+00  0.0000000000000000E+00  2.942555E+09  2.006043E+09  1.247307E+27  2.206306E+18  6.140852E+07  9.124228E+08  2.693961E+01  1.486354E-06
    115  2.5345112066462766E-01  0.0000000000000000E+00  0.0000000000000000E+00  2.990046E+09  2.004026E+09  1.245739E+27  2.219386E+18  6.107063E+07  9.122991E+08  2.753309E+01  2.304145E-06
    116  2.5596485911319139E-01  0.0000000000000000E+00  0.0000000000000000E+00  3.033511E+09  2.002136E+09  1.244508E+27  2.227691E+18  6.097012E+07  9.122756E+08  2.792574E+01  3.015560E-06
    117  2.5633354800366276E-01  0.0000000000000000E+00  0.0000000000000000E+00  3.039877E+09  2.001861E+09  1.244344E+27  2.228677E+18  6.096877E+07  9.122784E+08  2.797313E+01  3.112540E-06
    118  2.5703964917841837E-01  0.0000000000000000E+00  0.0000000000000000E+00  3.052056E+09  2.001332E+09  1.244040E+27  2.230425E+18  6.097425E+07  9.122873E+08  2.805756E+01  3.293507E-06
    119  2.5845185152792960E-01  0.0000000000000000E+00  0.0000000000000000E+00  3.076367E+09  2.000264E+09  1.243455E+27  2.233434E+18  6.101362E+07  9.123177E+08  2.820387E+01  3.636582E-06
    120  2.6074606859108823E-01  0.0000000000000000E+00  0.0000000000000000E+00  3.115798E+09  1.998433E+09  1.242509E+27  2.237200E+18  6.114420E+07  9.123918E+08  2.838833E+01  4.158056E-06
    121  2.6107500738241063E-01  0.0000000000000000E+00  0.0000000000000000E+00  3.121450E+09  1.998160E+09  1.242372E+27  2.237647E+18  6.116852E+07  9.124044E+08  2.841027E+01  4.230616E-06
    122  2.6161758451386968E-01  0.0000000000000000E+00  0.0000000000000000E+00  3.130775E+09  1.997696E+09  1.242138E+27  2.238341E+18  6.121133E+07  9.124254E+08  2.844433E+01  4.350310E-06
    123  2.6270273877678774E-01  0.0000000000000000E+00  0.0000000000000000E+00  3.149435E+09  1.996752E+09  1.241669E+27  2.239583E+18  6.130594E+07  9.124711E+08  2.850517E+01  4.589271E-06
    124  2.6473156692378474E-01  0.0000000000000000E+00  0.0000000000000000E+00  3.184403E+09  1.994967E+09  1.240810E+27  2.241466E+18  6.151007E+07  9.125693E+08  2.859694E+01  5.040144E-06
    125  2.6503959569991886E-01  0.0000000000000000E+00  0.0000000000000000E+00  3.189728E+09  1.994700E+09  1.240687E+27  2.241710E+18  6.154371E+07  9.125860E+08  2.860875E+01  5.108903E-06
    126  2.6545920959205049E-01  0.0000000000000000E+00  0.0000000000000000E+00  3.196982E+09  1.994336E+09  1.240521E+27  2.242026E+18  6.159048E+07  9.126093E+08  2.862404E+01  5.203758E-06
    127  2.6629843737631381E-01  0.0000000000000000E+00  0.0000000000000000E+00  3.211522E+09  1.993623E+09  1.240205E+27  2.242608E+18  6.168720E+07  9.126587E+08  2.865209E+01  5.395726E-06
    128  2.6797689294484039E-01  0.0000000000000000E+00  0.0000000000000000E+00  3.240806E+09  1.992227E+09  1.239617E+27  2.243598E+18  6.189261E+07  9.127675E+08  2.869933E+01  5.793950E-06
    129  2.7080772801195535E-01  0.0000000000000000E+00  0.0000000000000000E+00  3.291025E+09  1.989847E+09  1.238660E+27  2.244855E+18  6.227042E+07  9.129705E+08  2.875823E+01  6.560415E-06
    130  2.7464992084839535E-01  0.0000000000000000E+00  0.0000000000000000E+00  3.360760E+09  1.986376E+09  1.237255E+27  2.245972E+18  6.283042E+07  9.132642E+08  2.880962E+01  8.215964E-06
    131  2.7499643724563494E-01  0.0000000000000000E+00  0.0000000000000000E+00  3.367304E+09  1.986056E+09  1.237131E+27  2.246047E+18  6.288443E+07  9.132933E+08  2.881310E+01  8.443999E-06
    132  2.7553049441394667E-01  0.0000000000000000E+00  0.0000000000000000E+00  3.380754E+09  1.985402E+09  1.236883E+27  2.246156E+18  6.299782E+07  9.133552E+08  2.881820E+01  8.845997E-06
    133  2.7659860875057019E-01  0.0000000000000000E+00  0.0000000000000000E+00  3.411544E+09  1.983906E+09  1.236323E+27  2.246360E+18  6.325957E+07  9.134993E+08  2.882784E+01  9.957083E-06
    134  2.7848851795575108E-01  0.0000000000000000E+00  0.0000000000000000E+00  3.464609E+09  1.981246E+09  1.235300E+27  2.246661E+18  6.371230E+07  9.137461E+08  2.884272E+01  1.375050E-05
    135  2.8116606016140855E-01  0.0000000000000000E+00  0.0000000000000000E+00  3.536313E+09  1.977239E+09  1.233601E+27  2.246960E+18  6.432973E+07  9.140589E+08  2.885868E+01  2.886281E-05
    136  2.8366449669502952E-01  0.0000000000000000E+00  0.0000000000000000E+00  3.598695E+09  1.973491E+09  1.231928E+27  2.247144E+18  6.487149E+07  9.143205E+08  2.886882E+01  6.727252E-05
    137  2.8596363362020177E-01  0.0000000000000000E+00  0.0000000000000000E+00  3.652255E+09  1.970310E+09  1.230537E+27  2.247262E+18  6.533832E+07  9.145538E+08  2.887514E+01  1.397146E-04
    138  2.8797439832136329E-01  0.0000000000000000E+00  0.0000000000000000E+00  3.696887E+09  1.967675E+09  1.229399E+27  2.247339E+18  6.572824E+07  9.147532E+08  2.887903E+01  2.458233E-04
    139  2.8990473481336737E-01  0.0000000000000000E+00  0.0000000000000000E+00  3.737421E+09  1.965041E+09  1.228175E+27  2.247399E+18  6.608429E+07  9.149197E+08  2.888179E+01  3.998673E-04
    140  2.9017000633744877E-01  0.0000000000000000E+00  0.0000000000000000E+00  3.742811E+09  1.964671E+09  1.227996E+27  2.247406E+18  6.613178E+07  9.149406E+08  2.888211E+01  4.259370E-04
    141  2.9055540492971210E-01  0.0000000000000000E+00  0.0000000000000000E+00  3.750522E+09  1.964130E+09  1.227731E+27  2.247417E+18  6.619980E+07  9.149698E+08  2.888255E+01  4.661665E-04
    142  2.9132620211423882E-01  0.0000000000000000E+00  0.0000000000000000E+00  3.765730E+09  1.963048E+09  1.227197E+27  2.247438E+18  6.633407E+07  9.150264E+08  2.888337E+01  5.555511E-04
    143  2.9286779648329225E-01  0.0000000000000000E+00  0.0000000000000000E+00  3.795036E+09  1.960888E+09  1.226107E+27  2.247478E+18  6.659333E+07  9.151310E+08  2.888478E+01  7.738169E-04
    144  2.9529097415543076E-01  0.0000000000000000E+00  0.0000000000000000E+00  3.837950E+09  1.957453E+09  1.224293E+27  2.247544E+18  6.697467E+07  9.152665E+08  2.888658E+01  1.239865E-03
    145  2.9764649114988800E-01  0.0000000000000000E+00  0.0000000000000000E+00  3.875698E+09  1.953969E+09  1.222320E+27  2.247616E+18  6.731282E+07  9.153537E+08  2.888810E+01  1.854642E-03
    146  2.9797552257606991E-01  0.0000000000000000E+00  0.0000000000000000E+00  3.880676E+09  1.953479E+09  1.222034E+27  2.247627E+18  6.735758E+07  9.153630E+08  2.888831E+01  1.953664E-03
    147  2.9840462747822000E-01  0.0000000000000000E+00  0.0000000000000000E+00  3.887023E+09  1.952840E+09  1.221660E+27  2.247642E+18  6.741472E+07  9.153739E+08  2.888859E+01  2.087521E-03
    148  2.9926283728252023E-01  0.0000000000000000E+00  0.0000000000000000E+00  3.899422E+09  1.951576E+09  1.220913E+27  2.247673E+18  6.752640E+07  9.153941E+08  2.888917E+01  2.371171E-03
    149  3.0097925689112071E-01  0.0000000000000000E+00  0.0000000000000000E+00  3.923071E+09  1.949135E+09  1.219467E+27  2.247741E+18  6.773930E+07  9.154308E+08  2.889046E+01  2.999218E-03
    150  3.0371711946048491E-01  0.0000000000000000E+00  0.0000000000000000E+00  3.957616E+09  1.945526E+09  1.217318E+27  2.247870E+18  6.804955E+07  9.154810E+08  2.889312E+01  4.146177E-03
    151  3.0398915799231280E-01  0.0000000000000000E+00  0.0000000000000000E+00  3.960826E+09  1.945178E+09  1.217107E+27  2.247884E+18  6.807837E+07  9.154847E+08  2.889344E+01  4.267992E-03
    152  3.0436744118259679E-01  0.0000000000000000E+00  0.0000000000000000E+00  3.965208E+09  1.944695E+09  1.216814E+27  2.247904E+18  6.811772E+07  9.154892E+08  2.889390E+01  4.439082E-03
    153  3.0512400756316477E-01  0.0000000000000000E+00  0.0000000000000000E+00  3.980848E+09  1.943408E+09  1.216132E+27  2.247944E+18  6.825618E+07  9.155397E+08  2.889491E+01  4.791787E-03
    154  3.0640758816895491E-01  0.0000000000000000E+00  0.0000000000000000E+00  4.025843E+09  1.940349E+09  1.214715E+27  2.248020E+18  6.865087E+07  9.157375E+08  2.889722E+01  5.476377E-03
    155  3.0652831407476078E-01  0.0000000000000000E+00  0.0000000000000000E+00  4.030432E+09  1.940040E+09  1.214573E+27  2.248029E+18  6.869103E+07  9.157581E+08  2.889751E+01  5.547084E-03
    156  3.0671073289544082E-01  0.0000000000000000E+00  0.0000000000000000E+00  4.037355E+09  1.939574E+09  1.214359E+27  2.248042E+18  6.875157E+07  9.157891E+08  2.889796E+01  5.655684E-03
    157  3.0707557053680096E-01  0.0000000000000000E+00  0.0000000000000000E+00  4.051202E+09  1.938640E+09  1.213931E+27  2.248070E+18  6.887249E+07  9.158514E+08  2.889900E+01  5.879174E-03
    158  3.0778530359333334E-01  0.0000000000000000E+00  0.0000000000000000E+00  4.077709E+09  1.936827E+09  1.213091E+27  2.248131E+18  6.910337E+07  9.159690E+08  2.890155E+01  6.340397E-03
    159  3.0887232907498297E-01  0.0000000000000000E+00  0.0000000000000000E+00  4.117419E+09  1.934051E+09  1.211785E+27  2.248252E+18  6.944711E+07  9.161415E+08  2.890728E+01  7.116760E-03
    160  3.0992076867267648E-01  0.0000000000000000E+00  0.0000000000000000E+00  4.154519E+09  1.931380E+09  1.210500E+27  2.248404E+18  6.976488E+07  9.162970E+08  2.891563E+01  7.925022E-03
    161  3.1093307661236430E-01  0.0000000000000000E+00  0.0000000000000000E+00  4.189056E+09  1.928812E+09  1.209234E+27  2.248592E+18  7.005630E+07  9.164350E+08  2.892733E+01  8.728808E-03
    162  3.1190522413541794E-01  0.0000000000000000E+00  0.0000000000000000E+00  4.221055E+09  1.926362E+09  1.207998E+27  2.248820E+18  7.032073E+07  9.165557E+08  2.894299E+01  9.487149E-03
    163  3.1274685396197338E-01  0.0000000000000000E+00  0.0000000000000000E+00  4.247809E+09  1.924257E+09  1.206912E+27  2.249064E+18  7.053610E+07  9.166502E+08  2.896098E+01  1.011682E-02
    164  3.1391576129213633E-01  0.0000000000000000E+00  0.0000000000000000E+00  4.283469E+09  1.921368E+09  1.205382E+27  2.249496E+18  7.081204E+07  9.167649E+08  2.899444E+01  1.096433E-02
    165  3.1498551360310262E-01  0.0000000000000000E+00  0.0000000000000000E+00  4.314501E+09  1.918770E+09  1.203964E+27  2.250007E+18  7.103819E+07  9.168517E+08  2.903539E+01  1.176955E-02
    166  3.1595452626061882E-01  0.0000000000000000E+00  0.0000000000000000E+00  4.341055E+09  1.916482E+09  1.202680E+27  2.250585E+18  7.121752E+07  9.169136E+08  2.908239E+01  1.260412E-02
    167  3.1608777666591370E-01  0.0000000000000000E+00  0.0000000000000000E+00  4.344525E+09  1.916178E+09  1.202506E+27  2.250674E+18  7.123962E+07  9.169206E+08  2.908966E+01  1.273187E-02
    168  3.1628967203810382E-01  0.0000000000000000E+00  0.0000000000000000E+00  4.349782E+09  1.915718E+09  1.202242E+27  2.250813E+18  7.127266E+07  9.169309E+08  2.910104E+01  1.293280E-02
    169  3.1669346278248411E-01  0.0000000000000000E+00  0.0000000000000000E+00  4.360296E+09  1.914797E+09  1.201711E+27  2.251107E+18  7.133702E+07  9.169507E+08  2.912521E+01  1.336460E-02
    170  3.1750104427124470E-01  0.0000000000000000E+00  0.0000000000000000E+00  4.380256E+09  1.913023E+09  1.200670E+27  2.251765E+18  7.144936E+07  9.169807E+08  2.917939E+01  1.436876E-02
    171  3.1762243848445787E-01  0.0000000000000000E+00  0.0000000000000000E+00  4.383238E+09  1.912757E+09  1.200512E+27  2.251872E+18  7.146526E+07  9.169847E+08  2.918823E+01  1.453801E-02
    172  3.1782103505138304E-01  0.0000000000000000E+00  0.0000000000000000E+00  4.387840E+09  1.912340E+09  1.200262E+27  2.252051E+18  7.148837E+07  9.169894E+08  2.920308E+01  1.482588E-02
    173  3.1821822818523338E-01  0.0000000000000000E+00  0.0000000000000000E+00  4.396976E+09  1.911510E+09  1.199759E+27  2.252427E+18  7.153227E+07  9.169974E+08  2.923423E+01  1.544456E-02
    174  3.1901261445293405E-01  0.0000000000000000E+00  0.0000000000000000E+00  4.414434E+09  1.909895E+09  1.198760E+27  2.253246E+18  7.160596E+07  9.170045E+08  2.930251E+01  1.686549E-02
    175  3.1913557045730345E-01  0.0000000000000000E+00  0.0000000000000000E+00  4.417062E+09  1.909649E+09  1.198605E+27  2.253381E+18  7.161589E+07  9.170046E+08  2.931379E+01  1.710867E-02
    176  3.1932912562572768E-01  0.0000000000000000E+00  0.0000000000000000E+00  4.421198E+09  1.909262E+09  1.198361E+27  2.253598E+18  7.163106E+07  9.170046E+08  2.933193E+01  1.750457E-02
    177  3.1971623596257609E-01  0.0000000000000000E+00  0.0000000000000000E+00  4.428916E+09  1.908510E+09  1.197875E+27  2.254047E+18  7.165502E+07  9.169995E+08  2.936961E+01  1.834660E-02
    178  3.2049045663627290E-01  0.0000000000000000E+00  0.0000000000000000E+00  4.443776E+09  1.907025E+09  1.196894E+27  2.255006E+18  7.169173E+07  9.169811E+08  2.945042E+01  2.024208E-02
    179  3.2061156340746538E-01  0.0000000000000000E+00  0.0000000000000000E+00  4.445958E+09  1.906796E+09  1.196738E+27  2.255163E+18  7.169553E+07  9.169765E+08  2.946370E+01  2.056574E-02
    180  3.2080038757810270E-01  0.0000000000000000E+00  0.0000000000000000E+00  4.449360E+09  1.906440E+09  1.196496E+27  2.255411E+18  7.170109E+07  9.169692E+08  2.948474E+01  2.108544E-02
    181  3.2117803591937738E-01  0.0000000000000000E+00  0.0000000000000000E+00  4.456092E+09  1.905728E+09  1.196007E+27  2.255922E+18  7.171018E+07  9.169531E+08  2.952807E+01  2.218238E-02
    182  3.2154573345954468E-01  0.0000000000000000E+00  0.0000000000000000E+00  4.462093E+09  1.905043E+09  1.195520E+27  2.256436E+18  7.171272E+07  9.169312E+08  2.957176E+01  2.332762E-02
    183  3.2228112853987928E-01  0.0000000000000000E+00  0.0000000000000000E+00  4.473633E+09  1.903675E+09  1.194529E+27  2.257509E+18  7.170921E+07  9.168795E+08  2.966344E+01  2.585363E-02
    184  3.2340156583648083E-01  0.0000000000000000E+00  0.0000000000000000E+00  4.489092E+09  1.901594E+09  1.192947E+27  2.259250E+18  7.167563E+07  9.167718E+08  2.981306E+01  3.032850E-02
    185  3.2356131707045094E-01  0.0000000000000000E+00  0.0000000000000000E+00  4.491144E+09  1.901298E+09  1.192716E+27  2.259508E+18  7.166867E+07  9.167542E+08  2.983526E+01  3.102853E-02
    186  3.2379595664819244E-01  0.0000000000000000E+00  0.0000000000000000E+00  4.494105E+09  1.900862E+09  1.192374E+27  2.259890E+18  7.165763E+07  9.167274E+08  2.986826E+01  3.208413E-02
    187  3.2426523580367539E-01  0.0000000000000000E+00  0.0000000000000000E+00  4.499287E+09  1.899991E+09  1.191669E+27  2.260667E+18  7.162829E+07  9.166654E+08  2.993540E+01  3.429390E-02
    188  3.2435909163477200E-01  0.0000000000000000E+00  0.0000000000000000E+00  4.500323E+09  1.899817E+09  1.191528E+27  2.260824E+18  7.162225E+07  9.166529E+08  2.994900E+01  3.475081E-02
    189  3.2450042121367767E-01  0.0000000000000000E+00  0.0000000000000000E+00  4.501883E+09  1.899555E+09  1.191315E+27  2.261061E+18  7.161306E+07  9.166339E+08  2.996958E+01  3.544818E-02
    190  3.2478308037148906E-01  0.0000000000000000E+00  0.0000000000000000E+00  4.504752E+09  1.899032E+09  1.190883E+27  2.261541E+18  7.159221E+07  9.165931E+08  3.001115E+01  3.687684E-02
    191  3.2534839868711180E-01  0.0000000000000000E+00  0.0000000000000000E+00  4.509945E+09  1.897989E+09  1.190004E+27  2.262511E+18  7.154502E+07  9.165049E+08  3.009541E+01  3.986209E-02
    192  3.2546146235023632E-01  0.0000000000000000E+00  0.0000000000000000E+00  4.510984E+09  1.897780E+09  1.189827E+27  2.262707E+18  7.153542E+07  9.164871E+08  3.011244E+01  4.047818E-02
    193  3.2564462497288582E-01  0.0000000000000000E+00  0.0000000000000000E+00  4.512444E+09  1.897444E+09  1.189537E+27  2.263026E+18  7.151793E+07  9.164560E+08  3.014016E+01  4.148999E-02
    194  3.2601095021818477E-01  0.0000000000000000E+00  0.0000000000000000E+00  4.515109E+09  1.896774E+09  1.188951E+27  2.263666E+18  7.148068E+07  9.163909E+08  3.019584E+01  4.356093E-02
    195  3.2608421526724457E-01  0.0000000000000000E+00  0.0000000000000000E+00  4.515642E+09  1.896640E+09  1.188833E+27  2.263794E+18  7.147321E+07  9.163778E+08  3.020702E+01  4.398189E-02
    196  3.2620758702141289E-01  0.0000000000000000E+00  0.0000000000000000E+00  4.516540E+09  1.896414E+09  1.188636E+27  2.264010E+18  7.146061E+07  9.163558E+08  3.022587E+01  4.469567E-02
    197  3.2645433052974954E-01  0.0000000000000000E+00  0.0000000000000000E+00  4.518934E+09  1.895931E+09  1.188230E+27  2.264444E+18  7.144050E+07  9.163154E+08  3.026370E+01  4.614161E-02
    198  3.2694781754642288E-01  0.0000000000000000E+00  0.0000000000000000E+00  4.529230E+09  1.894675E+09  1.187320E+27  2.265337E+18  7.144464E+07  9.162681E+08  3.034244E+01  4.911751E-02
    199  3.2704651494975756E-01  0.0000000000000000E+00  0.0000000000000000E+00  4.531290E+09  1.894423E+09  1.187137E+27  2.265523E+18  7.144477E+07  9.162582E+08  3.035883E+01  4.974022E-02
    200  3.2717158149889131E-01  0.0000000000000000E+00  0.0000000000000000E+00  4.533899E+09  1.894105E+09  1.186905E+27  2.265761E+18  7.144461E+07  9.162454E+08  3.037992E+01  5.054482E-02
    201  3.2742171459715885E-01  0.0000000000000000E+00  0.0000000000000000E+00  4.541089E+09  1.893371E+09  1.186410E+27  2.266248E+18  7.145993E+07  9.162322E+08  3.042333E+01  5.220125E-02
    202  3.2784359421727960E-01  0.0000000000000000E+00  0.0000000000000000E+00  4.556333E+09  1.891978E+09  1.185522E+27  2.267135E+18  7.150553E+07  9.162266E+08  3.050303E+01  5.520069E-02
    203  3.2859798960083419E-01  0.0000000000000000E+00  0.0000000000000000E+00  4.583551E+09  1.889484E+09  1.183892E+27  2.268967E+18  7.156112E+07  9.162006E+08  3.066923E+01  6.159708E-02
    204  3.2870762793226765E-01  0.0000000000000000E+00  0.0000000000000000E+00  4.587502E+09  1.889121E+09  1.183650E+27  2.269262E+18  7.156622E+07  9.161949E+08  3.069614E+01  6.265394E-02
    205  3.2887287951769661E-01  0.0000000000000000E+00  0.0000000000000000E+00  4.593457E+09  1.888574E+09  1.183284E+27  2.269720E+18  7.157240E+07  9.161854E+08  3.073811E+01  6.431218E-02
    206  3.2920338268855459E-01  0.0000000000000000E+00  0.0000000000000000E+00  4.605341E+09  1.887481E+09  1.182542E+27  2.270692E+18  7.157898E+07  9.161628E+08  3.082733E+01  6.788146E-02
    207  3.2986438903027054E-01  0.0000000000000000E+00  0.0000000000000000E+00  4.629040E+09  1.885296E+09  1.181023E+27  2.272863E+18  7.156802E+07  9.161021E+08  3.102845E+01  7.613365E-02
    208  3.2996173753523517E-01  0.0000000000000000E+00  0.0000000000000000E+00  4.632523E+09  1.884975E+09  1.180795E+27  2.273210E+18  7.156356E+07  9.160914E+08  3.106080E+01  7.748608E-02
    209  3.3010937438332894E-01  0.0000000000000000E+00  0.0000000000000000E+00  4.637768E+09  1.884489E+09  1.180447E+27  2.273750E+18  7.155505E+07  9.160738E+08  3.111125E+01  7.960729E-02
    210  3.3040464807951647E-01  0.0000000000000000E+00  0.0000000000000000E+00  4.648258E+09  1.883518E+09  1.179744E+27  2.274880E+18  7.153280E+07  9.160354E+08  3.121737E+01  8.411453E-02
    211  3.3099519547189160E-01  0.0000000000000000E+00  0.0000000000000000E+00  4.669148E+09  1.881580E+09  1.178304E+27  2.277354E+18  7.146573E+07  9.159435E+08  3.145173E+01  9.426643E-02
    212  3.3108361130670422E-01  0.0000000000000000E+00  0.0000000000000000E+00  4.672243E+09  1.881291E+09  1.178084E+27  2.277750E+18  7.145284E+07  9.159278E+08  3.148948E+01  9.592627E-02
    213  3.3122381554188679E-01  0.0000000000000000E+00  0.0000000000000000E+00  4.677152E+09  1.880834E+09  1.177734E+27  2.278391E+18  7.143098E+07  9.159019E+08  3.155081E+01  9.863500E-02
    214  3.3150422401225194E-01  0.0000000000000000E+00  0.0000000000000000E+00  4.686968E+09  1.879919E+09  1.177026E+27  2.279725E+18  7.138197E+07  9.158466E+08  3.167906E+01  1.043475E-01
    215  3.3206504095298228E-01  0.0000000000000000E+00  0.0000000000000000E+00  4.706343E+09  1.878103E+09  1.175576E+27  2.282608E+18  7.125993E+07  9.157191E+08  3.195909E+01  1.170210E-01
    216  3.3290308279572661E-01  0.0000000000000000E+00  0.0000000000000000E+00  4.734800E+09  1.875414E+09  1.173322E+27  2.287467E+18  7.101720E+07  9.154853E+08  3.244050E+01  1.392669E-01
    217  3.3301792004070846E-01  0.0000000000000000E+00  0.0000000000000000E+00  4.738636E+09  1.875049E+09  1.173004E+27  2.288186E+18  7.097807E+07  9.154490E+08  3.251269E+01  1.426517E-01
    218  3.3317116732089519E-01  0.0000000000000000E+00  0.0000000000000000E+00  4.743755E+09  1.874562E+09  1.172577E+27  2.289165E+18  7.092381E+07  9.153989E+08  3.261148E+01  1.472779E-01
    219  3.3347766188126859E-01  0.0000000000000000E+00  0.0000000000000000E+00  4.753986E+09  1.873588E+09  1.171710E+27  2.291192E+18  7.080823E+07  9.152935E+08  3.281762E+01  1.569610E-01
    220  3.3353896079334328E-01  0.0000000000000000E+00  0.0000000000000000E+00  4.755963E+09  1.873397E+09  1.171536E+27  2.291608E+18  7.078341E+07  9.152711E+08  3.286025E+01  1.589716E-01
    221  3.3361192082170626E-01  0.0000000000000000E+00  0.0000000000000000E+00  4.758317E+09  1.873169E+09  1.171328E+27  2.292108E+18  7.075341E+07  9.152440E+08  3.291156E+01  1.613913E-01
    222  3.3375784087843219E-01  0.0000000000000000E+00  0.0000000000000000E+00  4.763025E+09  1.872714E+09  1.170908E+27  2.293124E+18  7.069191E+07  9.151888E+08  3.301613E+01  1.663260E-01
    223  3.3404968099188403E-01  0.0000000000000000E+00  0.0000000000000000E+00  4.772440E+09  1.871803E+09  1.170057E+27  2.295213E+18  7.056295E+07  9.150735E+08  3.323311E+01  1.765777E-01
    224  3.3463336121878773E-01  0.0000000000000000E+00  0.0000000000000000E+00  4.790863E+09  1.869998E+09  1.168312E+27  2.299622E+18  7.027857E+07  9.148209E+08  3.369871E+01  1.986204E-01
    225  3.3556022834394933E-01  0.0000000000000000E+00  0.0000000000000000E+00  4.818846E+09  1.867178E+09  1.165429E+27  2.307163E+18  6.976224E+07  9.143611E+08  3.452086E+01  2.374336E-01
    226  3.3569082048408994E-01  0.0000000000000000E+00  0.0000000000000000E+00  4.822639E+09  1.866785E+09  1.165012E+27  2.308271E+18  6.968383E+07  9.142906E+08  3.464437E+01  2.432510E-01
    227  3.3587346590422557E-01  0.0000000000000000E+00  0.0000000000000000E+00  4.827944E+09  1.866236E+09  1.164424E+27  2.309836E+18  6.957262E+07  9.141904E+08  3.482012E+01  2.514936E-01
    228  3.3623875674449683E-01  0.0000000000000000E+00  0.0000000000000000E+00  4.838320E+09  1.865144E+09  1.163235E+27  2.313017E+18  6.934326E+07  9.139822E+08  3.518198E+01  2.683918E-01
    229  3.3696933842503934E-01  0.0000000000000000E+00  0.0000000000000000E+00  4.858065E+09  1.862987E+09  1.160805E+27  2.319517E+18  6.886345E+07  9.135378E+08  3.594069E+01  3.034427E-01
    230  3.3811537707174111E-01  0.0000000000000000E+00  0.0000000000000000E+00  4.885994E+09  1.859683E+09  1.156890E+27  2.329834E+18  6.807745E+07  9.127777E+08  3.720010E+01  3.603070E-01
    231  3.3917022370432642E-01  0.0000000000000000E+00  0.0000000000000000E+00  4.908561E+09  1.856737E+09  1.153245E+27  2.339096E+18  6.735779E+07  9.120365E+08  3.838950E+01  4.122878E-01
    232  3.4014517581298281E-01  0.0000000000000000E+00  0.0000000000000000E+00  4.926584E+09  1.854107E+09  1.149897E+27  2.347182E+18  6.672365E+07  9.113363E+08  3.947311E+01  4.581189E-01
    233  3.4174879376266454E-01  0.0000000000000000E+00  0.0000000000000000E+00  4.949663E+09  1.850001E+09  1.144534E+27  2.359069E+18  6.578439E+07  9.101868E+08  4.113749E+01  5.258077E-01
    234  3.4312311686400365E-01  0.0000000000000000E+00  0.0000000000000000E+00  4.971855E+09  1.846370E+09  1.140087E+27  2.367790E+18  6.516155E+07  9.092902E+08  4.240544E+01  5.750641E-01
    235  3.4325525287844683E-01  0.0000000000000000E+00  0.0000000000000000E+00  4.974553E+09  1.845998E+09  1.139661E+27  2.368582E+18  6.511151E+07  9.092103E+08  4.252267E+01  5.795180E-01
    236  3.4344719304404636E-01  0.0000000000000000E+00  0.0000000000000000E+00  4.978591E+09  1.845453E+09  1.139042E+27  2.369720E+18  6.504109E+07  9.090954E+08  4.269189E+01  5.859201E-01
    237  3.4383107337524543E-01  0.0000000000000000E+00  0.0000000000000000E+00  4.986667E+09  1.844363E+09  1.137809E+27  2.371958E+18  6.490454E+07  9.088671E+08  4.302681E+01  5.985099E-01
    238  3.4390784944148522E-01  0.0000000000000000E+00  0.0000000000000000E+00  4.988282E+09  1.844145E+09  1.137563E+27  2.372400E+18  6.487793E+07  9.088216E+08  4.309320E+01  6.009899E-01
    239  3.4401502905014425E-01  0.0000000000000000E+00  0.0000000000000000E+00  4.990537E+09  1.843840E+09  1.137219E+27  2.373013E+18  6.484116E+07  9.087583E+08  4.318555E+01  6.044382E-01
    240  3.4422938826746230E-01  0.0000000000000000E+00  0.0000000000000000E+00  4.998686E+09  1.843034E+09  1.136472E+27  2.374221E+18  6.479917E+07  9.086561E+08  4.336950E+01  6.112362E-01
    241  3.4427226011092593E-01  0.0000000000000000E+00  0.0000000000000000E+00  5.000449E+09  1.842866E+09  1.136325E+27  2.374457E+18  6.479185E+07  9.086384E+08  4.340661E+01  6.126383E-01
    242  3.4430968273705825E-01  0.0000000000000000E+00  0.0000000000000000E+00  5.001987E+09  1.842719E+09  1.136207E+27  2.374644E+18  6.478566E+07  9.086273E+08  4.343901E+01  6.138035E-01
    243  3.4438452798932284E-01  0.0000000000000000E+00  0.0000000000000000E+00  5.005064E+09  1.842426E+09  1.135972E+27  2.375022E+18  6.477309E+07  9.086049E+08  4.350423E+01  6.162028E-01
    244  3.4453421849385207E-01  0.0000000000000000E+00  0.0000000000000000E+00  5.011217E+09  1.841838E+09  1.135500E+27  2.375785E+18  6.474724E+07  9.085595E+08  4.363638E+01  6.210676E-01
    245  3.4473323827743124E-01  0.0000000000000000E+00  0.0000000000000000E+00  5.019398E+09  1.841057E+09  1.134869E+27  2.376813E+18  6.471146E+07  9.084977E+08  4.381553E+01  6.276701E-01
    246  3.4513127784458958E-01  0.0000000000000000E+00  0.0000000000000000E+00  5.035974E+09  1.839484E+09  1.133595E+27  2.378911E+18  6.463736E+07  9.083715E+08  4.418510E+01  6.413140E-01
    247  3.4592735697890620E-01  0.0000000000000000E+00  0.0000000000000000E+00  5.069528E+09  1.836320E+09  1.131008E+27  2.383247E+18  6.447804E+07  9.081066E+08  4.496618E+01  6.700889E-01
    248  3.4716320541620421E-01  0.0000000000000000E+00  0.0000000000000000E+00  5.121381E+09  1.831449E+09  1.126975E+27  2.390082E+18  6.422019E+07  9.076763E+08  4.624273E+01  7.163593E-01
    249  3.4828564220297331E-01  0.0000000000000000E+00  0.0000000000000000E+00  5.167934E+09  1.827090E+09  1.123403E+27  2.395890E+18  6.402676E+07  9.073054E+08  4.736926E+01  7.560278E-01
    250  3.4933186313015296E-01  0.0000000000000000E+00  0.0000000000000000E+00  5.210722E+09  1.823106E+09  1.120237E+27  2.400643E+18  6.391443E+07  9.070065E+08  4.831507E+01  7.888621E-01
    251  3.4947833694879837E-01  0.0000000000000000E+00  0.0000000000000000E+00  5.216609E+09  1.822561E+09  1.119812E+27  2.401253E+18  6.390428E+07  9.069689E+08  4.843698E+01  7.931229E-01
    252  3.4975876146763091E-01  0.0000000000000000E+00  0.0000000000000000E+00  5.227875E+09  1.821517E+09  1.119005E+27  2.402377E+18  6.388935E+07  9.069002E+08  4.866261E+01  8.009839E-01
    253  3.5031961050529592E-01  0.0000000000000000E+00  0.0000000000000000E+00  5.250322E+09  1.819437E+09  1.117428E+27  2.404468E+18  6.387631E+07  9.067753E+08  4.908305E+01  8.156751E-01
    254  3.5043178031282890E-01  0.0000000000000000E+00  0.0000000000000000E+00  5.254737E+09  1.819027E+09  1.117121E+27  2.404861E+18  6.387577E+07  9.067521E+08  4.916225E+01  8.184335E-01
    255  3.5064916900319204E-01  0.0000000000000000E+00  0.0000000000000000E+00  5.263294E+09  1.818235E+09  1.116530E+27  2.405602E+18  6.387728E+07  9.067089E+08  4.931108E+01  8.236518E-01
    256  3.5108394638391832E-01  0.0000000000000000E+00  0.0000000000000000E+00  5.280407E+09  1.816649E+09  1.115366E+27  2.406996E+18  6.389000E+07  9.066299E+08  4.959060E+01  8.335018E-01
    257  3.5195350114537083E-01  0.0000000000000000E+00  0.0000000000000000E+00  5.313697E+09  1.813530E+09  1.113120E+27  2.409469E+18  6.394304E+07  9.064927E+08  5.008200E+01  8.510497E-01
    258  3.5212741209766135E-01  0.0000000000000000E+00  0.0000000000000000E+00  5.320169E+09  1.812910E+09  1.112679E+27  2.409916E+18  6.395721E+07  9.064675E+08  5.017041E+01  8.542253E-01
    259  3.5242138533651762E-01  0.0000000000000000E+00  0.0000000000000000E+00  5.331070E+09  1.811862E+09  1.111938E+27  2.410644E+18  6.398424E+07  9.064271E+08  5.031313E+01  8.594474E-01
    260  3.5300933181423011E-01  0.0000000000000000E+00  0.0000000000000000E+00  5.352651E+09  1.809764E+09  1.110470E+27  2.411999E+18  6.404808E+07  9.063528E+08  5.057564E+01  8.692529E-01
    261  3.5418522476965508E-01  0.0000000000000000E+00  0.0000000000000000E+00  5.393863E+09  1.805523E+09  1.107517E+27  2.414376E+18  6.419804E+07  9.062092E+08  5.102526E+01  8.866059E-01
    262  3.5436271458881807E-01  0.0000000000000000E+00  0.0000000000000000E+00  5.399904E+09  1.804876E+09  1.107069E+27  2.414701E+18  6.422314E+07  9.061882E+08  5.108523E+01  8.890180E-01
    263  3.5470493617881815E-01  0.0000000000000000E+00  0.0000000000000000E+00  5.411376E+09  1.803625E+09  1.106201E+27  2.415307E+18  6.427263E+07  9.061474E+08  5.119585E+01  8.934437E-01
    264  3.5538937935881831E-01  0.0000000000000000E+00  0.0000000000000000E+00  5.433410E+09  1.801092E+09  1.104437E+27  2.416438E+18  6.437424E+07  9.060613E+08  5.139696E+01  9.015790E-01
    265  3.5552626799481835E-01  0.0000000000000000E+00  0.0000000000000000E+00  5.437748E+09  1.800584E+09  1.104084E+27  2.416651E+18  6.439560E+07  9.060445E+08  5.143386E+01  9.030896E-01
    266  3.5576975305830827E-01  0.0000000000000000E+00  0.0000000000000000E+00  5.445127E+09  1.799673E+09  1.103442E+27  2.417021E+18  6.443193E+07  9.060110E+08  5.149753E+01  9.056951E-01
    267  3.5625672318528812E-01  0.0000000000000000E+00  0.0000000000000000E+00  5.459886E+09  1.797849E+09  1.102168E+27  2.417722E+18  6.450921E+07  9.059480E+08  5.161489E+01  9.106167E-01
    268  3.5723066343924786E-01  0.0000000000000000E+00  0.0000000000000000E+00  5.487640E+09  1.794177E+09  1.099583E+27  2.418999E+18  6.466451E+07  9.058124E+08  5.181850E+01  9.194264E-01
    269  3.5742545149003979E-01  0.0000000000000000E+00  0.0000000000000000E+00  5.492774E+09  1.793438E+09  1.099055E+27  2.419236E+18  6.469423E+07  9.057819E+08  5.185511E+01  9.210328E-01
    270  3.5779714723898287E-01  0.0000000000000000E+00  0.0000000000000000E+00  5.502478E+09  1.792028E+09  1.098048E+27  2.419676E+18  6.475198E+07  9.057240E+08  5.192108E+01  9.239851E-01
    271  3.5854053873686897E-01  0.0000000000000000E+00  0.0000000000000000E+00  5.524947E+09  1.788945E+09  1.095933E+27  2.420466E+18  6.490429E+07  9.056332E+08  5.202975E+01  9.295232E-01
    272  3.5986152381034547E-01  0.0000000000000000E+00  0.0000000000000000E+00  5.576354E+09  1.782603E+09  1.091877E+27  2.421606E+18  6.530511E+07  9.055691E+08  5.215061E+01  9.386709E-01
    273  3.6004224426711418E-01  0.0000000000000000E+00  0.0000000000000000E+00  5.584139E+09  1.781689E+09  1.091312E+27  2.421747E+18  6.536891E+07  9.055682E+08  5.216128E+01  9.398483E-01
    274  3.6035798537263430E-01  0.0000000000000000E+00  0.0000000000000000E+00  5.597861E+09  1.780089E+09  1.090329E+27  2.421979E+18  6.548258E+07  9.055688E+08  5.217720E+01  9.418979E-01
    275  3.6098946758367456E-01  0.0000000000000000E+00  0.0000000000000000E+00  5.625579E+09  1.776881E+09  1.088374E+27  2.422419E+18  6.571628E+07  9.055771E+08  5.219995E+01  9.458874E-01
    276  3.6111576402588264E-01  0.0000000000000000E+00  0.0000000000000000E+00  5.631240E+09  1.776236E+09  1.087986E+27  2.422501E+18  6.576476E+07  9.055807E+08  5.220273E+01  9.466705E-01
    277  3.6136835691029873E-01  0.0000000000000000E+00  0.0000000000000000E+00  5.642562E+09  1.774948E+09  1.087212E+27  2.422664E+18  6.586224E+07  9.055885E+08  5.220722E+01  9.482241E-01
    278  3.6187354267913097E-01  0.0000000000000000E+00  0.0000000000000000E+00  5.665419E+09  1.772372E+09  1.085677E+27  2.422977E+18  6.606143E+07  9.056094E+08  5.221051E+01  9.512788E-01
    279  3.6288391421679539E-01  0.0000000000000000E+00  0.0000000000000000E+00  5.712023E+09  1.767234E+09  1.082667E+27  2.423540E+18  6.647786E+07  9.056744E+08  5.219271E+01  9.571491E-01
    280  3.6304452704425283E-01  0.0000000000000000E+00  0.0000000000000000E+00  5.719514E+09  1.766420E+09  1.082197E+27  2.423619E+18  6.654629E+07  9.056876E+08  5.218634E+01  9.580469E-01
    281  3.6336575269916771E-01  0.0000000000000000E+00  0.0000000000000000E+00  5.734497E+09  1.764791E+09  1.081260E+27  2.423772E+18  6.668431E+07  9.057151E+08  5.217109E+01  9.597918E-01
    282  3.6400820400899753E-01  0.0000000000000000E+00  0.0000000000000000E+00  5.764714E+09  1.761544E+09  1.079413E+27  2.424042E+18  6.696802E+07  9.057799E+08  5.212795E+01  9.631049E-01
    283  3.6413669427096351E-01  0.0000000000000000E+00  0.0000000000000000E+00  5.770764E+09  1.760895E+09  1.079046E+27  2.424089E+18  6.702572E+07  9.057939E+08  5.211735E+01  9.637419E-01
    284  3.6439367479489543E-01  0.0000000000000000E+00  0.0000000000000000E+00  5.782868E+09  1.759597E+09  1.078315E+27  2.424183E+18  6.714191E+07  9.058227E+08  5.209449E+01  9.649842E-01
    285  3.6490763584275926E-01  0.0000000000000000E+00  0.0000000000000000E+00  5.807100E+09  1.756997E+09  1.076858E+27  2.424351E+18  6.737795E+07  9.058840E+08  5.204135E+01  9.673590E-01
    286  3.6593555793848698E-01  0.0000000000000000E+00  0.0000000000000000E+00  5.855333E+09  1.751775E+09  1.073950E+27  2.424610E+18  6.786189E+07  9.060163E+08  5.190629E+01  9.716929E-01
    287  3.6609705973766049E-01  0.0000000000000000E+00  0.0000000000000000E+00  5.862892E+09  1.750953E+09  1.073495E+27  2.424640E+18  6.793964E+07  9.060387E+08  5.188112E+01  9.723272E-01
    288  3.6642006333600752E-01  0.0000000000000000E+00  0.0000000000000000E+00  5.877783E+09  1.749297E+09  1.072572E+27  2.424694E+18  6.809420E+07  9.060806E+08  5.182934E+01  9.735465E-01
    289  3.6706607053270152E-01  0.0000000000000000E+00  0.0000000000000000E+00  5.907479E+09  1.745982E+09  1.070735E+27  2.424775E+18  6.840818E+07  9.061689E+08  5.171424E+01  9.757794E-01
    290  3.6719527197204033E-01  0.0000000000000000E+00  0.0000000000000000E+00  5.913310E+09  1.745317E+09  1.070364E+27  2.424788E+18  6.847078E+07  9.061858E+08  5.168995E+01  9.761938E-01
    291  3.6745367485071795E-01  0.0000000000000000E+00  0.0000000000000000E+00  5.924973E+09  1.743987E+09  1.069624E+27  2.424812E+18  6.859671E+07  9.062204E+08  5.163990E+01  9.769859E-01
    292  3.6797048060807314E-01  0.0000000000000000E+00  0.0000000000000000E+00  5.948180E+09  1.741327E+09  1.068147E+27  2.424850E+18  6.885057E+07  9.062911E+08  5.153397E+01  9.784530E-01
    293  3.6900409212278351E-01  0.0000000000000000E+00  0.0000000000000000E+00  5.993367E+09  1.736007E+09  1.065181E+27  2.424882E+18  6.935773E+07  9.064276E+08  5.130456E+01  9.810431E-01
    294  3.6918791097077225E-01  0.0000000000000000E+00  0.0000000000000000E+00  6.001214E+09  1.735064E+09  1.064653E+27  2.424877E+18  6.944797E+07  9.064514E+08  5.126074E+01  9.814718E-01
    295  3.6955554866674967E-01  0.0000000000000000E+00  0.0000000000000000E+00  6.016910E+09  1.733176E+09  1.063601E+27  2.424857E+18  6.962993E+07  9.065004E+08  5.117026E+01  9.823034E-01
    296  3.7029082405870456E-01  0.0000000000000000E+00  0.0000000000000000E+00  6.047273E+09  1.729424E+09  1.061493E+27  2.424788E+18  6.998909E+07  9.065912E+08  5.098314E+01  9.838189E-01
    297  3.7043787913709553E-01  0.0000000000000000E+00  0.0000000000000000E+00  6.053319E+09  1.728674E+09  1.061074E+27  2.424767E+18  7.006180E+07  9.066102E+08  5.094362E+01  9.840925E-01
    298  3.7073198929387746E-01  0.0000000000000000E+00  0.0000000000000000E+00  6.064888E+09  1.727128E+09  1.060181E+27  2.424731E+18  7.020241E+07  9.066374E+08  5.086724E+01  9.846114E-01
    299  3.7132020960744139E-01  0.0000000000000000E+00  0.0000000000000000E+00  6.087571E+09  1.723998E+09  1.058357E+27  2.424646E+18  7.048256E+07  9.066856E+08  5.071104E+01  9.855415E-01
    300  3.7249665023456918E-01  0.0000000000000000E+00  0.0000000000000000E+00  6.134511E+09  1.717541E+09  1.054646E+27  2.424333E+18  7.107919E+07  9.068082E+08  5.035695E+01  9.870366E-01
    301  3.7270843503629059E-01  0.0000000000000000E+00  0.0000000000000000E+00  6.143274E+09  1.716357E+09  1.053979E+27  2.424250E+18  7.119340E+07  9.068365E+08  5.028532E+01  9.872628E-01
    302  3.7313200463973339E-01  0.0000000000000000E+00  0.0000000000000000E+00  6.160799E+09  1.713990E+09  1.052649E+27  2.424072E+18  7.142361E+07  9.068949E+08  5.013920E+01  9.876813E-01
    303  3.7397914384661907E-01  0.0000000000000000E+00  0.0000000000000000E+00  6.196928E+09  1.709162E+09  1.049976E+27  2.423622E+18  7.190867E+07  9.070326E+08  4.981917E+01  9.883524E-01
    304  3.7414857168799620E-01  0.0000000000000000E+00  0.0000000000000000E+00  6.204247E+09  1.708186E+09  1.049441E+27  2.423517E+18  7.200887E+07  9.070628E+08  4.975100E+01  9.884609E-01
    305  3.7445453391912442E-01  0.0000000000000000E+00  0.0000000000000000E+00  6.217645E+09  1.706401E+09  1.048466E+27  2.423315E+18  7.219356E+07  9.071198E+08  4.962424E+01  9.886382E-01
    306  3.7506645838138086E-01  0.0000000000000000E+00  0.0000000000000000E+00  6.244520E+09  1.702820E+09  1.046521E+27  2.422875E+18  7.256948E+07  9.072396E+08  4.936146E+01  9.889321E-01
    307  3.7518884327383217E-01  0.0000000000000000E+00  0.0000000000000000E+00  6.249970E+09  1.702091E+09  1.046127E+27  2.422779E+18  7.264672E+07  9.072649E+08  4.930660E+01  9.889813E-01
    308  3.7543361305873474E-01  0.0000000000000000E+00  0.0000000000000000E+00  6.260869E+09  1.700635E+09  1.045341E+27  2.422584E+18  7.280182E+07  9.073160E+08  4.919613E+01  9.890739E-01
    309  3.7592315262853987E-01  0.0000000000000000E+00  0.0000000000000000E+00  6.282700E+09  1.697713E+09  1.043769E+27  2.422175E+18  7.311538E+07  9.074211E+08  4.897099E+01  9.892357E-01
    310  3.7690223176815019E-01  0.0000000000000000E+00  0.0000000000000000E+00  6.326740E+09  1.691772E+09  1.040586E+27  2.421277E+18  7.376008E+07  9.076419E+08  4.850172E+01  9.894563E-01
    311  3.7709804759607224E-01  0.0000000000000000E+00  0.0000000000000000E+00  6.335570E+09  1.690571E+09  1.039946E+27  2.421080E+18  7.389209E+07  9.076880E+08  4.840379E+01  9.894801E-01
    312  3.7748967925191634E-01  0.0000000000000000E+00  0.0000000000000000E+00  6.353232E+09  1.688170E+09  1.038667E+27  2.420681E+18  7.415731E+07  9.077814E+08  4.820704E+01  9.895174E-01
    313  3.7827294256360461E-01  0.0000000000000000E+00  0.0000000000000000E+00  6.388594E+09  1.683318E+09  1.036088E+27  2.419835E+18  7.469726E+07  9.079734E+08  4.780268E+01  9.895435E-01
    314  3.7842959522594227E-01  0.0000000000000000E+00  0.0000000000000000E+00  6.395667E+09  1.682346E+09  1.035574E+27  2.419656E+18  7.480698E+07  9.080132E+08  4.771955E+01  9.895413E-01
    315  3.7874290055061755E-01  0.0000000000000000E+00  0.0000000000000000E+00  6.409739E+09  1.680395E+09  1.034540E+27  2.419296E+18  7.502631E+07  9.080918E+08  4.755350E+01  9.895346E-01
    316  3.7936951119996815E-01  0.0000000000000000E+00  0.0000000000000000E+00  6.437838E+09  1.676488E+09  1.032475E+27  2.418551E+18  7.546994E+07  9.082531E+08  4.721557E+01  9.895054E-01
    317  3.7949483332983824E-01  0.0000000000000000E+00  0.0000000000000000E+00  6.443397E+09  1.675715E+09  1.032067E+27  2.418398E+18  7.555872E+07  9.082857E+08  4.714749E+01  9.894976E-01
    318  3.7974547758957850E-01  0.0000000000000000E+00  0.0000000000000000E+00  6.454499E+09  1.674170E+09  1.031255E+27  2.418091E+18  7.573666E+07  9.083515E+08  4.701101E+01  9.894811E-01
    319  3.8024676610905894E-01  0.0000000000000000E+00  0.0000000000000000E+00  6.476703E+09  1.671082E+09  1.029636E+27  2.417458E+18  7.609619E+07  9.084863E+08  4.673411E+01  9.894414E-01
    320  3.8124934314801989E-01  0.0000000000000000E+00  0.0000000000000000E+00  6.519826E+09  1.665044E+09  1.026476E+27  2.416177E+18  7.680793E+07  9.087536E+08  4.618320E+01  9.893615E-01
    321  3.8294122425460547E-01  0.0000000000000000E+00  0.0000000000000000E+00  6.580292E+09  1.655122E+09  1.020867E+27  2.414395E+18  7.784535E+07  9.090095E+08  4.539238E+01  9.892645E-01
    322  3.8318990579804313E-01  0.0000000000000000E+00  0.0000000000000000E+00  6.589408E+09  1.653641E+09  1.020042E+27  2.414105E+18  7.800559E+07  9.090534E+08  4.526904E+01  9.892464E-01
    323  3.8366419372977550E-01  0.0000000000000000E+00  0.0000000000000000E+00  6.606796E+09  1.650817E+09  1.018472E+27  2.413539E+18  7.831322E+07  9.091389E+08  4.503249E+01  9.892076E-01
    324  3.8461276959324026E-01  0.0000000000000000E+00  0.0000000000000000E+00  6.642661E+09  1.645022E+09  1.015284E+27  2.412296E+18  7.895963E+07  9.093315E+08  4.453328E+01  9.891210E-01
    325  3.8650992132016976E-01  0.0000000000000000E+00  0.0000000000000000E+00  6.718146E+09  1.632739E+09  1.008624E+27  2.409340E+18  8.037828E+07  9.097895E+08  4.343227E+01  9.889100E-01
    326  3.8677307867042782E-01  0.0000000000000000E+00  0.0000000000000000E+00  6.729097E+09  1.630946E+09  1.007663E+27  2.408873E+18  8.059126E+07  9.098623E+08  4.326651E+01  9.888887E-01
    327  3.8718817729679744E-01  0.0000000000000000E+00  0.0000000000000000E+00  6.746372E+09  1.628117E+09  1.006151E+27  2.408119E+18  8.092982E+07  9.099792E+08  4.300378E+01  9.888420E-01
    328  3.8801837454953669E-01  0.0000000000000000E+00  0.0000000000000000E+00  6.781897E+09  1.622316E+09  1.003079E+27  2.406492E+18  8.163929E+07  9.102343E+08  4.245406E+01  9.887419E-01
    329  3.8967876905501514E-01  0.0000000000000000E+00  0.0000000000000000E+00  6.856807E+09  1.610332E+09  9.969090E+26  2.402696E+18  8.319423E+07  9.108497E+08  4.125447E+01  9.885203E-01
    330  3.8990590826332505E-01  0.0000000000000000E+00  0.0000000000000000E+00  6.867356E+09  1.608670E+09  9.960712E+26  2.402126E+18  8.341984E+07  9.109444E+08  4.108138E+01  9.885079E-01
    331  3.9027082135145041E-01  0.0000000000000000E+00  0.0000000000000000E+00  6.884811E+09  1.605967E+09  9.947292E+26  2.401156E+18  8.379601E+07  9.111085E+08  4.079357E+01  9.884650E-01
    332  3.9100064752770114E-01  0.0000000000000000E+00  0.0000000000000000E+00  6.917005E+09  1.600662E+09  9.920016E+26  2.399348E+18  8.450328E+07  9.113882E+08  4.026007E+01  9.884143E-01
    333  3.9212061790709368E-01  0.0000000000000000E+00  0.0000000000000000E+00  6.952448E+09  1.593038E+09  9.875282E+26  2.397468E+18  8.531132E+07  9.115327E+08  3.967757E+01  9.883886E-01
    334  3.9421326713834698E-01  0.0000000000000000E+00  0.0000000000000000E+00  7.019602E+09  1.578538E+09  9.790972E+26  2.393588E+18  8.690139E+07  9.118493E+08  3.854895E+01  9.883415E-01
    335  3.9449792163896530E-01  0.0000000000000000E+00  0.0000000000000000E+00  7.028838E+09  1.576543E+09  9.779464E+26  2.393026E+18  8.712625E+07  9.118977E+08  3.839136E+01  9.883602E-01
    336  3.9486215678242131E-01  0.0000000000000000E+00  0.0000000000000000E+00  7.040699E+09  1.573985E+09  9.764743E+26  2.392286E+18  8.741730E+07  9.119619E+08  3.818814E+01  9.883583E-01
    337  3.9558098627501337E-01  0.0000000000000000E+00  0.0000000000000000E+00  7.064256E+09  1.568929E+09  9.735818E+26  2.390775E+18  8.800259E+07  9.120975E+08  3.778197E+01  9.883589E-01
    338  3.9692724140449032E-01  0.0000000000000000E+00  0.0000000000000000E+00  7.109187E+09  1.559437E+09  9.682255E+26  2.387729E+18  8.914612E+07  9.123910E+08  3.699806E+01  9.883816E-01
    339  3.9718205481751495E-01  0.0000000000000000E+00  0.0000000000000000E+00  7.117973E+09  1.557626E+09  9.672206E+26  2.387102E+18  8.937385E+07  9.124561E+08  3.684331E+01  9.883739E-01
    340  3.9742469852630724E-01  0.0000000000000000E+00  0.0000000000000000E+00  7.126376E+09  1.555898E+09  9.662657E+26  2.386496E+18  8.959306E+07  9.125198E+08  3.669488E+01  9.883784E-01
    341  3.9790998594389176E-01  0.0000000000000000E+00  0.0000000000000000E+00  7.143282E+09  1.552434E+09  9.643592E+26  2.385253E+18  9.003808E+07  9.126522E+08  3.639526E+01  9.883888E-01
    342  3.9888056077906087E-01  0.0000000000000000E+00  0.0000000000000000E+00  7.178329E+09  1.545350E+09  9.605153E+26  2.382557E+18  9.097918E+07  9.129521E+08  3.576838E+01  9.884209E-01
    343  3.9907420913954000E-01  0.0000000000000000E+00  0.0000000000000000E+00  7.185348E+09  1.543891E+09  9.597173E+26  2.381999E+18  9.117122E+07  9.130112E+08  3.564222E+01  9.884195E-01
    344  3.9926222840014652E-01  0.0000000000000000E+00  0.0000000000000000E+00  7.192162E+09  1.542474E+09  9.589439E+26  2.381452E+18  9.135885E+07  9.130695E+08  3.551932E+01  9.884261E-01
    345  3.9963826692135962E-01  0.0000000000000000E+00  0.0000000000000000E+00  7.205743E+09  1.539632E+09  9.573916E+26  2.380346E+18  9.173603E+07  9.131862E+08  3.527376E+01  9.884418E-01
    346  4.0039034396378576E-01  0.0000000000000000E+00  0.0000000000000000E+00  7.232206E+09  1.533828E+09  9.541675E+26  2.378140E+18  9.248604E+07  9.133994E+08  3.479319E+01  9.884796E-01
    347  4.0181459259302404E-01  0.0000000000000000E+00  0.0000000000000000E+00  7.282401E+09  1.522799E+09  9.480804E+26  2.373730E+18  9.394934E+07  9.138300E+08  3.387764E+01  9.885422E-01
    348  4.0202059476033103E-01  0.0000000000000000E+00  0.0000000000000000E+00  7.289634E+09  1.521196E+09  9.471977E+26  2.373071E+18  9.416509E+07  9.138942E+08  3.374511E+01  9.885644E-01
    349  4.0231155845043892E-01  0.0000000000000000E+00  0.0000000000000000E+00  7.299801E+09  1.518922E+09  9.459422E+26  2.372132E+18  9.447058E+07  9.139839E+08  3.355875E+01  9.885824E-01
    350  4.0287632103293702E-01  0.0000000000000000E+00  0.0000000000000000E+00  7.319326E+09  1.514464E+09  9.434660E+26  2.370293E+18  9.506569E+07  9.141535E+08  3.319983E+01  9.886197E-01
    351  4.0394804505277621E-01  0.0000000000000000E+00  0.0000000000000000E+00  7.355689E+09  1.505888E+09  9.386651E+26  2.366736E+18  9.620339E+07  9.144636E+08  3.252839E+01  9.887000E-01
    352  4.0414331439389134E-01  0.0000000000000000E+00  0.0000000000000000E+00  7.362135E+09  1.504302E+09  9.377642E+26  2.366089E+18  9.640903E+07  9.145150E+08  3.240949E+01  9.887076E-01
    353  4.0436924162314597E-01  0.0000000000000000E+00  0.0000000000000000E+00  7.369564E+09  1.502462E+09  9.367195E+26  2.365336E+18  9.664805E+07  9.145746E+08  3.227187E+01  9.887252E-01
    354  4.0482109608165517E-01  0.0000000000000000E+00  0.0000000000000000E+00  7.384423E+09  1.498784E+09  9.346341E+26  2.363807E+18  9.712995E+07  9.146963E+08  3.199675E+01  9.887599E-01
    355  4.0571795995571092E-01  0.0000000000000000E+00  0.0000000000000000E+00  7.413272E+09  1.491431E+09  9.304324E+26  2.360756E+18  9.808521E+07  9.149253E+08  3.146173E+01  9.888348E-01
    356  4.0730018947872354E-01  0.0000000000000000E+00  0.0000000000000000E+00  7.458520E+09  1.478423E+09  9.227003E+26  2.355793E+18  9.965055E+07  9.151830E+08  3.062103E+01  9.889719E-01
    357  4.0974958295420122E-01  0.0000000000000000E+00  0.0000000000000000E+00  7.515585E+09  1.458084E+09  9.098943E+26  2.349171E+18  1.017838E+08  9.152236E+08  2.954802E+01  9.891794E-01
    358  4.1178540066800123E-01  0.0000000000000000E+00  0.0000000000000000E+00  7.557962E+09  1.441442E+09  8.992257E+26  2.343943E+18  1.034638E+08  9.151579E+08  2.874862E+01  9.894095E-01
    359  4.1499324862858694E-01  0.0000000000000000E+00  0.0000000000000000E+00  7.623349E+09  1.414999E+09  8.823182E+26  2.335107E+18  1.062044E+08  9.150745E+08  2.751097E+01  9.896665E-01
    360  4.1544390385352320E-01  0.0000000000000000E+00  0.0000000000000000E+00  7.633344E+09  1.411109E+09  8.798769E+26  2.333653E+18  1.066359E+08  9.150868E+08  2.732187E+01  9.897166E-01
    361  4.1596563428421185E-01  0.0000000000000000E+00  0.0000000000000000E+00  7.644047E+09  1.406586E+09  8.769856E+26  2.332074E+18  1.071105E+08  9.150724E+08  2.711798E+01  9.897588E-01
    362  4.1700909514558915E-01  0.0000000000000000E+00  0.0000000000000000E+00  7.663208E+09  1.397593E+09  8.711133E+26  2.329196E+18  1.079918E+08  9.149764E+08  2.675028E+01  9.898437E-01
    363  4.1721778731786463E-01  0.0000000000000000E+00  0.0000000000000000E+00  7.666544E+09  1.395810E+09  8.699215E+26  2.328689E+18  1.081518E+08  9.149419E+08  2.668551E+01  9.898616E-01
    364  4.1737818550959371E-01  0.0000000000000000E+00  0.0000000000000000E+00  7.668748E+09  1.394454E+09  8.689930E+26  2.328357E+18  1.082616E+08  9.149037E+08  2.664216E+01  9.898748E-01
    365  4.1769898189305193E-01  0.0000000000000000E+00  0.0000000000000000E+00  7.673154E+09  1.391741E+09  8.671371E+26  2.327688E+18  1.084820E+08  9.148277E+08  2.655542E+01  9.899011E-01
    366  4.1834057465996832E-01  0.0000000000000000E+00  0.0000000000000000E+00  7.680504E+09  1.386375E+09  8.633807E+26  2.326572E+18  1.088715E+08  9.146295E+08  2.640741E+01  9.899539E-01
    367  4.1962376019380110E-01  0.0000000000000000E+00  0.0000000000000000E+00  7.688868E+09  1.375884E+09  8.556584E+26  2.325355E+18  1.094186E+08  9.140259E+08  2.622314E+01  9.900612E-01
    368  4.1988039730056764E-01  0.0000000000000000E+00  0.0000000000000000E+00  7.692163E+09  1.373675E+09  8.541382E+26  2.324828E+18  1.095924E+08  9.139565E+08  2.615715E+01  9.900815E-01
    369  4.2008281394391012E-01  0.0000000000000000E+00  0.0000000000000000E+00  7.696954E+09  1.371799E+09  8.529829E+26  2.324028E+18  1.098165E+08  9.139730E+08  2.606545E+01  9.900943E-01
    370  4.2048764723059512E-01  0.0000000000000000E+00  0.0000000000000000E+00  7.706537E+09  1.368049E+09  8.506746E+26  2.322412E+18  1.102670E+08  9.140074E+08  2.588257E+01  9.901214E-01
    371  4.2129731380396507E-01  0.0000000000000000E+00  0.0000000000000000E+00  7.731715E+09  1.360146E+09  8.461605E+26  2.318032E+18  1.114227E+08  9.142784E+08  2.541127E+01  9.901691E-01
    372  4.2291664695070497E-01  0.0000000000000000E+00  0.0000000000000000E+00  7.787503E+09  1.343454E+09  8.368912E+26  2.307744E+18  1.140541E+08  9.150132E+08  2.438074E+01  9.902591E-01
    373  4.2545489859947988E-01  0.0000000000000000E+00  0.0000000000000000E+00  7.849640E+09  1.318211E+09  8.215176E+26  2.295270E+18  1.173215E+08  9.153722E+08  2.322300E+01  9.903954E-01
    374  4.2898142032897579E-01  0.0000000000000000E+00  0.0000000000000000E+00  7.875172E+09  1.284660E+09  7.974047E+26  2.289040E+18  1.194489E+08  9.136612E+08  2.262200E+01  9.906125E-01
    375  4.2952808446661184E-01  0.0000000000000000E+00  0.0000000000000000E+00  7.882022E+09  1.279105E+09  7.936197E+26  2.287380E+18  1.199281E+08  9.134937E+08  2.247893E+01  9.906381E-01
    376  4.3029429520990953E-01  0.0000000000000000E+00  0.0000000000000000E+00  7.892646E+09  1.271228E+09  7.883290E+26  2.284778E+18  1.206572E+08  9.132994E+08  2.226092E+01  9.906735E-01
    377  4.3172875238422198E-01  0.0000000000000000E+00  0.0000000000000000E+00  7.905291E+09  1.256677E+09  7.781124E+26  2.281322E+18  1.217209E+08  9.126608E+08  2.196780E+01  9.907454E-01
    378  4.3433453263851429E-01  0.0000000000000000E+00  0.0000000000000000E+00  7.910834E+09  1.230231E+09  7.584882E+26  2.278492E+18  1.229350E+08  9.107901E+08  2.169986E+01  9.908864E-01
    379  4.3954609314709886E-01  0.0000000000000000E+00  0.0000000000000000E+00  7.925551E+09  1.177193E+09  7.198275E+26  2.271206E+18  1.257029E+08  9.072162E+08  2.108197E+01  9.911249E-01
    380  4.4033304458186867E-01  0.0000000000000000E+00  0.0000000000000000E+00  7.925686E+09  1.168912E+09  7.137179E+26  2.270374E+18  1.260684E+08  9.065767E+08  2.101052E+01  9.911585E-01
    381  4.4148823720482100E-01  0.0000000000000000E+00  0.0000000000000000E+00  7.931845E+09  1.156302E+09  7.048280E+26  2.267738E+18  1.269062E+08  9.058618E+08  2.081393E+01  9.911981E-01
    382  4.4379862245072565E-01  0.0000000000000000E+00  0.0000000000000000E+00  7.952434E+09  1.129975E+09  6.868822E+26  2.260070E+18  1.290900E+08  9.047381E+08  2.028326E+01  9.912539E-01
    383  4.4419878341659502E-01  0.0000000000000000E+00  0.0000000000000000E+00  7.955089E+09  1.125931E+09  6.840987E+26  2.258986E+18  1.294083E+08  9.045417E+08  2.020941E+01  9.912625E-01
    384  4.4468129902293618E-01  0.0000000000000000E+00  0.0000000000000000E+00  7.957830E+09  1.121564E+09  6.810771E+26  2.257888E+18  1.297413E+08  9.043167E+08  2.013401E+01  9.912743E-01
    385  4.4564633023561845E-01  0.0000000000000000E+00  0.0000000000000000E+00  7.965997E+09  1.120834E+09  6.809167E+26  2.256483E+18  1.301003E+08  9.045225E+08  2.003395E+01  9.912859E-01
    386  4.4583933647815488E-01  0.0000000000000000E+00  0.0000000000000000E+00  7.973030E+09  1.124106E+09  6.836715E+26  2.255526E+18  1.302461E+08  9.050345E+08  1.997389E+01  9.912751E-01
    387  4.4597989691655332E-01  0.0000000000000000E+00  0.0000000000000000E+00  7.979261E+09  1.127141E+09  6.862186E+26  2.254672E+18  1.303716E+08  9.055008E+08  1.992114E+01  9.912638E-01
    388  4.4626101779335026E-01  0.0000000000000000E+00  0.0000000000000000E+00  7.991724E+09  1.133210E+09  6.913227E+26  2.252960E+18  1.306236E+08  9.064317E+08  1.981619E+01  9.912416E-01
    389  4.4682325954694413E-01  0.0000000000000000E+00  0.0000000000000000E+00  8.020130E+09  1.148242E+09  7.038826E+26  2.249179E+18  1.311465E+08  9.086349E+08  1.958928E+01  9.911867E-01
    390  4.4786644545008830E-01  0.0000000000000000E+00  0.0000000000000000E+00  8.075586E+09  1.178962E+09  7.296373E+26  2.241861E+18  1.320950E+08  9.129991E+08  1.916493E+01  9.910794E-01
    391  4.4976356023039865E-01  0.0000000000000000E+00  0.0000000000000000E+00  8.121334E+09  1.190520E+09  7.408543E+26  2.233925E+18  1.335849E+08  9.155788E+08  1.871067E+01  9.910284E-01
    392  4.5248062309854520E-01  0.0000000000000000E+00  0.0000000000000000E+00  8.079343E+09  1.120156E+09  6.866629E+26  2.233124E+18  1.351853E+08  9.088558E+08  1.862266E+01  9.912253E-01
    393  4.5290901906647946E-01  0.0000000000000000E+00  0.0000000000000000E+00  8.083323E+09  1.118824E+09  6.859021E+26  2.232151E+18  1.354282E+08  9.089057E+08  1.856664E+01  9.912288E-01
    394  4.5354667022381628E-01  0.0000000000000000E+00  0.0000000000000000E+00  8.094865E+09  1.121347E+09  6.883789E+26  2.230092E+18  1.358226E+08  9.095381E+08  1.845319E+01  9.912154E-01
    395  4.5482197253848994E-01  0.0000000000000000E+00  0.0000000000000000E+00  8.141593E+09  1.145131E+09  7.084543E+26  2.223472E+18  1.367477E+08  9.131012E+08  1.810871E+01  9.911223E-01
    396  4.5612231769315104E-01  0.0000000000000000E+00  0.0000000000000000E+00  8.176092E+09  1.161909E+09  7.227691E+26  2.218626E+18  1.374594E+08  9.156203E+08  1.785986E+01  9.910635E-01
    397  4.5636829958731356E-01  0.0000000000000000E+00  0.0000000000000000E+00  8.180591E+09  1.162426E+09  7.234188E+26  2.217700E+18  1.376439E+08  9.158371E+08  1.781276E+01  9.910574E-01
    398  4.5686026337563856E-01  0.0000000000000000E+00  0.0000000000000000E+00  8.188230E+09  1.162192E+09  7.237037E+26  2.215946E+18  1.380162E+08  9.161290E+08  1.772384E+01  9.910487E-01
    399  4.5784419095228857E-01  0.0000000000000000E+00  0.0000000000000000E+00  8.184029E+09  1.144175E+09  7.101958E+26  2.214062E+18  1.387704E+08  9.147088E+08  1.762196E+01  9.910845E-01
    400  4.5804097646761854E-01  0.0000000000000000E+00  0.0000000000000000E+00  8.181160E+09  1.139179E+09  7.063546E+26  2.213941E+18  1.388990E+08  9.142403E+08  1.761345E+01  9.910971E-01
    401  4.5843454749827856E-01  0.0000000000000000E+00  0.0000000000000000E+00  8.175423E+09  1.129187E+09  6.986905E+26  2.213677E+18  1.391613E+08  9.133020E+08  1.759557E+01  9.911218E-01
    402  4.5922168955959858E-01  0.0000000000000000E+00  0.0000000000000000E+00  8.156485E+09  1.104040E+09  6.792288E+26  2.214018E+18  1.396241E+08  9.107328E+08  1.759974E+01  9.911903E-01
    403  4.6079597368223857E-01  0.0000000000000000E+00  0.0000000000000000E+00  8.114304E+09  1.055027E+09  6.413958E+26  2.215829E+18  1.403425E+08  9.054023E+08  1.766173E+01  9.913355E-01
    404  4.6111083050676654E-01  0.0000000000000000E+00  0.0000000000000000E+00  8.107776E+09  1.046995E+09  6.352724E+26  2.216017E+18  1.404894E+08  9.045333E+08  1.766633E+01  9.913584E-01
    405  4.6150147132139946E-01  0.0000000000000000E+00  0.0000000000000000E+00  8.102542E+09  1.039286E+09  6.294672E+26  2.215947E+18  1.406844E+08  9.037400E+08  1.765830E+01  9.913793E-01
    406  4.6228275295066529E-01  0.0000000000000000E+00  0.0000000000000000E+00  8.095478E+09  1.026566E+09  6.200040E+26  2.215451E+18  1.410901E+08  9.024913E+08  1.762613E+01  9.914112E-01
    407  4.6384531620919700E-01  0.0000000000000000E+00  0.0000000000000000E+00  8.096351E+09  1.015221E+09  6.119484E+26  2.213466E+18  1.417962E+08  9.016502E+08  1.751859E+01  9.914331E-01
    408  4.6697044272626043E-01  0.0000000000000000E+00  0.0000000000000000E+00  8.115518E+09  1.013409E+09  6.115230E+26  2.209496E+18  1.427534E+08  9.021922E+08  1.731088E+01  9.914313E-01
    409  4.6759546802967311E-01  0.0000000000000000E+00  0.0000000000000000E+00  8.120972E+09  1.013844E+09  6.120994E+26  2.208419E+18  1.429815E+08  9.024351E+08  1.725743E+01  9.914253E-01
    410  4.6884551863649848E-01  0.0000000000000000E+00  0.0000000000000000E+00  8.128050E+09  1.012883E+09  6.117306E+26  2.206911E+18  1.433521E+08  9.026106E+08  1.717986E+01  9.914243E-01
    411  4.6909552875786353E-01  0.0000000000000000E+00  0.0000000000000000E+00  8.128488E+09  1.012036E+09  6.111371E+26  2.206731E+18  1.434172E+08  9.025543E+08  1.716972E+01  9.914271E-01
    412  4.6959554900059369E-01  0.0000000000000000E+00  0.0000000000000000E+00  8.129490E+09  1.010119E+09  6.098044E+26  2.206277E+18  1.435702E+08  9.024341E+08  1.714537E+01  9.914317E-01
    413  4.7059558948605396E-01  0.0000000000000000E+00  0.0000000000000000E+00  8.132166E+09  1.002952E+09  6.048757E+26  2.204300E+18  1.441555E+08  9.020211E+08  1.704985E+01  9.914344E-01
    414  4.7079559758314599E-01  0.0000000000000000E+00  0.0000000000000000E+00  8.132170E+09  1.001009E+09  6.035043E+26  2.203922E+18  1.442806E+08  9.018797E+08  1.703156E+01  9.914360E-01
    415  4.7119561377733010E-01  0.0000000000000000E+00  0.0000000000000000E+00  8.132177E+09  9.971243E+08  6.007628E+26  2.203170E+18  1.445303E+08  9.015960E+08  1.699536E+01  9.914395E-01
    416  4.7199564616569833E-01  0.0000000000000000E+00  0.0000000000000000E+00  8.126506E+09  9.871862E+08  5.934242E+26  2.202765E+18  1.448691E+08  9.005969E+08  1.697035E+01  9.914633E-01
    417  4.7359571094243480E-01  0.0000000000000000E+00  0.0000000000000000E+00  8.116302E+09  9.698565E+08  5.806438E+26  2.202202E+18  1.454472E+08  8.988139E+08  1.693185E+01  9.915081E-01
    418  4.7673528810027149E-01  0.0000000000000000E+00  0.0000000000000000E+00  8.209495E+09  1.020044E+09  6.211629E+26  2.189213E+18  1.469192E+08  9.065238E+08  1.637722E+01  9.912817E-01
    419  4.7720187267811054E-01  0.0000000000000000E+00  0.0000000000000000E+00  8.233132E+09  1.036900E+09  6.345200E+26  2.186720E+18  1.470425E+08  9.087348E+08  1.627647E+01  9.912163E-01
    420  4.7790551605277082E-01  0.0000000000000000E+00  0.0000000000000000E+00  8.264504E+09  1.057460E+09  6.510899E+26  2.182906E+18  1.473514E+08  9.115329E+08  1.612406E+01  9.911325E-01
    421  4.7931280280209143E-01  0.0000000000000000E+00  0.0000000000000000E+00  8.287241E+09  1.065999E+09  6.585333E+26  2.179082E+18  1.479547E+08  9.130761E+08  1.596740E+01  9.910800E-01
    422  4.8148113540777160E-01  0.0000000000000000E+00  0.0000000000000000E+00  8.231233E+09  1.006185E+09  6.123032E+26  2.182093E+18  1.488016E+08  9.063226E+08  1.606007E+01  9.912598E-01
    423  4.8177518121667101E-01  0.0000000000000000E+00  0.0000000000000000E+00  8.217682E+09  9.940718E+08  6.029452E+26  2.183087E+18  1.489006E+08  9.048476E+08  1.609503E+01  9.912997E-01
    424  4.8230130685551836E-01  0.0000000000000000E+00  0.0000000000000000E+00  8.194271E+09  9.731099E+08  5.868381E+26  2.184860E+18  1.490763E+08  9.022689E+08  1.615781E+01  9.913687E-01
    425  4.8335355813321307E-01  0.0000000000000000E+00  0.0000000000000000E+00  8.155664E+09  9.373575E+08  5.597332E+26  2.187314E+18  1.495166E+08  8.978853E+08  1.624283E+01  9.914804E-01
    426  4.8356400838875202E-01  0.0000000000000000E+00  0.0000000000000000E+00  8.149462E+09  9.311931E+08  5.551195E+26  2.187617E+18  1.496214E+08  8.971424E+08  1.625271E+01  9.914986E-01
    427  4.8398291013736061E-01  0.0000000000000000E+00  0.0000000000000000E+00  8.138650E+09  9.198067E+08  5.466719E+26  2.187889E+18  1.498716E+08  8.958059E+08  1.625943E+01  9.915286E-01
    428  4.8482071363457785E-01  0.0000000000000000E+00  0.0000000000000000E+00  8.120429E+09  9.000944E+08  5.321505E+26  2.188216E+18  1.503476E+08  8.934943E+08  1.626490E+01  9.915801E-01
    429  4.8649632062901232E-01  0.0000000000000000E+00  0.0000000000000000E+00  8.062497E+09  8.595217E+08  5.014279E+26  2.194819E+18  1.502258E+08  8.875809E+08  1.651460E+01  9.917591E-01
    430  4.8924371278199374E-01  0.0000000000000000E+00  0.0000000000000000E+00  7.950381E+09  7.802878E+08  4.432126E+26  2.205534E+18  1.505369E+08  8.758987E+08  1.693576E+01  9.920649E-01
    431  4.8947057977268382E-01  0.0000000000000000E+00  0.0000000000000000E+00  7.942301E+09  7.741928E+08  4.388394E+26  2.206271E+18  1.505941E+08  8.749993E+08  1.696530E+01  9.920917E-01
    432  4.8977933858052336E-01  0.0000000000000000E+00  0.0000000000000000E+00  7.930960E+09  7.659582E+08  4.329473E+26  2.207168E+18  1.506856E+08  8.737774E+08  1.700111E+01  9.921206E-01
    433  4.9039685619620244E-01  0.0000000000000000E+00  0.0000000000000000E+00  7.906784E+09  7.497518E+08  4.213248E+26  2.209443E+18  1.507744E+08  8.712565E+08  1.709423E+01  9.921840E-01
    434  4.9163189142756059E-01  0.0000000000000000E+00  0.0000000000000000E+00  7.857187E+09  7.185246E+08  3.990536E+26  2.214482E+18  1.508497E+08  8.661826E+08  1.730580E+01  9.923141E-01
    435  4.9401355032366034E-01  0.0000000000000000E+00  0.0000000000000000E+00  7.785281E+09  6.691109E+08  3.648585E+26  2.219839E+18  1.516057E+08  8.583642E+08  1.752935E+01  9.924866E-01
    436  4.9807051345217118E-01  0.0000000000000000E+00  0.0000000000000000E+00  7.741112E+09  6.379056E+08  3.437099E+26  2.222920E+18  1.522740E+08  8.533154E+08  1.765023E+01  9.925991E-01
    437  5.0150098740834037E-01  0.0000000000000000E+00  0.0000000000000000E+00  7.723538E+09  6.244156E+08  3.346962E+26  2.224100E+18  1.526506E+08  8.511325E+08  1.769004E+01  9.926491E-01
    438  5.0672942286531086E-01  0.0000000000000000E+00  0.0000000000000000E+00  7.659947E+09  5.843679E+08  3.080321E+26  2.229246E+18  1.534125E+08  8.441248E+08  1.790697E+01  9.927978E-01
    439  5.1153037042676763E-01  0.0000000000000000E+00  0.0000000000000000E+00  7.600898E+09  5.477223E+08  2.841978E+26  2.233188E+18  1.543778E+08  8.375833E+08  1.807409E+01  9.929295E-01
    440  5.1888105591504285E-01  0.0000000000000000E+00  0.0000000000000000E+00  7.499600E+09  4.955310E+08  2.506334E+26  2.242728E+18  1.551825E+08  8.270602E+08  1.851670E+01  9.931553E-01
    441  5.1988105589269107E-01  0.0000000000000000E+00  0.0000000000000000E+00  7.487444E+09  4.888396E+08  2.464470E+26  2.243627E+18  1.553792E+08  8.257357E+08  1.855858E+01  9.931763E-01
    442  5.2000077758183150E-01  0.0000000000000000E+00  0.0000000000000000E+00  7.485881E+09  4.880184E+08  2.459329E+26  2.243746E+18  1.554015E+08  8.255698E+08  1.856417E+01  9.931793E-01
    443  5.2024022096011235E-01  0.0000000000000000E+00  0.0000000000000000E+00  7.482754E+09  4.863757E+08  2.449050E+26  2.243988E+18  1.554458E+08  8.252372E+08  1.857554E+01  9.931853E-01
    444  5.2071910771667418E-01  0.0000000000000000E+00  0.0000000000000000E+00  7.476500E+09  4.830905E+08  2.428531E+26  2.244465E+18  1.555369E+08  8.245711E+08  1.859800E+01  9.931971E-01
    445  5.2167688122979783E-01  0.0000000000000000E+00  0.0000000000000000E+00  7.459621E+09  4.766809E+08  2.387099E+26  2.246788E+18  1.554229E+08  8.229904E+08  1.871446E+01  9.932369E-01
    446  5.2359242825604502E-01  0.0000000000000000E+00  0.0000000000000000E+00  7.428914E+09  4.632964E+08  2.302805E+26  2.250138E+18  1.555186E+08  8.199471E+08  1.888248E+01  9.933006E-01
    447  5.2397553766129445E-01  0.0000000000000000E+00  0.0000000000000000E+00  7.423172E+09  4.605336E+08  2.285709E+26  2.250641E+18  1.555821E+08  8.193513E+08  1.890751E+01  9.933117E-01
    448  5.2474175647179333E-01  0.0000000000000000E+00  0.0000000000000000E+00  7.410465E+09  4.550452E+08  2.251462E+26  2.251985E+18  1.556361E+08  8.180903E+08  1.897597E+01  9.933369E-01
    449  5.2627419409279108E-01  0.0000000000000000E+00  0.0000000000000000E+00  7.382179E+09  4.444405E+08  2.184595E+26  2.255628E+18  1.555275E+08  8.154206E+08  1.916676E+01  9.933978E-01
    450  5.2658068161699068E-01  0.0000000000000000E+00  0.0000000000000000E+00  7.376810E+09  4.423319E+08  2.171446E+26  2.256284E+18  1.555233E+08  8.149014E+08  1.920142E+01  9.934095E-01
    451  5.2719365666538975E-01  0.0000000000000000E+00  0.0000000000000000E+00  7.366325E+09  4.381211E+08  2.145353E+26  2.257473E+18  1.555413E+08  8.138812E+08  1.926425E+01  9.934302E-01
    452  5.2841960676218791E-01  0.0000000000000000E+00  0.0000000000000000E+00  7.345494E+09  4.298145E+08  2.094131E+26  2.259807E+18  1.555866E+08  8.118544E+08  1.938882E+01  9.934707E-01
    453  5.3087150695578433E-01  0.0000000000000000E+00  0.0000000000000000E+00  7.305455E+09  4.145302E+08  2.000405E+26  2.264418E+18  1.556295E+08  8.080018E+08  1.964017E+01  9.935475E-01
    454  5.3577530734297718E-01  0.0000000000000000E+00  0.0000000000000000E+00  7.228466E+09  3.844334E+08  1.820255E+26  2.272371E+18  1.560889E+08  8.004356E+08  2.008696E+01  9.936835E-01
    455  5.3668541459312602E-01  0.0000000000000000E+00  0.0000000000000000E+00  7.213361E+09  3.789931E+08  1.787919E+26  2.274093E+18  1.561306E+08  7.989795E+08  2.018706E+01  9.937080E-01
    456  5.3788333247235876E-01  0.0000000000000000E+00  0.0000000000000000E+00  7.193705E+09  3.719561E+08  1.746353E+26  2.276238E+18  1.562085E+08  7.970887E+08  2.031312E+01  9.937403E-01
    457  5.4027916823082422E-01  0.0000000000000000E+00  0.0000000000000000E+00  7.152341E+09  3.580283E+08  1.664371E+26  2.281020E+18  1.562746E+08  7.931758E+08  2.060115E+01  9.938094E-01
    458  5.4075833538251727E-01  0.0000000000000000E+00  0.0000000000000000E+00  7.143839E+09  3.553593E+08  1.648658E+26  2.282082E+18  1.562600E+08  7.923868E+08  2.066650E+01  9.938249E-01
    459  5.4125504760099630E-01  0.0000000000000000E+00  0.0000000000000000E+00  7.135209E+09  3.526044E+08  1.632529E+26  2.283116E+18  1.562599E+08  7.915811E+08  2.073048E+01  9.938394E-01
    460  5.4224847203795423E-01  0.0000000000000000E+00  0.0000000000000000E+00  7.118776E+09  3.471357E+08  1.600829E+26  2.284944E+18  1.563169E+08  7.900213E+08  2.084398E+01  9.938648E-01
    461  5.4423532091187010E-01  0.0000000000000000E+00  0.0000000000000000E+00  7.085949E+09  3.367293E+08  1.540679E+26  2.288763E+18  1.563693E+08  7.869447E+08  2.108593E+01  9.939171E-01
    462  5.4820901865970195E-01  0.0000000000000000E+00  0.0000000000000000E+00  7.025054E+09  3.180284E+08  1.434013E+26  2.295719E+18  1.565152E+08  7.812639E+08  2.154101E+01  9.940078E-01
    463  5.4893784430245340E-01  0.0000000000000000E+00  0.0000000000000000E+00  7.014886E+09  3.148000E+08  1.415894E+26  2.296845E+18  1.565732E+08  7.802925E+08  2.161623E+01  9.940245E-01
    464  5.4977628435541270E-01  0.0000000000000000E+00  0.0000000000000000E+00  7.003312E+09  3.110912E+08  1.395214E+26  2.298015E+18  1.566685E+08  7.791885E+08  2.169465E+01  9.940396E-01
    465  5.5145316446133130E-01  0.0000000000000000E+00  0.0000000000000000E+00  6.977409E+09  3.038099E+08  1.354213E+26  2.301131E+18  1.566768E+08  7.768166E+08  2.190875E+01  9.940789E-01
    466  5.5466106188541409E-01  0.0000000000000000E+00  0.0000000000000000E+00  6.929123E+09  2.901307E+08  1.278312E+26  2.306644E+18  1.568227E+08  7.723588E+08  2.229728E+01  9.941450E-01
    467  5.5517878842360724E-01  0.0000000000000000E+00  0.0000000000000000E+00  6.920614E+09  2.880059E+08  1.266454E+26  2.307717E+18  1.567981E+08  7.716034E+08  2.237496E+01  9.941592E-01
    468  5.5584810318477273E-01  0.0000000000000000E+00  0.0000000000000000E+00  6.909337E+09  2.852679E+08  1.251157E+26  2.309201E+18  1.567462E+08  7.706063E+08  2.248356E+01  9.941765E-01
    469  5.5715243234189471E-01  0.0000000000000000E+00  0.0000000000000000E+00  6.889839E+09  2.799388E+08  1.222035E+26  2.311385E+18  1.568226E+08  7.688156E+08  2.264397E+01  9.942014E-01
    470  5.5969383917788007E-01  0.0000000000000000E+00  0.0000000000000000E+00  6.850838E+09  2.699771E+08  1.167704E+26  2.316002E+18  1.568679E+08  7.652970E+08  2.299188E+01  9.942553E-01
    471  5.6438354584536765E-01  0.0000000000000000E+00  0.0000000000000000E+00  6.778495E+09  2.523016E+08  1.072752E+26  2.324361E+18  1.570076E+08  7.588344E+08  2.364930E+01  9.943775E-01
    472  5.6503004793239742E-01  0.0000000000000000E+00  0.0000000000000000E+00  6.769290E+09  2.498829E+08  1.060045E+26  2.325401E+18  1.570726E+08  7.579772E+08  2.373385E+01  9.943637E-01
    473  5.6590988874552850E-01  0.0000000000000000E+00  0.0000000000000000E+00  6.753721E+09  2.467241E+08  1.042962E+26  2.327484E+18  1.569701E+08  7.566492E+08  2.390627E+01  9.943897E-01
    474  5.6691878469485713E-01  0.0000000000000000E+00  0.0000000000000000E+00  6.733977E+09  2.432203E+08  1.023709E+26  2.330393E+18  1.567110E+08  7.550170E+08  2.415226E+01  9.944230E-01
    475  5.6893657659351449E-01  0.0000000000000000E+00  0.0000000000000000E+00  6.705087E+09  2.358983E+08  9.858826E+25  2.333246E+18  1.570313E+08  7.523782E+08  2.439369E+01  9.944506E-01
    476  5.7200576673800962E-01  0.0000000000000000E+00  0.0000000000000000E+00  6.656709E+09  2.253420E+08  9.310789E+25  2.338804E+18  1.571462E+08  7.481338E+08  2.488245E+01  9.945220E-01
    477  5.7233097740051964E-01  0.0000000000000000E+00  0.0000000000000000E+00  6.651773E+09  2.242177E+08  9.253339E+25  2.339328E+18  1.571803E+08  7.476942E+08  2.492945E+01  9.945190E-01
    478  5.7286525430960400E-01  0.0000000000000000E+00  0.0000000000000000E+00  6.641935E+09  2.224374E+08  9.159576E+25  2.340622E+18  1.571139E+08  7.468716E+08  2.504738E+01  9.945378E-01
    479  5.7393380812777262E-01  0.0000000000000000E+00  0.0000000000000000E+00  6.617866E+09  2.191101E+08  8.976766E+25  2.344368E+18  1.566457E+08  7.449736E+08  2.539754E+01  9.945909E-01
    480  5.7576201521957759E-01  0.0000000000000000E+00  0.0000000000000000E+00  6.597097E+09  2.129245E+08  8.675217E+25  2.345586E+18  1.573100E+08  7.429513E+08  2.550636E+01  9.945893E-01
    481  5.7839983175274146E-01  0.0000000000000000E+00  0.0000000000000000E+00  6.551600E+09  2.046655E+08  8.252384E+25  2.351209E+18  1.571832E+08  7.391216E+08  2.605039E+01  9.946576E-01
    482  5.8117529288945136E-01  0.0000000000000000E+00  0.0000000000000000E+00  6.504776E+09  1.963595E+08  7.832958E+25  2.356822E+18  1.571124E+08  7.351973E+08  2.661675E+01  9.947202E-01
    483  5.8398166735280777E-01  0.0000000000000000E+00  0.0000000000000000E+00  6.458930E+09  1.884028E+08  7.436799E+25  2.362127E+18  1.571119E+08  7.313684E+08  2.717419E+01  9.947914E-01
    484  5.8654596999999997E-01  0.0000000000000000E+00  0.0000000000000000E+00  6.425199E+09  1.812498E+08  7.095724E+25  2.365013E+18  1.576866E+08  7.284022E+08  2.748197E+01  9.948393E-01
