                           time                     pos                     vel                    temp                     den                    pres                    ener                    entr                      cs
      1  1.0175522000000001E-04  0.0000000000000000E+00  0.0000000000000000E+00  9.868810E+07  7.888815E+06  5.933955E+23  1.382835E+17  7.701377E+07  3.318601E+08  1.371429E+01  2.022900E-26
      2  1.0175522001017553E-04  0.0000000000000000E+00  0.0000000000000000E+00  9.868810E+07  7.888815E+06  5.933955E+23  1.382835E+17  7.701377E+07  3.318601E+08  1.371429E+01  2.022900E-26
      3  1.0175522003052657E-04  0.0000000000000000E+00  0.0000000000000000E+00  9.868810E+07  7.888815E+06  5.933955E+23  1.382835E+17  7.701377E+07  3.318601E+08  1.371429E+01  2.022900E-26
      4  1.0175522007122866E-04  0.0000000000000000E+00  0.0000000000000000E+00  9.868810E+07  7.888815E+06  5.933955E+23  1.382835E+17  7.701377E+07  3.318601E+08  1.371429E+01  2.022900E-26
      5  1.0175522015263284E-04  0.0000000000000000E+00  0.0000000000000000E+00  9.868810E+07  7.888815E+06  5.933955E+23  1.382835E+17  7.701377E+07  3.318601E+08  1.371429E+01  2.022900E-26
      6  1.0175522031544119E-04  0.0000000000000000E+00  0.0000000000000000E+00  9.868810E+07  7.888815E+06  5.933955E+23  1.382835E+17  7.701377E+07  3.318601E+08  1.371429E+01  2.022900E-26
      7  1.0175522064105789E-04  0.0000000000000000E+00  0.0000000000000000E+00  9.868810E+07  7.888815E+06  5.933955E+23  1.382835E+17  7.701377E+07  3.318601E+08  1.371429E+01  2.022900E-26
      8  1.0175522129229130E-04  0.0000000000000000E+00  0.0000000000000000E+00  9.868810E+07  7.888815E+06  5.933955E+23  1.382835E+17  7.701377E+07  3.318601E+08  1.371429E+01  2.022900E-26
      9  1.0175522259475811E-04  0.0000000000000000E+00  0.0000000000000000E+00  9.868810E+07  7.888815E+06  5.933955E+23  1.382835E+17  7.701377E+07  3.318601E+08  1.371429E+01  2.022900E-26
     10  1.0175522519969174E-04  0.0000000000000000E+00  0.0000000000000000E+00  9.868810E+07  7.888815E+06  5.933955E+23  1.382835E+17  7.701377E+07  3.318601E+08  1.371429E+01  2.022900E-26
     11  1.0175523040955900E-04  0.0000000000000000E+00  0.0000000000000000E+00  9.868810E+07  7.888815E+06  5.933955E+23  1.382835E+17  7.701377E+07  3.318601E+08  1.371429E+01  2.022900E-26
     12  1.0175524082929354E-04  0.0000000000000000E+00  0.0000000000000000E+00  9.868810E+07  7.888815E+06  5.933955E+23  1.382835E+17  7.701377E+07  3.318601E+08  1.371429E+01  2.022900E-26
     13  1.0175526166876259E-04  0.0000000000000000E+00  0.0000000000000000E+00  9.868810E+07  7.888815E+06  5.933955E+23  1.382835E+17  7.701377E+07  3.318601E+08  1.371429E+01  2.022900E-26
     14  1.0175530334770070E-04  0.0000000000000000E+00  0.0000000000000000E+00  9.868810E+07  7.888815E+06  5.933955E+23  1.382835E+17  7.701377E+07  3.318601E+08  1.371429E+01  2.022900E-26
     15  1.0175538670557692E-04  0.0000000000000000E+00  0.0000000000000000E+00  9.868810E+07  7.888815E+06  5.933955E+23  1.382835E+17  7.701377E+07  3.318601E+08  1.371429E+01  2.022900E-26
     16  1.0175555342132937E-04  0.0000000000000000E+00  0.0000000000000000E+00  9.868810E+07  7.888815E+06  5.933955E+23  1.382835E+17  7.701377E+07  3.318601E+08  1.371429E+01  2.022901E-26
     17  1.0175588685283427E-04  0.0000000000000000E+00  0.0000000000000000E+00  9.868810E+07  7.888815E+06  5.933955E+23  1.382835E+17  7.701377E+07  3.318601E+08  1.371429E+01  2.022901E-26
     18  1.0175655371584406E-04  0.0000000000000000E+00  0.0000000000000000E+00  9.868810E+07  7.888815E+06  5.933955E+23  1.382835E+17  7.701377E+07  3.318601E+08  1.371429E+01  2.022902E-26
     19  1.0175788744186364E-04  0.0000000000000000E+00  0.0000000000000000E+00  9.868810E+07  7.888815E+06  5.933955E+23  1.382835E+17  7.701377E+07  3.318601E+08  1.371429E+01  2.022904E-26
     20  1.0176055489390281E-04  0.0000000000000000E+00  0.0000000000000000E+00  9.868810E+07  7.888815E+06  5.933955E+23  1.382835E+17  7.701377E+07  3.318601E+08  1.371429E+01  2.022908E-26
     21  1.0176588979798114E-04  0.0000000000000000E+00  0.0000000000000000E+00  9.868810E+07  7.888815E+06  5.933955E+23  1.382835E+17  7.701377E+07  3.318601E+08  1.371429E+01  2.022917E-26
     22  1.0177655960613782E-04  0.0000000000000000E+00  0.0000000000000000E+00  9.868810E+07  7.888815E+06  5.933955E+23  1.382835E+17  7.701377E+07  3.318601E+08  1.371429E+01  2.022934E-26
     23  1.0179789922245117E-04  0.0000000000000000E+00  0.0000000000000000E+00  9.868810E+07  7.888815E+06  5.933955E+23  1.382835E+17  7.701377E+07  3.318601E+08  1.371429E+01  2.022968E-26
     24  1.0184057845507785E-04  0.0000000000000000E+00  0.0000000000000000E+00  9.868810E+07  7.888815E+06  5.933955E+23  1.382835E+17  7.701377E+07  3.318601E+08  1.371429E+01  2.023036E-26
     25  1.0192593692033123E-04  0.0000000000000000E+00  0.0000000000000000E+00  9.868810E+07  7.888815E+06  5.933955E+23  1.382835E+17  7.701377E+07  3.318601E+08  1.371429E+01  2.023172E-26
     26  1.0209665385083798E-04  0.0000000000000000E+00  0.0000000000000000E+00  9.868810E+07  7.888815E+06  5.933955E+23  1.382835E+17  7.701377E+07  3.318601E+08  1.371429E+01  2.023443E-26
     27  1.0243808771185149E-04  0.0000000000000000E+00  0.0000000000000000E+00  9.868810E+07  7.888815E+06  5.933955E+23  1.382835E+17  7.701377E+07  3.318601E+08  1.371429E+01  2.023986E-26
     28  1.0312095543387850E-04  0.0000000000000000E+00  0.0000000000000000E+00  9.868810E+07  7.888815E+06  5.933955E+23  1.382835E+17  7.701377E+07  3.318601E+08  1.371429E+01  2.025073E-26
     29  1.0448669087793252E-04  0.0000000000000000E+00  0.0000000000000000E+00  9.868810E+07  7.888815E+06  5.933955E+23  1.382835E+17  7.701377E+07  3.318601E+08  1.371429E+01  2.027245E-26
     30  1.0721816176604055E-04  0.0000000000000000E+00  0.0000000000000000E+00  9.868810E+07  7.888814E+06  5.933954E+23  1.382835E+17  7.701377E+07  3.318601E+08  1.371429E+01  2.031591E-26
     31  1.1268110354225661E-04  0.0000000000000000E+00  0.0000000000000000E+00  9.868809E+07  7.888813E+06  5.933953E+23  1.382835E+17  7.701377E+07  3.318601E+08  1.371429E+01  2.040289E-26
     32  1.2360698709468874E-04  0.0000000000000000E+00  0.0000000000000000E+00  9.868807E+07  7.888811E+06  5.933950E+23  1.382835E+17  7.701377E+07  3.318601E+08  1.371429E+01  2.057730E-26
     33  1.4545875419955299E-04  0.0000000000000000E+00  0.0000000000000000E+00  9.868804E+07  7.888806E+06  5.933945E+23  1.382835E+17  7.701377E+07  3.318601E+08  1.371429E+01  2.092507E-26
     34  1.8916228840928150E-04  0.0000000000000000E+00  0.0000000000000000E+00  9.868798E+07  7.888798E+06  5.933936E+23  1.382835E+17  7.701377E+07  3.318600E+08  1.371429E+01  2.160249E-26
     35  2.7656935682873854E-04  0.0000000000000000E+00  0.0000000000000000E+00  9.868786E+07  7.888780E+06  5.933916E+23  1.382835E+17  7.701377E+07  3.318598E+08  1.371429E+01  2.285015E-26
     36  4.5138349366765263E-04  0.0000000000000000E+00  0.0000000000000000E+00  9.868763E+07  7.888744E+06  5.933877E+23  1.382835E+17  7.701377E+07  3.318595E+08  1.371429E+01  2.492205E-26
     37  8.0101176734548069E-04  0.0000000000000000E+00  0.0000000000000000E+00  9.868716E+07  7.888674E+06  5.933800E+23  1.382835E+17  7.701377E+07  3.318589E+08  1.371429E+01  2.789708E-26
     38  1.5002683147011370E-03  0.0000000000000000E+00  0.0000000000000000E+00  9.868627E+07  7.888536E+06  5.933648E+23  1.382835E+17  7.701377E+07  3.318576E+08  1.371429E+01  3.165292E-26
     39  2.8987814094124497E-03  0.0000000000000000E+00  0.0000000000000000E+00  9.868464E+07  7.888279E+06  5.933364E+23  1.382835E+17  7.701379E+07  3.318553E+08  1.371429E+01  3.602843E-26
     40  5.6958075988350742E-03  0.0000000000000000E+00  0.0000000000000000E+00  9.868216E+07  7.887896E+06  5.932942E+23  1.382835E+17  7.701380E+07  3.318518E+08  1.371429E+01  4.095237E-26
     41  1.1289859977680325E-02  0.0000000000000000E+00  0.0000000000000000E+00  9.868098E+07  7.887764E+06  5.932797E+23  1.382835E+17  7.701375E+07  3.318506E+08  1.371429E+01  4.648836E-26
     42  2.1289859754162907E-02  0.0000000000000000E+00  0.0000000000000000E+00  9.866448E+07  7.887147E+06  5.932109E+23  1.382835E+17  7.701155E+07  3.318448E+08  1.371429E+01  5.264084E-26
     43  3.1289859530645489E-02  0.0000000000000000E+00  0.0000000000000000E+00  9.888056E+07  7.880705E+06  5.925205E+23  1.382835E+17  7.705753E+07  3.317920E+08  1.371429E+01  5.879377E-26
     44  4.1289859307128071E-02  0.0000000000000000E+00  0.0000000000000000E+00  1.016609E+08  7.909066E+06  5.958378E+23  1.382835E+17  7.751119E+07  3.321036E+08  1.371429E+01  6.554065E-26
     45  5.1289859083610653E-02  0.0000000000000000E+00  0.0000000000000000E+00  1.019895E+08  7.859097E+06  5.903824E+23  1.382835E+17  7.762766E+07  3.316654E+08  1.371429E+01  7.241448E-26
     46  6.1289858860093235E-02  0.0000000000000000E+00  0.0000000000000000E+00  1.014838E+08  7.799893E+06  5.838721E+23  1.382835E+17  7.761109E+07  3.311239E+08  1.371429E+01  7.902306E-26
     47  7.1289858636575817E-02  0.0000000000000000E+00  0.0000000000000000E+00  1.023285E+08  7.986274E+06  6.043836E+23  1.382835E+17  7.753529E+07  3.328008E+08  1.371429E+01  8.586972E-26
     48  8.1289858413058400E-02  0.0000000000000000E+00  0.0000000000000000E+00  1.030895E+08  7.774589E+06  5.812295E+23  1.382835E+17  7.791905E+07  3.309305E+08  1.371429E+01  9.293097E-26
     49  9.1289858189540982E-02  0.0000000000000000E+00  0.0000000000000000E+00  1.018310E+08  7.667182E+06  5.694636E+23  1.382835E+17  7.783298E+07  3.299288E+08  1.371429E+01  9.947645E-26
     50  1.0128985796602356E-01  0.0000000000000000E+00  0.0000000000000000E+00  1.049512E+08  8.032491E+06  6.096844E+23  1.382835E+17  7.792807E+07  3.332627E+08  1.371429E+01  1.069700E-25
     51  1.1128985774250615E-01  0.0000000000000000E+00  0.0000000000000000E+00  1.057073E+08  8.021189E+06  6.084924E+23  1.382835E+17  7.806859E+07  3.331797E+08  1.371429E+01  1.145240E-25
     52  1.2128985751898873E-01  0.0000000000000000E+00  0.0000000000000000E+00  1.027300E+08  7.665882E+06  5.693876E+23  1.382835E+17  7.799009E+07  3.299363E+08  1.371429E+01  1.213820E-25
     53  1.3128985729547132E-01  0.0000000000000000E+00  0.0000000000000000E+00  1.093537E+08  7.889070E+06  5.942173E+23  1.382835E+17  7.883035E+07  3.320909E+08  1.371429E+01  1.302476E-25
     54  1.4128985707195391E-01  0.0000000000000000E+00  0.0000000000000000E+00  1.106575E+08  8.053411E+06  6.124341E+23  1.382835E+17  7.884619E+07  3.335679E+08  1.371429E+01  1.386989E-25
     55  1.5128985684843649E-01  0.0000000000000000E+00  0.0000000000000000E+00  1.087267E+08  7.634896E+06  5.664677E+23  1.382835E+17  7.903964E+07  3.297830E+08  1.371429E+01  1.466210E-25
     56  1.6128985662491907E-01  0.0000000000000000E+00  0.0000000000000000E+00  1.133977E+08  7.780602E+06  5.826488E+23  1.382835E+17  7.961592E+07  3.312078E+08  1.371429E+01  1.549979E-25
     57  1.7128985640140165E-01  0.0000000000000000E+00  0.0000000000000000E+00  1.158122E+08  7.931546E+06  5.993750E+23  1.382835E+17  7.981247E+07  3.326077E+08  1.371429E+01  1.642478E-25
     58  1.8128985617788423E-01  0.0000000000000000E+00  0.0000000000000000E+00  1.162808E+08  7.813513E+06  5.864609E+23  1.382835E+17  8.003031E+07  3.315665E+08  1.371429E+01  1.731281E-25
     59  1.9128985595436682E-01  0.0000000000000000E+00  0.0000000000000000E+00  1.167500E+08  7.866143E+06  5.922606E+23  1.382835E+17  8.003869E+07  3.320473E+08  1.371429E+01  1.818712E-25
     60  2.0128985573084940E-01  0.0000000000000000E+00  0.0000000000000000E+00  1.186570E+08  7.940204E+06  6.005462E+23  1.382835E+17  8.024309E+07  3.327463E+08  1.371429E+01  1.913746E-25
     61  2.1128985550733198E-01  0.0000000000000000E+00  0.0000000000000000E+00  1.171468E+08  7.660420E+06  5.698525E+23  1.382835E+17  8.035687E+07  3.302008E+08  1.371429E+01  2.004098E-25
     62  2.2128985528381456E-01  0.0000000000000000E+00  0.0000000000000000E+00  1.192484E+08  7.916733E+06  5.980082E+23  1.382835E+17  8.036245E+07  3.325515E+08  1.371429E+01  2.095127E-25
     63  2.3128985506029714E-01  0.0000000000000000E+00  0.0000000000000000E+00  1.277061E+08  8.195157E+06  6.295364E+23  1.382835E+17  8.128538E+07  3.351655E+08  1.371429E+01  2.206817E-25
     64  2.4128985483677973E-01  0.0000000000000000E+00  0.0000000000000000E+00  1.312619E+08  8.072613E+06  6.161745E+23  1.382835E+17  8.194420E+07  3.341844E+08  1.371429E+01  2.332033E-25
     65  2.5128985461326231E-01  0.0000000000000000E+00  0.0000000000000000E+00  1.246677E+08  7.635554E+06  5.677183E+23  1.382835E+17  8.153329E+07  3.301405E+08  1.371429E+01  2.425572E-25
     66  2.6128985438974489E-01  0.0000000000000000E+00  0.0000000000000000E+00  1.265518E+08  7.788930E+06  5.845542E+23  1.382835E+17  8.161611E+07  3.315724E+08  1.371429E+01  2.527509E-25
     67  2.7128985416622747E-01  0.0000000000000000E+00  0.0000000000000000E+00  1.286850E+08  7.921029E+06  5.992113E+23  1.382835E+17  8.176142E+07  3.327973E+08  1.371429E+01  2.635634E-25
     68  2.8128985394271006E-01  0.0000000000000000E+00  0.0000000000000000E+00  1.306523E+08  8.113518E+06  6.206717E+23  1.382835E+17  8.180745E+07  3.345260E+08  1.371429E+01  2.745253E-25
     69  2.9128985371919264E-01  0.0000000000000000E+00  0.0000000000000000E+00  1.326931E+08  8.048884E+06  6.136557E+23  1.382835E+17  8.217624E+07  3.340094E+08  1.371429E+01  2.864389E-25
     70  3.0128985349567522E-01  0.0000000000000000E+00  0.0000000000000000E+00  1.290857E+08  7.575835E+06  5.615883E+23  1.382835E+17  8.226017E+07  3.296918E+08  1.371429E+01  2.969532E-25
     71  3.1128985327215780E-01  0.0000000000000000E+00  0.0000000000000000E+00  1.290370E+08  7.662237E+06  5.709424E+23  1.382835E+17  8.214066E+07  3.304818E+08  1.371429E+01  3.070164E-25
     72  3.2128985304864038E-01  0.0000000000000000E+00  0.0000000000000000E+00  1.322675E+08  7.970695E+06  6.049694E+23  1.382835E+17  8.221274E+07  3.333151E+08  1.371429E+01  3.185264E-25
     73  3.3128985282512297E-01  0.0000000000000000E+00  0.0000000000000000E+00  1.336603E+08  8.091104E+06  6.184203E+23  1.382835E+17  8.226061E+07  3.343982E+08  1.371429E+01  3.301876E-25
     74  3.4128985260160555E-01  0.0000000000000000E+00  0.0000000000000000E+00  1.334262E+08  7.944130E+06  6.021291E+23  1.382835E+17  8.240965E+07  3.331069E+08  1.371429E+01  3.415985E-25
     75  3.5128985237808813E-01  0.0000000000000000E+00  0.0000000000000000E+00  1.285868E+08  7.430003E+06  5.458603E+23  1.382835E+17  8.238059E+07  3.283270E+08  1.371429E+01  3.520349E-25
     76  3.6128985215457071E-01  0.0000000000000000E+00  0.0000000000000000E+00  1.286563E+08  7.541789E+06  5.578813E+23  1.382835E+17  8.224242E+07  3.293682E+08  1.371429E+01  3.618205E-25
     77  3.7128985193105329E-01  0.0000000000000000E+00  0.0000000000000000E+00  1.349474E+08  7.839641E+06  5.907568E+23  1.382835E+17  8.275522E+07  3.322139E+08  1.371429E+01  3.745757E-25
     78  3.8128985170753588E-01  0.0000000000000000E+00  0.0000000000000000E+00  1.381292E+08  7.824200E+06  5.893133E+23  1.382835E+17  8.321688E+07  3.321477E+08  1.371429E+01  3.874717E-25
     79  3.9128985148401846E-01  0.0000000000000000E+00  0.0000000000000000E+00  1.387071E+08  7.743664E+06  5.805498E+23  1.382835E+17  8.340050E+07  3.314380E+08  1.371429E+01  3.999472E-25
     80  4.0128985126050104E-01  0.0000000000000000E+00  0.0000000000000000E+00  1.373072E+08  7.557128E+06  5.601898E+23  1.382835E+17  8.345260E+07  3.297061E+08  1.371429E+01  4.117407E-25
     81  4.1128985103698362E-01  0.0000000000000000E+00  0.0000000000000000E+00  1.374876E+08  7.591061E+06  5.638719E+23  1.382835E+17  8.343250E+07  3.300222E+08  1.371429E+01  4.238382E-25
     82  4.2128985081346620E-01  0.0000000000000000E+00  0.0000000000000000E+00  1.395130E+08  7.819816E+06  5.889416E+23  1.382835E+17  8.341251E+07  3.321399E+08  1.371429E+01  4.363934E-25
     83  4.3128985058994879E-01  0.0000000000000000E+00  0.0000000000000000E+00  1.410867E+08  7.813057E+06  5.883249E+23  1.382835E+17  8.363570E+07  3.321151E+08  1.371429E+01  4.496178E-25
     84  4.4128985036643137E-01  0.0000000000000000E+00  0.0000000000000000E+00  1.405850E+08  7.633619E+06  5.687212E+23  1.382835E+17  8.380238E+07  3.304825E+08  1.371429E+01  4.620008E-25
     85  4.5128985014291395E-01  0.0000000000000000E+00  0.0000000000000000E+00  1.449273E+08  7.636087E+06  5.693261E+23  1.382835E+17  8.438570E+07  3.306046E+08  1.371429E+01  4.761636E-25
     86  4.6128984991939653E-01  0.0000000000000000E+00  0.0000000000000000E+00  1.444209E+08  7.431685E+06  5.472279E+23  1.382835E+17  8.459520E+07  3.287059E+08  1.371429E+01  4.896499E-25
     87  4.7128984969587912E-01  0.0000000000000000E+00  0.0000000000000000E+00  1.457301E+08  7.499615E+06  5.546310E+23  1.382835E+17  8.467742E+07  3.293684E+08  1.371429E+01  5.030541E-25
     88  4.8128984947236170E-01  0.0000000000000000E+00  0.0000000000000000E+00  1.486484E+08  7.749271E+06  5.819447E+23  1.382835E+17  8.472778E+07  3.317157E+08  1.371429E+01  5.176536E-25
     89  4.9128984924884428E-01  0.0000000000000000E+00  0.0000000000000000E+00  1.464256E+08  7.487052E+06  5.533316E+23  1.382835E+17  8.478733E+07  3.292681E+08  1.371429E+01  5.313973E-25
     90  5.0128984902532681E-01  0.0000000000000000E+00  0.0000000000000000E+00  1.452022E+08  7.459950E+06  5.503227E+23  1.382835E+17  8.466118E+07  3.289877E+08  1.371429E+01  5.441910E-25
     91  5.1128984880180939E-01  0.0000000000000000E+00  0.0000000000000000E+00  1.485447E+08  7.461146E+06  5.507076E+23  1.382835E+17  8.510379E+07  3.290767E+08  1.371429E+01  5.589185E-25
     92  5.2128984857829197E-01  0.0000000000000000E+00  0.0000000000000000E+00  1.578010E+08  7.408522E+06  5.457727E+23  1.382835E+17  8.637427E+07  3.288035E+08  1.371429E+01  5.745058E-25
     93  5.3128984835477455E-01  0.0000000000000000E+00  0.0000000000000000E+00  1.747396E+08  7.719072E+06  5.807645E+23  1.382835E+17  8.800855E+07  3.320571E+08  1.371429E+01  5.989231E-25
     94  5.3128985966087872E-01  0.0000000000000000E+00  0.0000000000000000E+00  1.747396E+08  7.719073E+06  5.807646E+23  1.382835E+17  8.800855E+07  3.320571E+08  1.371429E+01  5.989276E-25
     95  5.3128988227308704E-01  0.0000000000000000E+00  0.0000000000000000E+00  1.747397E+08  7.719073E+06  5.807646E+23  1.382835E+17  8.800855E+07  3.320571E+08  1.371429E+01  5.989366E-25
     96  5.3128992749750370E-01  0.0000000000000000E+00  0.0000000000000000E+00  1.747397E+08  7.719074E+06  5.807648E+23  1.382835E+17  8.800855E+07  3.320571E+08  1.371429E+01  5.989546E-25
     97  5.3129001794633701E-01  0.0000000000000000E+00  0.0000000000000000E+00  1.747397E+08  7.719076E+06  5.807650E+23  1.382835E+17  8.800855E+07  3.320571E+08  1.371429E+01  5.989905E-25
     98  5.3129019884400375E-01  0.0000000000000000E+00  0.0000000000000000E+00  1.747398E+08  7.719081E+06  5.807655E+23  1.382835E+17  8.800855E+07  3.320572E+08  1.371429E+01  5.990624E-25
     99  5.3129056063933722E-01  0.0000000000000000E+00  0.0000000000000000E+00  1.747400E+08  7.719089E+06  5.807664E+23  1.382835E+17  8.800856E+07  3.320572E+08  1.371429E+01  5.992065E-25
    100  5.3129128423000416E-01  0.0000000000000000E+00  0.0000000000000000E+00  1.747404E+08  7.719106E+06  5.807683E+23  1.382835E+17  8.800858E+07  3.320574E+08  1.371429E+01  5.994951E-25
    101  5.3129273141133793E-01  0.0000000000000000E+00  0.0000000000000000E+00  1.747411E+08  7.719141E+06  5.807721E+23  1.382835E+17  8.800862E+07  3.320577E+08  1.371429E+01  6.000686E-25
    102  5.3129562577400546E-01  0.0000000000000000E+00  0.0000000000000000E+00  1.747425E+08  7.719209E+06  5.807798E+23  1.382835E+17  8.800869E+07  3.320584E+08  1.371429E+01  6.011803E-25
    103  5.3130141449934054E-01  0.0000000000000000E+00  0.0000000000000000E+00  1.747453E+08  7.719347E+06  5.807950E+23  1.382835E+17  8.800884E+07  3.320597E+08  1.371429E+01  6.032154E-25
    104  5.3131299195001080E-01  0.0000000000000000E+00  0.0000000000000000E+00  1.747510E+08  7.719621E+06  5.808255E+23  1.382835E+17  8.800913E+07  3.320623E+08  1.371429E+01  6.065877E-25
    105  5.3133614685135133E-01  0.0000000000000000E+00  0.0000000000000000E+00  1.747625E+08  7.720171E+06  5.808865E+23  1.382835E+17  8.800971E+07  3.320675E+08  1.371429E+01  6.115243E-25
    106  5.3138245665403239E-01  0.0000000000000000E+00  0.0000000000000000E+00  1.747853E+08  7.721269E+06  5.810085E+23  1.382835E+17  8.801087E+07  3.320780E+08  1.371429E+01  6.180935E-25
    107  5.3147507625939439E-01  0.0000000000000000E+00  0.0000000000000000E+00  1.748309E+08  7.723466E+06  5.812525E+23  1.382835E+17  8.801319E+07  3.320988E+08  1.371429E+01  6.263726E-25
    108  5.3166031547011849E-01  0.0000000000000000E+00  0.0000000000000000E+00  1.749222E+08  7.727860E+06  5.817405E+23  1.382835E+17  8.801783E+07  3.321405E+08  1.371429E+01  6.364678E-25
    109  5.3203079389156660E-01  0.0000000000000000E+00  0.0000000000000000E+00  1.754824E+08  7.740139E+06  5.831304E+23  1.382835E+17  8.806671E+07  3.322643E+08  1.371429E+01  6.483858E-25
    110  5.3277175073446292E-01  0.0000000000000000E+00  0.0000000000000000E+00  1.778352E+08  7.772713E+06  5.868956E+23  1.382835E+17  8.829690E+07  3.326127E+08  1.371429E+01  6.619526E-25
    111  5.3425366442025557E-01  0.0000000000000000E+00  0.0000000000000000E+00  2.004457E+08  7.898937E+06  6.027476E+23  1.382835E+17  9.065559E+07  3.342828E+08  1.371429E+01  6.803083E-25
    112  5.3455004715741405E-01  0.0000000000000000E+00  0.0000000000000000E+00  2.235337E+08  7.957568E+06  6.113418E+23  1.382835E+17  9.298706E+07  3.353747E+08  1.371429E+01  6.983158E-25
    113  5.3514281263173114E-01  0.0000000000000000E+00  0.0000000000000000E+00  2.775606E+08  8.087800E+06  6.311759E+23  1.382835E+17  9.794689E+07  3.379193E+08  1.371429E+01  7.215877E-25
    114  5.3632834358036519E-01  0.0000000000000000E+00  0.0000000000000000E+00  6.466008E+08  8.810734E+06  7.659275E+23  1.382835E+17  1.237889E+08  3.558079E+08  1.371429E+01  9.126606E-25
    115  5.3632834393110540E-01  0.0000000000000000E+00  0.0000000000000000E+00  6.466010E+08  8.810735E+06  7.659276E+23  1.382835E+17  1.237889E+08  3.558079E+08  1.371429E+01  9.127267E-25
    116  5.3632834463258583E-01  0.0000000000000000E+00  0.0000000000000000E+00  6.466013E+08  8.810735E+06  7.659277E+23  1.382835E+17  1.237889E+08  3.558079E+08  1.371429E+01  9.128591E-25
    117  5.3632834603554669E-01  0.0000000000000000E+00  0.0000000000000000E+00  6.466020E+08  8.810737E+06  7.659280E+23  1.382835E+17  1.237890E+08  3.558079E+08  1.371429E+01  9.131238E-25
    118  5.3632834884146841E-01  0.0000000000000000E+00  0.0000000000000000E+00  6.466033E+08  8.810739E+06  7.659285E+23  1.382835E+17  1.237891E+08  3.558080E+08  1.371429E+01  9.136532E-25
    119  5.3632835445331184E-01  0.0000000000000000E+00  0.0000000000000000E+00  6.466060E+08  8.810745E+06  7.659297E+23  1.382835E+17  1.237892E+08  3.558081E+08  1.371429E+01  9.147022E-25
    120  5.3632836567699871E-01  0.0000000000000000E+00  0.0000000000000000E+00  6.466114E+08  8.810755E+06  7.659319E+23  1.382835E+17  1.237895E+08  3.558084E+08  1.371429E+01  9.167155E-25
    121  5.3632838812437233E-01  0.0000000000000000E+00  0.0000000000000000E+00  6.466223E+08  8.810777E+06  7.659363E+23  1.382835E+17  1.237902E+08  3.558090E+08  1.371429E+01  9.203141E-25
    122  5.3632843301911959E-01  0.0000000000000000E+00  0.0000000000000000E+00  6.466439E+08  8.810819E+06  7.659451E+23  1.382835E+17  1.237915E+08  3.558101E+08  1.371429E+01  9.260443E-25
    123  5.3632852280861409E-01  0.0000000000000000E+00  0.0000000000000000E+00  6.466873E+08  8.810904E+06  7.659629E+23  1.382835E+17  1.237941E+08  3.558124E+08  1.371429E+01  9.341142E-25
    124  5.3632870238760322E-01  0.0000000000000000E+00  0.0000000000000000E+00  6.467739E+08  8.811074E+06  7.659983E+23  1.382835E+17  1.237993E+08  3.558170E+08  1.371429E+01  9.444394E-25
    125  5.3632906154558135E-01  0.0000000000000000E+00  0.0000000000000000E+00  6.469472E+08  8.811414E+06  7.660691E+23  1.382835E+17  1.238096E+08  3.558261E+08  1.371429E+01  9.567188E-25
    126  5.3632977986153763E-01  0.0000000000000000E+00  0.0000000000000000E+00  6.472937E+08  8.812094E+06  7.662109E+23  1.382835E+17  1.238304E+08  3.558443E+08  1.371429E+01  9.705665E-25
    127  5.3633121649345017E-01  0.0000000000000000E+00  0.0000000000000000E+00  6.479869E+08  8.813454E+06  7.664944E+23  1.382835E+17  1.238718E+08  3.558808E+08  1.371429E+01  9.856922E-25
    128  5.3633408975727526E-01  0.0000000000000000E+00  0.0000000000000000E+00  6.493731E+08  8.816173E+06  7.670618E+23  1.382835E+17  1.239546E+08  3.559537E+08  1.371429E+01  1.002022E-24
    129  5.3633983628492543E-01  0.0000000000000000E+00  0.0000000000000000E+00  6.521456E+08  8.821613E+06  7.681981E+23  1.382835E+17  1.241200E+08  3.560997E+08  1.371429E+01  1.019700E-24
    130  5.3635132934022589E-01  0.0000000000000000E+00  0.0000000000000000E+00  6.576906E+08  8.832491E+06  7.704761E+23  1.382835E+17  1.244501E+08  3.563921E+08  1.371429E+01  1.039021E-24
    131  5.3637431545082670E-01  0.0000000000000000E+00  0.0000000000000000E+00  6.687805E+08  8.854249E+06  7.750542E+23  1.382835E+17  1.251071E+08  3.569788E+08  1.371429E+01  1.060486E-24
    132  5.3642028767202843E-01  0.0000000000000000E+00  0.0000000000000000E+00  6.909604E+08  8.897764E+06  7.842990E+23  1.382835E+17  1.264089E+08  3.581590E+08  1.371429E+01  1.085106E-24
    133  5.3651223211443189E-01  0.0000000000000000E+00  0.0000000000000000E+00  7.353202E+08  8.984794E+06  8.031434E+23  1.382835E+17  1.289663E+08  3.605463E+08  1.371429E+01  1.115222E-24
    134  5.3669612099923869E-01  0.0000000000000000E+00  0.0000000000000000E+00  8.240397E+08  9.158853E+06  8.422590E+23  1.382835E+17  1.339163E+08  3.654223E+08  1.371429E+01  1.156753E-24
    135  5.3706389876885230E-01  0.0000000000000000E+00  0.0000000000000000E+00  1.073322E+09  9.698338E+06  9.691329E+23  1.382835E+17  1.467133E+08  3.800435E+08  1.371429E+01  1.318294E-24
    136  5.3713745432277504E-01  0.0000000000000000E+00  0.0000000000000000E+00  1.127930E+09  9.818891E+06  9.994056E+23  1.382835E+17  1.493717E+08  3.833565E+08  1.371429E+01  1.360770E-24
    137  5.3724543529466617E-01  0.0000000000000000E+00  0.0000000000000000E+00  1.208094E+09  9.995863E+06  1.045298E+24  1.382835E+17  1.531953E+08  3.882736E+08  1.371429E+01  1.570281E-24
    138  5.3746139723844832E-01  0.0000000000000000E+00  0.0000000000000000E+00  1.368424E+09  1.034981E+07  1.142365E+24  1.382843E+17  1.605989E+08  3.982827E+08  1.371431E+01  1.098687E-23
    139  5.3750458962720471E-01  0.0000000000000000E+00  0.0000000000000000E+00  1.400490E+09  1.042060E+07  1.162640E+24  1.382849E+17  1.620456E+08  4.003106E+08  1.371432E+01  1.109221E-23
    140  5.3758011394945293E-01  0.0000000000000000E+00  0.0000000000000000E+00  1.456559E+09  1.054438E+07  1.198794E+24  1.382874E+17  1.645512E+08  4.038762E+08  1.371439E+01  1.110855E-23
    141  5.3773116259394949E-01  0.0000000000000000E+00  0.0000000000000000E+00  1.578313E+09  1.084566E+07  1.285223E+24  1.383139E+17  1.697951E+08  4.118425E+08  1.371495E+01  1.357963E-23
    142  5.3775390800602851E-01  0.0000000000000000E+00  0.0000000000000000E+00  1.597501E+09  1.089579E+07  1.299658E+24  1.383251E+17  1.706014E+08  4.131173E+08  1.371516E+01  1.414576E-23
    143  5.3779939883018668E-01  0.0000000000000000E+00  0.0000000000000000E+00  1.635875E+09  1.099606E+07  1.328886E+24  1.383594E+17  1.722046E+08  4.156726E+08  1.371582E+01  1.398736E-23
    144  5.3789038047850291E-01  0.0000000000000000E+00  0.0000000000000000E+00  1.712625E+09  1.119661E+07  1.388792E+24  1.385133E+17  1.753699E+08  4.208040E+08  1.371876E+01  1.396454E-23
    145  5.3790802574829499E-01  0.0000000000000000E+00  0.0000000000000000E+00  1.727510E+09  1.123550E+07  1.400635E+24  1.385652E+17  1.759768E+08  4.218021E+08  1.371976E+01  1.432658E-23
    146  5.3793393748874452E-01  0.0000000000000000E+00  0.0000000000000000E+00  1.749368E+09  1.129261E+07  1.418158E+24  1.386612E+17  1.768631E+08  4.232694E+08  1.372161E+01  1.469968E-23
    147  5.3798576096964368E-01  0.0000000000000000E+00  0.0000000000000000E+00  1.793085E+09  1.140684E+07  1.453676E+24  1.389509E+17  1.786157E+08  4.262083E+08  1.372718E+01  1.510226E-23
    148  5.3799612566582355E-01  0.0000000000000000E+00  0.0000000000000000E+00  1.801829E+09  1.142969E+07  1.460854E+24  1.390295E+17  1.789625E+08  4.267967E+08  1.372869E+01  1.548398E-23
    149  5.3801223420983668E-01  0.0000000000000000E+00  0.0000000000000000E+00  1.815417E+09  1.146519E+07  1.472059E+24  1.391689E+17  1.794986E+08  4.277113E+08  1.373137E+01  1.587179E-23
    150  5.3804445129786305E-01  0.0000000000000000E+00  0.0000000000000000E+00  1.842595E+09  1.153621E+07  1.494646E+24  1.395237E+17  1.805588E+08  4.295412E+08  1.373818E+01  1.627362E-23
    151  5.3810888547391567E-01  0.0000000000000000E+00  0.0000000000000000E+00  1.896950E+09  1.167823E+07  1.540507E+24  1.406653E+17  1.826169E+08  4.331989E+08  1.376001E+01  1.737276E-23
    152  5.3811920404277147E-01  0.0000000000000000E+00  0.0000000000000000E+00  1.905654E+09  1.170098E+07  1.547932E+24  1.409211E+17  1.829366E+08  4.337838E+08  1.376488E+01  1.830103E-23
    153  5.3813870803941855E-01  0.0000000000000000E+00  0.0000000000000000E+00  1.922107E+09  1.174397E+07  1.562026E+24  1.414762E+17  1.835316E+08  4.348882E+08  1.377543E+01  1.870116E-23
    154  5.3817771603271281E-01  0.0000000000000000E+00  0.0000000000000000E+00  1.955013E+09  1.182995E+07  1.590430E+24  1.429285E+17  1.846788E+08  4.370907E+08  1.380286E+01  2.030843E-23
    155  5.3818518201922594E-01  0.0000000000000000E+00  0.0000000000000000E+00  1.961311E+09  1.184640E+07  1.595897E+24  1.432687E+17  1.848908E+08  4.375110E+08  1.380925E+01  2.182024E-23
    156  5.3819936803025115E-01  0.0000000000000000E+00  0.0000000000000000E+00  1.973278E+09  1.187767E+07  1.606310E+24  1.439798E+17  1.852858E+08  4.383081E+08  1.382258E+01  2.552656E-23
    157  5.3822774005230167E-01  0.0000000000000000E+00  0.0000000000000000E+00  1.997212E+09  1.194021E+07  1.627229E+24  1.456922E+17  1.860418E+08  4.398958E+08  1.385448E+01  8.854600E-23
    158  5.3823290409290070E-01  0.0000000000000000E+00  0.0000000000000000E+00  2.001568E+09  1.195159E+07  1.631048E+24  1.460517E+17  1.861737E+08  4.401836E+08  1.386117E+01  1.354111E-22
    159  5.3823753093294624E-01  0.0000000000000000E+00  0.0000000000000000E+00  2.005471E+09  1.196179E+07  1.634473E+24  1.463873E+17  1.862906E+08  4.404411E+08  1.386738E+01  2.039148E-22
    160  5.3824635230716000E-01  0.0000000000000000E+00  0.0000000000000000E+00  2.012913E+09  1.198123E+07  1.641010E+24  1.470636E+17  1.865094E+08  4.409314E+08  1.387985E+01  4.517549E-22
    161  5.3826399505558764E-01  0.0000000000000000E+00  0.0000000000000000E+00  2.027796E+09  1.202012E+07  1.654112E+24  1.485725E+17  1.869294E+08  4.419080E+08  1.390757E+01  2.245024E-21
    162  5.3829928055244292E-01  0.0000000000000000E+00  0.0000000000000000E+00  2.057561E+09  1.209790E+07  1.680401E+24  1.523110E+17  1.876908E+08  4.438436E+08  1.397571E+01  4.842913E-20
    163  5.3835629345998148E-01  0.0000000000000000E+00  0.0000000000000000E+00  2.105656E+09  1.222357E+07  1.723012E+24  1.608949E+17  1.886528E+08  4.469068E+08  1.413025E+01  4.085071E-18
    164  5.3841020650191396E-01  0.0000000000000000E+00  0.0000000000000000E+00  2.151135E+09  1.234240E+07  1.763294E+24  1.726690E+17  1.891926E+08  4.497098E+08  1.434058E+01  1.336553E-16
    165  5.3841517375388215E-01  0.0000000000000000E+00  0.0000000000000000E+00  2.155326E+09  1.235335E+07  1.766999E+24  1.739579E+17  1.892223E+08  4.499629E+08  1.436359E+01  1.773701E-16
    166  5.3842219047896511E-01  0.0000000000000000E+00  0.0000000000000000E+00  2.161245E+09  1.236881E+07  1.772231E+24  1.758401E+17  1.892582E+08  4.503187E+08  1.439722E+01  2.613281E-16
    167  5.3843622392913115E-01  0.0000000000000000E+00  0.0000000000000000E+00  2.173083E+09  1.239975E+07  1.782684E+24  1.798227E+17  1.893090E+08  4.510248E+08  1.446847E+01  5.441278E-16
    168  5.3846281428502318E-01  0.0000000000000000E+00  0.0000000000000000E+00  2.195514E+09  1.245836E+07  1.802452E+24  1.881736E+17  1.893285E+08  4.523420E+08  1.461848E+01  1.884289E-15
    169  5.3850791297123934E-01  0.0000000000000000E+00  0.0000000000000000E+00  2.230743E+09  1.256634E+07  1.835832E+24  2.045760E+17  1.889875E+08  4.543656E+08  1.491676E+01  1.028120E-14
    170  5.3851483499772546E-01  0.0000000000000000E+00  0.0000000000000000E+00  2.235746E+09  1.258414E+07  1.840945E+24  2.072817E+17  1.888946E+08  4.546493E+08  1.496655E+01  1.277288E-14
    171  5.3852379091286962E-01  0.0000000000000000E+00  0.0000000000000000E+00  2.242219E+09  1.260717E+07  1.847561E+24  2.108425E+17  1.887692E+08  4.550146E+08  1.503237E+01  1.666604E-14
    172  5.3853307019399399E-01  0.0000000000000000E+00  0.0000000000000000E+00  2.248926E+09  1.263104E+07  1.854418E+24  2.145981E+17  1.886335E+08  4.553913E+08  1.510215E+01  2.160316E-14
    173  5.3855162875624274E-01  0.0000000000000000E+00  0.0000000000000000E+00  2.262341E+09  1.267877E+07  1.868142E+24  2.222865E+17  1.883470E+08  4.561399E+08  1.524625E+01  3.472694E-14
    174  5.3858596718069018E-01  0.0000000000000000E+00  0.0000000000000000E+00  2.287161E+09  1.276709E+07  1.893604E+24  2.369732E+17  1.877790E+08  4.575121E+08  1.552657E+01  7.338530E-14
    175  5.3865464402958507E-01  0.0000000000000000E+00  0.0000000000000000E+00  2.336801E+09  1.294372E+07  1.945062E+24  2.668006E+17  1.866217E+08  4.602427E+08  1.611919E+01  2.273345E-13
    176  5.3866424473178121E-01  0.0000000000000000E+00  0.0000000000000000E+00  2.343741E+09  1.296842E+07  1.952340E+24  2.708867E+17  1.864699E+08  4.606266E+08  1.620306E+01  2.586600E-13
    177  5.3867730800144464E-01  0.0000000000000000E+00  0.0000000000000000E+00  2.353183E+09  1.300201E+07  1.962286E+24  2.763740E+17  1.862710E+08  4.611509E+08  1.631678E+01  3.054501E-13
    178  5.3870343454077141E-01  0.0000000000000000E+00  0.0000000000000000E+00  2.372067E+09  1.306921E+07  1.982338E+24  2.870372E+17  1.859050E+08  4.622078E+08  1.654146E+01  4.136041E-13
    179  5.3874922944580106E-01  0.0000000000000000E+00  0.0000000000000000E+00  2.405168E+09  1.318699E+07  2.018077E+24  3.044432E+17  1.853924E+08  4.640959E+08  1.691910E+01  6.485443E-13
    180  5.3882788171153106E-01  0.0000000000000000E+00  0.0000000000000000E+00  2.462019E+09  1.338928E+07  2.081488E+24  3.296402E+17  1.849771E+08  4.674723E+08  1.749072E+01  1.159192E-12
    181  5.3894803675934977E-01  0.0000000000000000E+00  0.0000000000000000E+00  2.548868E+09  1.369832E+07  2.183718E+24  3.565529E+17  1.854965E+08  4.729773E+08  1.812978E+01  2.027699E-12
    182  5.3906721350943376E-01  0.0000000000000000E+00  0.0000000000000000E+00  2.635010E+09  1.400484E+07  2.291257E+24  3.730400E+17  1.870816E+08  4.787812E+08  1.851498E+01  2.769091E-12
    183  5.3916885519640612E-01  0.0000000000000000E+00  0.0000000000000000E+00  2.708478E+09  1.426626E+07  2.387334E+24  3.829273E+17  1.889655E+08  4.839178E+08  1.871001E+01  3.250371E-12
    184  5.3918338663891008E-01  0.0000000000000000E+00  0.0000000000000000E+00  2.718981E+09  1.430363E+07  2.401377E+24  3.842053E+17  1.892620E+08  4.846625E+08  1.873090E+01  3.313008E-12
    185  5.3920550647042320E-01  0.0000000000000000E+00  0.0000000000000000E+00  2.734969E+09  1.436052E+07  2.422896E+24  3.861281E+17  1.897236E+08  4.858005E+08  1.876004E+01  3.408783E-12
    186  5.3924974613344945E-01  0.0000000000000000E+00  0.0000000000000000E+00  2.766946E+09  1.447430E+07  2.466444E+24  3.899685E+17  1.906794E+08  4.880902E+08  1.880990E+01  3.612211E-12
    187  5.3933822545950194E-01  0.0000000000000000E+00  0.0000000000000000E+00  2.829948E+09  1.469965E+07  2.554404E+24  3.980829E+17  1.926545E+08  4.926488E+08  1.888373E+01  4.184100E-12
    188  5.3950582356358534E-01  0.0000000000000000E+00  0.0000000000000000E+00  2.920331E+09  1.505885E+07  2.691812E+24  4.140507E+17  1.954795E+08  4.993064E+08  1.896187E+01  7.903983E-12
    189  5.3952016197523900E-01  0.0000000000000000E+00  0.0000000000000000E+00  2.928063E+09  1.508958E+07  2.703830E+24  4.153495E+17  1.957299E+08  4.998805E+08  1.896639E+01  8.666158E-12
    190  5.3953779207661889E-01  0.0000000000000000E+00  0.0000000000000000E+00  2.937571E+09  1.512737E+07  2.718663E+24  4.169132E+17  1.960391E+08  5.005871E+08  1.897164E+01  9.800878E-12
    191  5.3957305227937857E-01  0.0000000000000000E+00  0.0000000000000000E+00  2.956586E+09  1.520294E+07  2.748514E+24  4.199065E+17  1.966613E+08  5.020029E+08  1.898130E+01  1.288932E-11
    192  5.3964357268489804E-01  0.0000000000000000E+00  0.0000000000000000E+00  2.994616E+09  1.535408E+07  2.808952E+24  4.252018E+17  1.979187E+08  5.048442E+08  1.899781E+01  2.386508E-11
    193  5.3976363522274440E-01  0.0000000000000000E+00  0.0000000000000000E+00  3.059363E+09  1.561141E+07  2.914128E+24  4.315841E+17  2.000915E+08  5.097102E+08  1.901975E+01  6.355531E-11
    194  5.3987401384656619E-01  0.0000000000000000E+00  0.0000000000000000E+00  3.118888E+09  1.584798E+07  3.013397E+24  4.346343E+17  2.021182E+08  5.142161E+08  1.903517E+01  1.173070E-10
    195  5.3998009570651184E-01  0.0000000000000000E+00  0.0000000000000000E+00  3.176096E+09  1.607534E+07  3.111174E+24  4.359285E+17  2.040876E+08  5.185765E+08  1.904727E+01  1.708716E-10
    196  5.4015461486804894E-01  0.0000000000000000E+00  0.0000000000000000E+00  3.270211E+09  1.644938E+07  3.277163E+24  4.371412E+17  2.073542E+08  5.258092E+08  1.906768E+01  2.780080E-10
    197  5.4032024819896707E-01  0.0000000000000000E+00  0.0000000000000000E+00  3.348360E+09  1.672542E+07  3.412621E+24  4.389367E+17  2.101660E+08  5.318446E+08  1.910079E+01  4.695819E-10
    198  5.4034299858357171E-01  0.0000000000000000E+00  0.0000000000000000E+00  3.358796E+09  1.676123E+07  3.430802E+24  4.392790E+17  2.105408E+08  5.326530E+08  1.910718E+01  5.071728E-10
    199  5.4037540404657225E-01  0.0000000000000000E+00  0.0000000000000000E+00  3.373660E+09  1.681223E+07  3.456823E+24  4.398174E+17  2.110722E+08  5.338054E+08  1.911730E+01  5.665079E-10
    200  5.4044021497257322E-01  0.0000000000000000E+00  0.0000000000000000E+00  3.403390E+09  1.691424E+07  3.509299E+24  4.410965E+17  2.121243E+08  5.361132E+08  1.914156E+01  7.070592E-10
    201  5.4056244053795743E-01  0.0000000000000000E+00  0.0000000000000000E+00  3.459455E+09  1.710662E+07  3.609808E+24  4.444161E+17  2.140583E+08  5.404722E+08  1.920566E+01  1.054284E-09
    202  5.4075030217166442E-01  0.0000000000000000E+00  0.0000000000000000E+00  3.545629E+09  1.740230E+07  3.767975E+24  4.529333E+17  2.168279E+08  5.471646E+08  1.937379E+01  1.808899E-09
    203  5.4091258196511127E-01  0.0000000000000000E+00  0.0000000000000000E+00  3.620068E+09  1.765772E+07  3.907635E+24  4.656425E+17  2.188832E+08  5.528912E+08  1.963120E+01  2.977421E-09
    204  5.4106776375274590E-01  0.0000000000000000E+00  0.0000000000000000E+00  3.688068E+09  1.789192E+07  4.036831E+24  4.847009E+17  2.202619E+08  5.580007E+08  2.003181E+01  5.635783E-09
    205  5.4122235128401885E-01  0.0000000000000000E+00  0.0000000000000000E+00  3.745864E+09  1.809380E+07  4.146800E+24  5.106841E+17  2.207414E+08  5.621415E+08  2.060866E+01  1.208779E-08
    206  5.4124479657273972E-01  0.0000000000000000E+00  0.0000000000000000E+00  3.754256E+09  1.812312E+07  4.162781E+24  5.150103E+17  2.207712E+08  5.627315E+08  2.070846E+01  1.364059E-08
    207  5.4127708449136813E-01  0.0000000000000000E+00  0.0000000000000000E+00  3.766328E+09  1.816528E+07  4.185773E+24  5.214713E+17  2.207965E+08  5.635753E+08  2.085965E+01  1.634211E-08
    208  5.4134166032862485E-01  0.0000000000000000E+00  0.0000000000000000E+00  3.790471E+09  1.824962E+07  4.231777E+24  5.351905E+17  2.207860E+08  5.652456E+08  2.118980E+01  2.421611E-08
    209  5.4146653388968180E-01  0.0000000000000000E+00  0.0000000000000000E+00  3.837158E+09  1.841270E+07  4.320879E+24  5.642172E+17  2.205544E+08  5.684172E+08  2.193621E+01  6.386472E-08
    210  5.4148562415546764E-01  0.0000000000000000E+00  0.0000000000000000E+00  3.844295E+09  1.843763E+07  4.334529E+24  5.688638E+17  2.204974E+08  5.688963E+08  2.206293E+01  7.688175E-08
    211  5.4151228996165901E-01  0.0000000000000000E+00  0.0000000000000000E+00  3.854265E+09  1.847246E+07  4.353614E+24  5.754094E+17  2.204095E+08  5.695634E+08  2.224548E+01  1.018194E-07
    212  5.4156562157404176E-01  0.0000000000000000E+00  0.0000000000000000E+00  3.874204E+09  1.854211E+07  4.391863E+24  5.886109E+17  2.202080E+08  5.708914E+08  2.262970E+01  1.938332E-07
    213  5.4167226366833110E-01  0.0000000000000000E+00  0.0000000000000000E+00  3.914075E+09  1.868138E+07  4.468774E+24  6.149951E+17  2.197258E+08  5.735302E+08  2.347156E+01  9.192739E-07
    214  5.4168737976395076E-01  0.0000000000000000E+00  0.0000000000000000E+00  3.919726E+09  1.870112E+07  4.479736E+24  6.187140E+17  2.196517E+08  5.739035E+08  2.359833E+01  1.160526E-06
    215  5.4171048925449972E-01  0.0000000000000000E+00  0.0000000000000000E+00  3.928366E+09  1.873130E+07  4.496531E+24  6.243884E+17  2.195370E+08  5.744743E+08  2.379538E+01  1.654183E-06
    216  5.4175670823559763E-01  0.0000000000000000E+00  0.0000000000000000E+00  3.945646E+09  1.879166E+07  4.530268E+24  6.356873E+17  2.193060E+08  5.756175E+08  2.420018E+01  3.298048E-06
    217  5.4184215122485402E-01  0.0000000000000000E+00  0.0000000000000000E+00  3.977591E+09  1.890325E+07  4.593288E+24  6.562339E+17  2.188968E+08  5.777453E+08  2.497758E+01  1.066007E-05
    218  5.4185592888306822E-01  0.0000000000000000E+00  0.0000000000000000E+00  3.982742E+09  1.892124E+07  4.603545E+24  6.594782E+17  2.188358E+08  5.780916E+08  2.510531E+01  1.270773E-05
    219  5.4187306034725524E-01  0.0000000000000000E+00  0.0000000000000000E+00  3.989147E+09  1.894362E+07  4.616341E+24  6.634753E+17  2.187629E+08  5.785242E+08  2.526461E+01  1.572987E-05
    220  5.4190732327562940E-01  0.0000000000000000E+00  0.0000000000000000E+00  4.003245E+09  1.895984E+07  4.637619E+24  6.713489E+17  2.188205E+08  5.795448E+08  2.558475E+01  2.375263E-05
    221  5.4197584913237773E-01  0.0000000000000000E+00  0.0000000000000000E+00  4.032000E+09  1.897991E+07  4.678901E+24  6.865775E+17  2.190668E+08  5.816814E+08  2.622950E+01  5.180606E-05
    222  5.4209032606168683E-01  0.0000000000000000E+00  0.0000000000000000E+00  4.080037E+09  1.901343E+07  4.750329E+24  7.095644E+17  2.196999E+08  5.853730E+08  2.727397E+01  1.689996E-04
    223  5.4218040412289947E-01  0.0000000000000000E+00  0.0000000000000000E+00  4.117835E+09  1.903980E+07  4.809227E+24  7.246111E+17  2.204755E+08  5.884186E+08  2.801103E+01  3.906224E-04
    224  5.4219310104472995E-01  0.0000000000000000E+00  0.0000000000000000E+00  4.123163E+09  1.904352E+07  4.817745E+24  7.264806E+17  2.206082E+08  5.888594E+08  2.810593E+01  4.369575E-04
    225  5.4221075776030392E-01  0.0000000000000000E+00  0.0000000000000000E+00  4.130572E+09  1.904869E+07  4.829684E+24  7.289721E+17  2.208028E+08  5.894773E+08  2.823357E+01  5.094361E-04
    226  5.4224607119145196E-01  0.0000000000000000E+00  0.0000000000000000E+00  4.145390E+09  1.905903E+07  4.853892E+24  7.335734E+17  2.212283E+08  5.907309E+08  2.847297E+01  6.866678E-04
    227  5.4231449853844760E-01  0.0000000000000000E+00  0.0000000000000000E+00  4.174104E+09  1.907907E+07  4.902093E+24  7.410420E+17  2.221928E+08  5.932288E+08  2.887163E+01  1.185852E-03
    228  5.4242253405558383E-01  0.0000000000000000E+00  0.0000000000000000E+00  4.219437E+09  1.911070E+07  4.981704E+24  7.491666E+17  2.241073E+08  5.973569E+08  2.931595E+01  2.568624E-03
    229  5.4252208626288767E-01  0.0000000000000000E+00  0.0000000000000000E+00  4.261211E+09  1.913985E+07  5.058761E+24  7.532951E+17  2.262157E+08  6.013497E+08  2.953396E+01  4.726766E-03
    230  5.4253105878089891E-01  0.0000000000000000E+00  0.0000000000000000E+00  4.264976E+09  1.914248E+07  5.065873E+24  7.535371E+17  2.264210E+08  6.017178E+08  2.954545E+01  4.969404E-03
    231  5.4254186306058161E-01  0.0000000000000000E+00  0.0000000000000000E+00  4.269510E+09  1.914564E+07  5.074470E+24  7.538060E+17  2.266709E+08  6.021627E+08  2.955793E+01  5.272609E-03
    232  5.4256347161994700E-01  0.0000000000000000E+00  0.0000000000000000E+00  4.278577E+09  1.915197E+07  5.091777E+24  7.542688E+17  2.271799E+08  6.030578E+08  2.957800E+01  5.915074E-03
    233  5.4260668873867768E-01  0.0000000000000000E+00  0.0000000000000000E+00  4.296712E+09  1.916463E+07  5.126823E+24  7.549282E+17  2.282323E+08  6.048684E+08  2.960036E+01  7.343526E-03
    234  5.4268182591660030E-01  0.0000000000000000E+00  0.0000000000000000E+00  4.328241E+09  1.918663E+07  5.189047E+24  7.554192E+17  2.301317E+08  6.080748E+08  2.959389E+01  1.026332E-02
    235  5.4269274365636277E-01  0.0000000000000000E+00  0.0000000000000000E+00  4.332822E+09  1.918982E+07  5.198216E+24  7.554394E+17  2.304186E+08  6.085462E+08  2.958931E+01  1.073056E-02
    236  5.4270774372184349E-01  0.0000000000000000E+00  0.0000000000000000E+00  4.339117E+09  1.919422E+07  5.210864E+24  7.554499E+17  2.308156E+08  6.091961E+08  2.958172E+01  1.138888E-02
    237  5.4273774385280482E-01  0.0000000000000000E+00  0.0000000000000000E+00  4.352085E+09  1.919985E+07  5.236316E+24  7.554189E+17  2.316596E+08  6.105507E+08  2.956249E+01  1.276006E-02
    238  5.4279082162735226E-01  0.0000000000000000E+00  0.0000000000000000E+00  4.376547E+09  1.919719E+07  5.281889E+24  7.552276E+17  2.333462E+08  6.131648E+08  2.951690E+01  1.537572E-02
    239  5.4287269549979267E-01  0.0000000000000000E+00  0.0000000000000000E+00  4.414279E+09  1.919309E+07  5.353696E+24  7.547462E+17  2.360086E+08  6.172642E+08  2.943045E+01  1.980229E-02
    240  5.4288382622786158E-01  0.0000000000000000E+00  0.0000000000000000E+00  4.419409E+09  1.919253E+07  5.363596E+24  7.546717E+17  2.363752E+08  6.178275E+08  2.941786E+01  2.043048E-02
    241  5.4289857075975223E-01  0.0000000000000000E+00  0.0000000000000000E+00  4.426204E+09  1.919179E+07  5.376762E+24  7.545688E+17  2.368627E+08  6.185759E+08  2.940078E+01  2.126864E-02
    242  5.4292805982353354E-01  0.0000000000000000E+00  0.0000000000000000E+00  4.439795E+09  1.919032E+07  5.403266E+24  7.543561E+17  2.378431E+08  6.200801E+08  2.936596E+01  2.295987E-02
    243  5.4298275772647553E-01  0.0000000000000000E+00  0.0000000000000000E+00  4.465003E+09  1.918758E+07  5.453036E+24  7.539458E+17  2.396792E+08  6.228958E+08  2.929987E+01  2.610555E-02
    244  5.4306704593859345E-01  0.0000000000000000E+00  0.0000000000000000E+00  4.503848E+09  1.918336E+07  5.531276E+24  7.533024E+17  2.425488E+08  6.272992E+08  2.919737E+01  3.078174E-02
    245  5.4307870231287958E-01  0.0000000000000000E+00  0.0000000000000000E+00  4.509220E+09  1.918277E+07  5.542242E+24  7.532156E+17  2.429490E+08  6.279142E+08  2.918346E+01  3.139746E-02
    246  5.4309461654992641E-01  0.0000000000000000E+00  0.0000000000000000E+00  4.516555E+09  1.918198E+07  5.557274E+24  7.530967E+17  2.434969E+08  6.287562E+08  2.916448E+01  3.222169E-02
    247  5.4312644502402008E-01  0.0000000000000000E+00  0.0000000000000000E+00  4.531223E+09  1.918038E+07  5.587539E+24  7.528628E+17  2.445971E+08  6.304485E+08  2.912704E+01  3.381127E-02
    248  5.4318695509987514E-01  0.0000000000000000E+00  0.0000000000000000E+00  4.559110E+09  1.917736E+07  5.645825E+24  7.524367E+17  2.467044E+08  6.336957E+08  2.905805E+01  3.660786E-02
    249  5.4328466384125140E-01  0.0000000000000000E+00  0.0000000000000000E+00  4.604141E+09  1.917246E+07  5.742061E+24  7.518079E+17  2.501526E+08  6.390239E+08  2.895217E+01  4.062996E-02
    250  5.4336791799103845E-01  0.0000000000000000E+00  0.0000000000000000E+00  4.642510E+09  1.916830E+07  5.826197E+24  7.513405E+17  2.531391E+08  6.436486E+08  2.886557E+01  4.399291E-02
    251  5.4345372681564863E-01  0.0000000000000000E+00  0.0000000000000000E+00  4.682056E+09  1.916400E+07  5.915087E+24  7.509170E+17  2.562735E+08  6.485011E+08  2.877488E+01  4.799432E-02
    252  5.4353830663610170E-01  0.0000000000000000E+00  0.0000000000000000E+00  4.721036E+09  1.915976E+07  6.004958E+24  7.505655E+17  2.594258E+08  6.533728E+08  2.868074E+01  5.301171E-02
    253  5.4362132564830801E-01  0.0000000000000000E+00  0.0000000000000000E+00  4.756035E+09  1.914090E+07  6.084092E+24  7.503758E+17  2.624106E+08  6.578896E+08  2.859102E+01  5.937248E-02
    254  5.4370236766315416E-01  0.0000000000000000E+00  0.0000000000000000E+00  4.788022E+09  1.911265E+07  6.155526E+24  7.503202E+17  2.652678E+08  6.621388E+08  2.850223E+01  6.714881E-02
    255  5.4371371945768165E-01  0.0000000000000000E+00  0.0000000000000000E+00  4.792502E+09  1.910869E+07  6.165664E+24  7.503197E+17  2.656728E+08  6.627399E+08  2.848916E+01  6.838723E-02
    256  5.4372873612885986E-01  0.0000000000000000E+00  0.0000000000000000E+00  4.798429E+09  1.910346E+07  6.179128E+24  7.503200E+17  2.662108E+08  6.635374E+08  2.847141E+01  7.008568E-02
    257  5.4375876947121615E-01  0.0000000000000000E+00  0.0000000000000000E+00  4.810283E+09  1.909299E+07  6.206234E+24  7.503285E+17  2.672937E+08  6.651401E+08  2.843475E+01  7.370197E-02
    258  5.4381883615592885E-01  0.0000000000000000E+00  0.0000000000000000E+00  4.833991E+09  1.907205E+07  6.261168E+24  7.503773E+17  2.694882E+08  6.683774E+08  2.835621E+01  8.188729E-02
    259  5.4390924176198374E-01  0.0000000000000000E+00  0.0000000000000000E+00  4.869674E+09  1.904054E+07  6.345725E+24  7.505289E+17  2.728692E+08  6.733320E+08  2.822238E+01  9.694700E-02
    260  5.4398610127546909E-01  0.0000000000000000E+00  0.0000000000000000E+00  4.900009E+09  1.901375E+07  6.419439E+24  7.507411E+17  2.758211E+08  6.776234E+08  2.809257E+01  1.127520E-01
    261  5.4399649895812707E-01  0.0000000000000000E+00  0.0000000000000000E+00  4.904113E+09  1.901012E+07  6.429548E+24  7.507740E+17  2.762268E+08  6.782099E+08  2.807341E+01  1.151311E-01
    262  5.4401113604762941E-01  0.0000000000000000E+00  0.0000000000000000E+00  4.909890E+09  1.900502E+07  6.443831E+24  7.508227E+17  2.768001E+08  6.790377E+08  2.804609E+01  1.185740E-01
    263  5.4403081380389651E-01  0.0000000000000000E+00  0.0000000000000000E+00  4.917657E+09  1.899816E+07  6.463135E+24  7.508915E+17  2.775755E+08  6.801550E+08  2.800824E+01  1.233910E-01
    264  5.4407016931643071E-01  0.0000000000000000E+00  0.0000000000000000E+00  4.933190E+09  1.898444E+07  6.502099E+24  7.510405E+17  2.791428E+08  6.824048E+08  2.792859E+01  1.336983E-01
    265  5.4407785091105865E-01  0.0000000000000000E+00  0.0000000000000000E+00  4.936222E+09  1.898177E+07  6.509761E+24  7.510701E+17  2.794515E+08  6.828464E+08  2.791230E+01  1.358170E-01
    266  5.4408927189014067E-01  0.0000000000000000E+00  0.0000000000000000E+00  4.940730E+09  1.897779E+07  6.521186E+24  7.511164E+17  2.799119E+08  6.835044E+08  2.788782E+01  1.390347E-01
    267  5.4411211384830471E-01  0.0000000000000000E+00  0.0000000000000000E+00  4.949745E+09  1.896982E+07  6.544159E+24  7.512121E+17  2.808386E+08  6.848255E+08  2.783738E+01  1.457127E-01
    268  5.4415779776463280E-01  0.0000000000000000E+00  0.0000000000000000E+00  4.967777E+09  1.895390E+07  6.590607E+24  7.514146E+17  2.827163E+08  6.874890E+08  2.773042E+01  1.600666E-01
    269  5.4416619824036905E-01  0.0000000000000000E+00  0.0000000000000000E+00  4.971092E+09  1.895097E+07  6.599223E+24  7.514511E+17  2.830655E+08  6.879820E+08  2.770967E+01  1.628530E-01
    270  5.4417864966132612E-01  0.0000000000000000E+00  0.0000000000000000E+00  4.976007E+09  1.894663E+07  6.612035E+24  7.515083E+17  2.835849E+08  6.887144E+08  2.767858E+01  1.670705E-01
    271  5.4420355250324026E-01  0.0000000000000000E+00  0.0000000000000000E+00  4.985836E+09  1.893795E+07  6.637813E+24  7.516240E+17  2.846313E+08  6.901857E+08  2.761438E+01  1.758173E-01
    272  5.4425335818706855E-01  0.0000000000000000E+00  0.0000000000000000E+00  5.005493E+09  1.892059E+07  6.689997E+24  7.518562E+17  2.867563E+08  6.931548E+08  2.747753E+01  1.945765E-01
    273  5.4432832206338810E-01  0.0000000000000000E+00  0.0000000000000000E+00  5.035081E+09  1.889446E+07  6.770172E+24  7.521790E+17  2.900414E+08  6.976998E+08  2.724817E+01  2.260262E-01
    274  5.4439942366490601E-01  0.0000000000000000E+00  0.0000000000000000E+00  5.063144E+09  1.886968E+07  6.848053E+24  7.524484E+17  2.932538E+08  7.020898E+08  2.700582E+01  2.593686E-01
    275  5.4449804011120551E-01  0.0000000000000000E+00  0.0000000000000000E+00  5.055241E+09  1.878704E+07  6.804437E+24  7.565447E+17  2.929963E+08  7.013927E+08  2.711416E+01  3.038127E-01
    276  5.4458289264941273E-01  0.0000000000000000E+00  0.0000000000000000E+00  5.045538E+09  1.871295E+07  6.757406E+24  7.599062E+17  2.924425E+08  7.003564E+08  2.725653E+01  3.345875E-01
    277  5.4474797417558773E-01  0.0000000000000000E+00  0.0000000000000000E+00  5.026662E+09  1.856880E+07  6.666321E+24  7.655662E+17  2.913395E+08  6.983320E+08  2.755317E+01  3.809253E-01
    278  5.4502708836965119E-01  0.0000000000000000E+00  0.0000000000000000E+00  4.994746E+09  1.832508E+07  6.514044E+24  7.733879E+17  2.894738E+08  6.949171E+08  2.807542E+01  4.339966E-01
    279  5.4506599778198739E-01  0.0000000000000000E+00  0.0000000000000000E+00  4.990296E+09  1.829111E+07  6.493026E+24  7.743398E+17  2.892199E+08  6.944440E+08  2.814690E+01  4.397652E-01
    280  5.4511823353208322E-01  0.0000000000000000E+00  0.0000000000000000E+00  4.984323E+09  1.824550E+07  6.464864E+24  7.755923E+17  2.888773E+08  6.938085E+08  2.824462E+01  4.469491E-01
    281  5.4522270503227488E-01  0.0000000000000000E+00  0.0000000000000000E+00  4.972377E+09  1.815428E+07  6.408803E+24  7.779763E+17  2.881980E+08  6.925397E+08  2.843952E+01  4.598260E-01
    282  5.4524359933231326E-01  0.0000000000000000E+00  0.0000000000000000E+00  4.975203E+09  1.813855E+07  6.413280E+24  7.778510E+17  2.886479E+08  6.930723E+08  2.840496E+01  4.620902E-01
    283  5.4526325391832497E-01  0.0000000000000000E+00  0.0000000000000000E+00  4.980362E+09  1.812497E+07  6.425045E+24  7.774503E+17  2.893543E+08  6.939528E+08  2.833694E+01  4.641912E-01
    284  5.4530256309034852E-01  0.0000000000000000E+00  0.0000000000000000E+00  4.990679E+09  1.809780E+07  6.448744E+24  7.766423E+17  2.907777E+08  6.957234E+08  2.819952E+01  4.685863E-01
    285  5.4531042492475323E-01  0.0000000000000000E+00  0.0000000000000000E+00  4.992743E+09  1.809237E+07  6.453511E+24  7.764794E+17  2.910642E+08  6.960791E+08  2.817178E+01  4.694992E-01
    286  5.4531856831054759E-01  0.0000000000000000E+00  0.0000000000000000E+00  4.994880E+09  1.808674E+07  6.458458E+24  7.763111E+17  2.913613E+08  6.964480E+08  2.814307E+01  4.704542E-01
    287  5.4533485508213642E-01  0.0000000000000000E+00  0.0000000000000000E+00  4.999155E+09  1.807548E+07  6.468381E+24  7.759739E+17  2.919572E+08  6.971873E+08  2.808546E+01  4.723989E-01
    288  5.4533811243645414E-01  0.0000000000000000E+00  0.0000000000000000E+00  5.000010E+09  1.807323E+07  6.470371E+24  7.759058E+17  2.920768E+08  6.973355E+08  2.807383E+01  4.727944E-01
    289  5.4534273495150598E-01  0.0000000000000000E+00  0.0000000000000000E+00  5.001223E+09  1.807004E+07  6.473196E+24  7.758100E+17  2.922465E+08  6.975459E+08  2.805744E+01  4.733591E-01
    290  5.4535197998160956E-01  0.0000000000000000E+00  0.0000000000000000E+00  5.003650E+09  1.806365E+07  6.478856E+24  7.756180E+17  2.925864E+08  6.979671E+08  2.802456E+01  4.744971E-01
    291  5.4537047004181682E-01  0.0000000000000000E+00  0.0000000000000000E+00  5.008503E+09  1.805087E+07  6.490215E+24  7.752327E+17  2.932687E+08  6.988117E+08  2.795853E+01  4.768183E-01
    292  5.4540745016223136E-01  0.0000000000000000E+00  0.0000000000000000E+00  5.018209E+09  1.802531E+07  6.513085E+24  7.744577E+17  2.946425E+08  7.005113E+08  2.782539E+01  4.816467E-01
    293  5.4548141040306042E-01  0.0000000000000000E+00  0.0000000000000000E+00  5.037622E+09  1.797419E+07  6.559444E+24  7.728881E+17  2.974281E+08  7.039472E+08  2.755474E+01  4.920660E-01
    294  5.4562571278927641E-01  0.0000000000000000E+00  0.0000000000000000E+00  5.075497E+09  1.787446E+07  6.652390E+24  7.696825E+17  3.030254E+08  7.107913E+08  2.700374E+01  5.153891E-01
    295  5.4564636452316628E-01  0.0000000000000000E+00  0.0000000000000000E+00  5.080918E+09  1.786019E+07  6.665955E+24  7.692174E+17  3.038426E+08  7.117855E+08  2.692342E+01  5.190345E-01
    296  5.4567444713664170E-01  0.0000000000000000E+00  0.0000000000000000E+00  5.088289E+09  1.784078E+07  6.684530E+24  7.685637E+17  3.049637E+08  7.131448E+08  2.681194E+01  5.241348E-01
    297  5.4573061236359244E-01  0.0000000000000000E+00  0.0000000000000000E+00  5.103030E+09  1.780196E+07  6.722079E+24  7.672227E+17  3.072334E+08  7.158857E+08  2.658499E+01  5.347634E-01
    298  5.4584294281749390E-01  0.0000000000000000E+00  0.0000000000000000E+00  5.132514E+09  1.772433E+07  6.798815E+24  7.643822E+17  3.118860E+08  7.214590E+08  2.611468E+01  5.576361E-01
    299  5.4586304448279521E-01  0.0000000000000000E+00  0.0000000000000000E+00  5.137790E+09  1.771044E+07  6.812807E+24  7.638291E+17  3.127392E+08  7.224708E+08  2.602625E+01  5.619459E-01
    300  5.4588561241591005E-01  0.0000000000000000E+00  0.0000000000000000E+00  5.143714E+09  1.769484E+07  6.828582E+24  7.632126E+17  3.137000E+08  7.236106E+08  2.592761E+01  5.668455E-01
    301  5.4593074828213961E-01  0.0000000000000000E+00  0.0000000000000000E+00  5.155561E+09  1.766364E+07  6.860414E+24  7.619416E+17  3.156421E+08  7.259058E+08  2.572730E+01  5.768534E-01
    302  5.4602102001459885E-01  0.0000000000000000E+00  0.0000000000000000E+00  5.179254E+09  1.760126E+07  6.925224E+24  7.592296E+17  3.196107E+08  7.305597E+08  2.531440E+01  5.975875E-01
    303  5.4603888463031369E-01  0.0000000000000000E+00  0.0000000000000000E+00  5.183943E+09  1.758891E+07  6.938248E+24  7.586516E+17  3.204122E+08  7.314918E+08  2.522965E+01  6.017886E-01
    304  5.4605914833953972E-01  0.0000000000000000E+00  0.0000000000000000E+00  5.181852E+09  1.756861E+07  6.926635E+24  7.592575E+17  3.203386E+08  7.313025E+08  2.525753E+01  6.069406E-01
    305  5.4609967575799190E-01  0.0000000000000000E+00  0.0000000000000000E+00  5.175148E+09  1.752586E+07  6.894482E+24  7.608581E+17  3.198545E+08  7.304988E+08  2.535700E+01  6.166194E-01
    306  5.4618073059489614E-01  0.0000000000000000E+00  0.0000000000000000E+00  5.161740E+09  1.744036E+07  6.830427E+24  7.639222E+17  3.188781E+08  7.288899E+08  2.556282E+01  6.331806E-01
    307  5.4634284026870461E-01  0.0000000000000000E+00  0.0000000000000000E+00  5.134925E+09  1.726937E+07  6.703438E+24  7.696199E+17  3.169123E+08  7.256728E+08  2.599371E+01  6.582828E-01
    308  5.4662198023107267E-01  0.0000000000000000E+00  0.0000000000000000E+00  5.088752E+09  1.697494E+07  6.488464E+24  7.785823E+17  3.135237E+08  7.201481E+08  2.678198E+01  6.865128E-01
    309  5.4666065886040083E-01  0.0000000000000000E+00  0.0000000000000000E+00  5.082354E+09  1.693414E+07  6.459114E+24  7.797118E+17  3.130663E+08  7.193884E+08  2.688971E+01  6.894654E-01
    310  5.4670934524683468E-01  0.0000000000000000E+00  0.0000000000000000E+00  5.074300E+09  1.688279E+07  6.422251E+24  7.811611E+17  3.124830E+08  7.184302E+08  2.703084E+01  6.929342E-01
    311  5.4680671801970238E-01  0.0000000000000000E+00  0.0000000000000000E+00  5.058193E+09  1.678008E+07  6.348981E+24  7.839950E+17  3.113229E+08  7.165178E+08  2.731534E+01  6.991475E-01
    312  5.4700146356543788E-01  0.0000000000000000E+00  0.0000000000000000E+00  5.057068E+09  1.661360E+07  6.308584E+24  7.843490E+17  3.129887E+08  7.177790E+08  2.728935E+01  7.082651E-01
    313  5.4728498339113629E-01  0.0000000000000000E+00  0.0000000000000000E+00  5.065924E+09  1.638435E+07  6.285715E+24  7.829976E+17  3.168517E+08  7.214156E+08  2.704343E+01  7.203261E-01
    314  5.4785202304253311E-01  0.0000000000000000E+00  0.0000000000000000E+00  5.060596E+09  1.590593E+07  6.164534E+24  7.839862E+17  3.217404E+08  7.250206E+08  2.698804E+01  7.436287E-01
    315  5.4837808554654865E-01  0.0000000000000000E+00  0.0000000000000000E+00  5.021386E+09  1.543241E+07  5.941304E+24  7.904519E+17  3.217339E+08  7.226069E+08  2.762324E+01  7.603845E-01
    316  5.4914514061088782E-01  0.0000000000000000E+00  0.0000000000000000E+00  4.989153E+09  1.493161E+07  5.737359E+24  7.954611E+17  3.233133E+08  7.218861E+08  2.811458E+01  7.761031E-01
    317  5.4982737401924398E-01  0.0000000000000000E+00  0.0000000000000000E+00  4.952498E+09  1.447403E+07  5.532969E+24  8.009556E+17  3.238456E+08  7.200141E+08  2.872847E+01  7.866390E-01
    318  5.5088507527267205E-01  0.0000000000000000E+00  0.0000000000000000E+00  4.914916E+09  1.399045E+07  5.324319E+24  8.065007E+17  3.247810E+08  7.183790E+08  2.937164E+01  7.976488E-01
    319  5.5234126372857573E-01  0.0000000000000000E+00  0.0000000000000000E+00  4.873243E+09  1.349048E+07  5.105207E+24  8.124639E+17  3.255607E+08  7.163230E+08  3.010876E+01  8.081194E-01
    320  5.5357063062303691E-01  0.0000000000000000E+00  0.0000000000000000E+00  4.852135E+09  1.326092E+07  5.000895E+24  8.155346E+17  3.257004E+08  7.150629E+08  3.049480E+01  8.145120E-01
    321  5.5574576461975767E-01  0.0000000000000000E+00  0.0000000000000000E+00  4.805897E+09  1.275116E+07  4.775049E+24  8.218000E+17  3.263162E+08  7.125215E+08  3.135049E+01  8.233940E-01
    322  5.5607213147256906E-01  0.0000000000000000E+00  0.0000000000000000E+00  4.798656E+09  1.267025E+07  4.739974E+24  8.227265E+17  3.264601E+08  7.121556E+08  3.148353E+01  8.244979E-01
    323  5.5653586102816444E-01  0.0000000000000000E+00  0.0000000000000000E+00  4.787190E+09  1.255922E+07  4.688103E+24  8.242210E+17  3.264277E+08  7.113644E+08  3.170263E+01  8.260086E-01
    324  5.5716035610008086E-01  0.0000000000000000E+00  0.0000000000000000E+00  4.772173E+09  1.240720E+07  4.619362E+24  8.261210E+17  3.265180E+08  7.104318E+08  3.198623E+01  8.278462E-01
    325  5.5834848039120544E-01  0.0000000000000000E+00  0.0000000000000000E+00  4.740381E+09  1.208767E+07  4.476127E+24  8.299993E+17  3.267732E+08  7.084911E+08  3.258690E+01  8.309777E-01
    326  5.6021169494584755E-01  0.0000000000000000E+00  0.0000000000000000E+00  4.691470E+09  1.160624E+07  4.262421E+24  8.357046E+17  3.272598E+08  7.055239E+08  3.351990E+01  8.347906E-01
    327  5.6047713214974171E-01  0.0000000000000000E+00  0.0000000000000000E+00  4.684646E+09  1.153920E+07  4.233108E+24  8.364315E+17  3.273613E+08  7.051269E+08  3.364328E+01  8.352899E-01
    328  5.6084354605265541E-01  0.0000000000000000E+00  0.0000000000000000E+00  4.675914E+09  1.144378E+07  4.193874E+24  8.373631E+17  3.276663E+08  7.047603E+08  3.380211E+01  8.358736E-01
    329  5.6157637385848291E-01  0.0000000000000000E+00  0.0000000000000000E+00  4.657769E+09  1.128736E+07  4.120943E+24  8.393962E+17  3.275770E+08  7.034187E+08  3.415612E+01  8.370149E-01
    330  5.6304202947013793E-01  0.0000000000000000E+00  0.0000000000000000E+00  4.619557E+09  1.096046E+07  3.970215E+24  8.435237E+17  3.274858E+08  7.006349E+08  3.490039E+01  8.390587E-01
    331  5.6326446924347828E-01  0.0000000000000000E+00  0.0000000000000000E+00  4.610195E+09  1.089475E+07  3.936501E+24  8.445233E+17  3.272160E+08  6.997548E+08  3.508737E+01  8.394225E-01
    332  5.6354959860566645E-01  0.0000000000000000E+00  0.0000000000000000E+00  4.598746E+09  1.080701E+07  3.894119E+24  8.457171E+17  3.270349E+08  6.987957E+08  3.531293E+01  8.398633E-01
    333  5.6411985733004277E-01  0.0000000000000000E+00  0.0000000000000000E+00  4.577760E+09  1.062865E+07  3.813858E+24  8.477981E+17  3.270794E+08  6.973291E+08  3.571269E+01  8.406290E-01
    334  5.6423390907491799E-01  0.0000000000000000E+00  0.0000000000000000E+00  4.573903E+09  1.059320E+07  3.798706E+24  8.481752E+17  3.271438E+08  6.971043E+08  3.578596E+01  8.407621E-01
    335  5.6440604960809104E-01  0.0000000000000000E+00  0.0000000000000000E+00  4.567002E+09  1.053932E+07  3.773467E+24  8.488575E+17  3.270803E+08  6.965584E+08  3.591979E+01  8.409877E-01
    336  5.6475033067443714E-01  0.0000000000000000E+00  0.0000000000000000E+00  4.551400E+09  1.042830E+07  3.718779E+24  8.504010E+17  3.267427E+08  6.951673E+08  3.622677E+01  8.414774E-01
    337  5.6543889280712922E-01  0.0000000000000000E+00  0.0000000000000000E+00  4.520644E+09  1.019593E+07  3.609880E+24  8.533028E+17  3.264177E+08  6.926807E+08  3.681796E+01  8.423549E-01
    338  5.6658116774155654E-01  0.0000000000000000E+00  0.0000000000000000E+00  4.473132E+09  9.840417E+06  3.445932E+24  8.575631E+17  3.260404E+08  6.889022E+08  3.772170E+01  8.435474E-01
    339  5.6823779554863729E-01  0.0000000000000000E+00  0.0000000000000000E+00  4.405865E+09  9.360323E+06  3.225408E+24  8.631740E+17  3.254272E+08  6.834162E+08  3.898142E+01  8.449600E-01
    340  5.6839143263514591E-01  0.0000000000000000E+00  0.0000000000000000E+00  4.399647E+09  9.316504E+06  3.205586E+24  8.635998E+17  3.253977E+08  6.829176E+08  3.908089E+01  8.450694E-01
    341  5.6857830346255678E-01  0.0000000000000000E+00  0.0000000000000000E+00  4.392500E+09  9.264791E+06  3.182603E+24  8.641483E+17  3.253834E+08  6.823655E+08  3.920914E+01  8.452000E-01
    342  5.6895204511737851E-01  0.0000000000000000E+00  0.0000000000000000E+00  4.378926E+09  9.168567E+06  3.139567E+24  8.651762E+17  3.253284E+08  6.812916E+08  3.945174E+01  8.454391E-01
    343  5.6969952842702198E-01  0.0000000000000000E+00  0.0000000000000000E+00  4.352523E+09  8.994430E+06  3.059120E+24  8.671373E+17  3.249851E+08  6.790056E+08  3.992298E+01  8.458883E-01
    344  5.7106182860620247E-01  0.0000000000000000E+00  0.0000000000000000E+00  4.307640E+09  8.700435E+06  2.925508E+24  8.703140E+17  3.245092E+08  6.751729E+08  4.070995E+01  8.465682E-01
    345  5.7219614238276162E-01  0.0000000000000000E+00  0.0000000000000000E+00  4.272000E+09  8.473298E+06  2.823024E+24  8.726354E+17  3.241406E+08  6.721042E+08  4.130417E+01  8.470458E-01
    346  5.7396511806884587E-01  0.0000000000000000E+00  0.0000000000000000E+00  4.226668E+09  8.183527E+06  2.695573E+24  8.754376E+17  3.238705E+08  6.683234E+08  4.204409E+01  8.476266E-01
    347  5.7638870637535211E-01  0.0000000000000000E+00  0.0000000000000000E+00  4.188276E+09  7.934623E+06  2.589698E+24  8.775911E+17  3.239192E+08  6.652890E+08  4.262908E+01  8.480636E-01
    348  5.7967347550954207E-01  0.0000000000000000E+00  0.0000000000000000E+00  4.115126E+09  7.524530E+06  2.405240E+24  8.814417E+17  3.227619E+08  6.584664E+08  4.371611E+01  8.487205E-01
    349  5.7997004154699228E-01  0.0000000000000000E+00  0.0000000000000000E+00  4.106609E+09  7.482878E+06  2.385303E+24  8.818595E+17  3.224960E+08  6.575636E+08  4.383771E+01  8.487827E-01
    350  5.8033788306347656E-01  0.0000000000000000E+00  0.0000000000000000E+00  4.096103E+09  7.424919E+06  2.359755E+24  8.823594E+17  3.223534E+08  6.565880E+08  4.398340E+01  8.488607E-01
    351  5.8073723609213179E-01  0.0000000000000000E+00  0.0000000000000000E+00  4.085075E+09  7.356656E+06  2.331873E+24  8.828620E+17  3.224180E+08  6.557221E+08  4.413067E+01  8.489437E-01
    352  5.8153594214944226E-01  0.0000000000000000E+00  0.0000000000000000E+00  4.059052E+09  7.213749E+06  2.269812E+24  8.840306E+17  3.221225E+08  6.533293E+08  4.447700E+01  8.491063E-01
    353  5.8302862034846270E-01  0.0000000000000000E+00  0.0000000000000000E+00  4.006648E+09  6.917679E+06  2.146427E+24  8.862048E+17  3.219670E+08  6.488010E+08  4.513472E+01  8.493975E-01
    354  5.8324517222091965E-01  0.0000000000000000E+00  0.0000000000000000E+00  3.999127E+09  6.876789E+06  2.129310E+24  8.864872E+17  3.219258E+08  6.481323E+08  4.522128E+01  8.494371E-01
    355  5.8350997303866647E-01  0.0000000000000000E+00  0.0000000000000000E+00  3.988340E+09  6.825175E+06  2.106035E+24  8.869081E+17  3.216665E+08  6.470249E+08  4.535139E+01  8.494833E-01
    356  5.8401650656648552E-01  0.0000000000000000E+00  0.0000000000000000E+00  3.968153E+09  6.722698E+06  2.061946E+24  8.876653E+17  3.213807E+08  6.450997E+08  4.558668E+01  8.495719E-01
    357  5.8497491338105001E-01  0.0000000000000000E+00  0.0000000000000000E+00  3.929576E+09  6.529562E+06  1.979661E+24  8.890244E+17  3.208581E+08  6.414143E+08  4.601488E+01  8.497228E-01
    358  5.8512457123603145E-01  0.0000000000000000E+00  0.0000000000000000E+00  3.923635E+09  6.499552E+06  1.967120E+24  8.892255E+17  3.207975E+08  6.408583E+08  4.607879E+01  8.497450E-01
    359  5.8530191077943738E-01  0.0000000000000000E+00  0.0000000000000000E+00  3.916895E+09  6.464757E+06  1.952831E+24  8.894478E+17  3.207565E+08  6.402466E+08  4.614954E+01  8.497708E-01
    360  5.8565658986624936E-01  0.0000000000000000E+00  0.0000000000000000E+00  3.902849E+09  6.393607E+06  1.923462E+24  8.898982E+17  3.206441E+08  6.389476E+08  4.629381E+01  8.498190E-01
    361  5.8632565781052060E-01  0.0000000000000000E+00  0.0000000000000000E+00  3.874224E+09  6.253968E+06  1.865246E+24  8.907848E+17  3.203047E+08  6.362032E+08  4.658024E+01  8.499004E-01
    362  5.8654596999999997E-01  0.0000000000000000E+00  0.0000000000000000E+00  3.865795E+09  6.210382E+06  1.847914E+24  8.910341E+17  3.202978E+08  6.354605E+08  4.666123E+01  8.499260E-01
