                           time                     pos                     vel                    temp                     den                    pres                    ener                    entr                      cs
      1  1.0175522000000001E-04  0.0000000000000000E+00  0.0000000000000000E+00  6.882481E+08  2.126781E+09  1.327946E+27  1.655443E+18  6.058707E+07  9.139048E+08  1.371429E+01  2.022900E-26
      2  1.0175522001017553E-04  0.0000000000000000E+00  0.0000000000000000E+00  6.882481E+08  2.126781E+09  1.327946E+27  1.655443E+18  6.058707E+07  9.139048E+08  1.371429E+01  2.022900E-26
      3  1.0175522003052657E-04  0.0000000000000000E+00  0.0000000000000000E+00  6.882481E+08  2.126781E+09  1.327946E+27  1.655443E+18  6.058707E+07  9.139048E+08  1.371429E+01  2.022901E-26
      4  1.0175522007122866E-04  0.0000000000000000E+00  0.0000000000000000E+00  6.882481E+08  2.126781E+09  1.327946E+27  1.655443E+18  6.058707E+07  9.139048E+08  1.371429E+01  2.022902E-26
      5  1.0175522015263284E-04  0.0000000000000000E+00  0.0000000000000000E+00  6.882481E+08  2.126781E+09  1.327946E+27  1.655443E+18  6.058707E+07  9.139048E+08  1.371429E+01  2.022904E-26
      6  1.0175522031544119E-04  0.0000000000000000E+00  0.0000000000000000E+00  6.882481E+08  2.126781E+09  1.327946E+27  1.655443E+18  6.058707E+07  9.139048E+08  1.371429E+01  2.022908E-26
      7  1.0175522064105789E-04  0.0000000000000000E+00  0.0000000000000000E+00  6.882481E+08  2.126781E+09  1.327946E+27  1.655443E+18  6.058707E+07  9.139048E+08  1.371429E+01  2.022916E-26
      8  1.0175522129229130E-04  0.0000000000000000E+00  0.0000000000000000E+00  6.882481E+08  2.126781E+09  1.327946E+27  1.655443E+18  6.058707E+07  9.139048E+08  1.371429E+01  2.022932E-26
      9  1.0175522259475811E-04  0.0000000000000000E+00  0.0000000000000000E+00  6.882481E+08  2.126781E+09  1.327946E+27  1.655443E+18  6.058707E+07  9.139048E+08  1.371429E+01  2.022964E-26
     10  1.0175522519969174E-04  0.0000000000000000E+00  0.0000000000000000E+00  6.882481E+08  2.126781E+09  1.327946E+27  1.655443E+18  6.058707E+07  9.139048E+08  1.371429E+01  2.023027E-26
     11  1.0175523040955900E-04  0.0000000000000000E+00  0.0000000000000000E+00  6.882481E+08  2.126781E+09  1.327946E+27  1.655443E+18  6.058707E+07  9.139048E+08  1.371429E+01  2.023155E-26
     12  1.0175524082929354E-04  0.0000000000000000E+00  0.0000000000000000E+00  6.882481E+08  2.126781E+09  1.327946E+27  1.655443E+18  6.058707E+07  9.139048E+08  1.371429E+01  2.023411E-26
     13  1.0175526166876259E-04  0.0000000000000000E+00  0.0000000000000000E+00  6.882481E+08  2.126781E+09  1.327946E+27  1.655443E+18  6.058707E+07  9.139048E+08  1.371429E+01  2.023922E-26
     14  1.0175530334770070E-04  0.0000000000000000E+00  0.0000000000000000E+00  6.882481E+08  2.126781E+09  1.327946E+27  1.655443E+18  6.058707E+07  9.139048E+08  1.371429E+01  2.024943E-26
     15  1.0175538670557692E-04  0.0000000000000000E+00  0.0000000000000000E+00  6.882481E+08  2.126781E+09  1.327946E+27  1.655443E+18  6.058707E+07  9.139048E+08  1.371429E+01  2.026987E-26
     16  1.0175555342132937E-04  0.0000000000000000E+00  0.0000000000000000E+00  6.882481E+08  2.126781E+09  1.327946E+27  1.655443E+18  6.058707E+07  9.139048E+08  1.371429E+01  2.031074E-26
     17  1.0175588685283427E-04  0.0000000000000000E+00  0.0000000000000000E+00  6.882481E+08  2.126781E+09  1.327946E+27  1.655443E+18  6.058707E+07  9.139048E+08  1.371429E+01  2.039249E-26
     18  1.0175655371584406E-04  0.0000000000000000E+00  0.0000000000000000E+00  6.882481E+08  2.126781E+09  1.327946E+27  1.655443E+18  6.058707E+07  9.139048E+08  1.371429E+01  2.055605E-26
     19  1.0175788744186364E-04  0.0000000000000000E+00  0.0000000000000000E+00  6.882481E+08  2.126781E+09  1.327946E+27  1.655443E+18  6.058707E+07  9.139048E+08  1.371429E+01  2.088320E-26
     20  1.0176055489390281E-04  0.0000000000000000E+00  0.0000000000000000E+00  6.882481E+08  2.126781E+09  1.327946E+27  1.655443E+18  6.058707E+07  9.139048E+08  1.371429E+01  2.153694E-26
     21  1.0176588979798114E-04  0.0000000000000000E+00  0.0000000000000000E+00  6.882481E+08  2.126781E+09  1.327946E+27  1.655443E+18  6.058707E+07  9.139048E+08  1.371429E+01  2.282486E-26
     22  1.0177655960613782E-04  0.0000000000000000E+00  0.0000000000000000E+00  6.882481E+08  2.126781E+09  1.327946E+27  1.655443E+18  6.058707E+07  9.139048E+08  1.371429E+01  2.526213E-26
     23  1.0179789922245117E-04  0.0000000000000000E+00  0.0000000000000000E+00  6.882481E+08  2.126781E+09  1.327946E+27  1.655443E+18  6.058707E+07  9.139048E+08  1.371429E+01  2.950202E-26
     24  1.0184057845507785E-04  0.0000000000000000E+00  0.0000000000000000E+00  6.882481E+08  2.126781E+09  1.327946E+27  1.655443E+18  6.058707E+07  9.139048E+08  1.371429E+01  3.603667E-26
     25  1.0192593692033123E-04  0.0000000000000000E+00  0.0000000000000000E+00  6.882481E+08  2.126781E+09  1.327946E+27  1.655443E+18  6.058707E+07  9.139048E+08  1.371429E+01  4.498230E-26
     26  1.0209665385083798E-04  0.0000000000000000E+00  0.0000000000000000E+00  6.882481E+08  2.126781E+09  1.327946E+27  1.655443E+18  6.058707E+07  9.139048E+08  1.371429E+01  5.616659E-26
     27  1.0243808771185149E-04  0.0000000000000000E+00  0.0000000000000000E+00  6.882481E+08  2.126781E+09  1.327946E+27  1.655443E+18  6.058707E+07  9.139048E+08  1.371429E+01  6.923236E-26
     28  1.0312095543387850E-04  0.0000000000000000E+00  0.0000000000000000E+00  6.882481E+08  2.126781E+09  1.327946E+27  1.655443E+18  6.058707E+07  9.139048E+08  1.371429E+01  8.381513E-26
     29  1.0448669087793252E-04  0.0000000000000000E+00  0.0000000000000000E+00  6.882481E+08  2.126781E+09  1.327946E+27  1.655443E+18  6.058707E+07  9.139048E+08  1.371429E+01  9.972487E-26
     30  1.0721816176604055E-04  0.0000000000000000E+00  0.0000000000000000E+00  6.882482E+08  2.126781E+09  1.327946E+27  1.655443E+18  6.058707E+07  9.139048E+08  1.371429E+01  1.169570E-25
     31  1.1268110354225661E-04  0.0000000000000000E+00  0.0000000000000000E+00  6.882482E+08  2.126781E+09  1.327946E+27  1.655443E+18  6.058707E+07  9.139048E+08  1.371429E+01  1.355974E-25
     32  1.2360698709468874E-04  0.0000000000000000E+00  0.0000000000000000E+00  6.882484E+08  2.126781E+09  1.327946E+27  1.655443E+18  6.058708E+07  9.139048E+08  1.371429E+01  1.557432E-25
     33  1.4545875419955299E-04  0.0000000000000000E+00  0.0000000000000000E+00  6.882486E+08  2.126781E+09  1.327947E+27  1.655443E+18  6.058708E+07  9.139048E+08  1.371429E+01  1.774626E-25
     34  1.8916228840928150E-04  0.0000000000000000E+00  0.0000000000000000E+00  6.882492E+08  2.126782E+09  1.327947E+27  1.655443E+18  6.058709E+07  9.139049E+08  1.371429E+01  2.007740E-25
     35  2.7656935682873854E-04  0.0000000000000000E+00  0.0000000000000000E+00  6.882503E+08  2.126783E+09  1.327948E+27  1.655443E+18  6.058712E+07  9.139050E+08  1.371429E+01  2.256594E-25
     36  4.5138349366765263E-04  0.0000000000000000E+00  0.0000000000000000E+00  6.882527E+08  2.126786E+09  1.327951E+27  1.655443E+18  6.058716E+07  9.139052E+08  1.371429E+01  2.520175E-25
     37  8.0101176734548069E-04  0.0000000000000000E+00  0.0000000000000000E+00  6.882583E+08  2.126797E+09  1.327960E+27  1.655443E+18  6.058725E+07  9.139060E+08  1.371429E+01  2.796718E-25
     38  1.5002683147011370E-03  0.0000000000000000E+00  0.0000000000000000E+00  6.882719E+08  2.126830E+09  1.327987E+27  1.655443E+18  6.058745E+07  9.139084E+08  1.371429E+01  3.083904E-25
     39  2.8987814094124497E-03  0.0000000000000000E+00  0.0000000000000000E+00  6.882923E+08  2.126858E+09  1.328011E+27  1.655443E+18  6.058784E+07  9.139106E+08  1.371429E+01  3.377388E-25
     40  5.6958075988350742E-03  0.0000000000000000E+00  0.0000000000000000E+00  6.883159E+08  2.126777E+09  1.327944E+27  1.655443E+18  6.058875E+07  9.139050E+08  1.371429E+01  3.666963E-25
     41  1.1289859977680325E-02  0.0000000000000000E+00  0.0000000000000000E+00  6.883182E+08  2.126255E+09  1.327509E+27  1.655443E+18  6.059094E+07  9.138678E+08  1.371429E+01  3.934934E-25
     42  2.1289859754162907E-02  0.0000000000000000E+00  0.0000000000000000E+00  6.874462E+08  2.120261E+09  1.322495E+27  1.655443E+18  6.059397E+07  9.134333E+08  1.371430E+01  4.177150E-25
     43  3.1289859530645489E-02  0.0000000000000000E+00  0.0000000000000000E+00  6.874698E+08  2.119620E+09  1.321961E+27  1.655443E+18  6.059717E+07  9.133877E+08  1.371430E+01  4.443666E-25
     44  4.1289859307128071E-02  0.0000000000000000E+00  0.0000000000000000E+00  6.875772E+08  2.119262E+09  1.321665E+27  1.655444E+18  6.060128E+07  9.133628E+08  1.371430E+01  4.725027E-25
     45  5.1289859083610653E-02  0.0000000000000000E+00  0.0000000000000000E+00  6.876276E+08  2.118477E+09  1.321012E+27  1.655444E+18  6.060574E+07  9.133069E+08  1.371431E+01  5.014330E-25
     46  6.1289858860093235E-02  0.0000000000000000E+00  0.0000000000000000E+00  6.876133E+08  2.117180E+09  1.319931E+27  1.655444E+18  6.061071E+07  9.132140E+08  1.371431E+01  5.307706E-25
     47  7.1289858636575817E-02  0.0000000000000000E+00  0.0000000000000000E+00  6.876896E+08  2.116618E+09  1.319464E+27  1.655444E+18  6.061489E+07  9.131743E+08  1.371432E+01  5.603355E-25
     48  8.1289858413058400E-02  0.0000000000000000E+00  0.0000000000000000E+00  6.878078E+08  2.116474E+09  1.319347E+27  1.655444E+18  6.061838E+07  9.131648E+08  1.371432E+01  5.900287E-25
     49  9.1289858189540982E-02  0.0000000000000000E+00  0.0000000000000000E+00  6.879199E+08  2.116599E+09  1.319453E+27  1.655444E+18  6.062062E+07  9.131746E+08  1.371433E+01  6.197809E-25
     50  1.0128985796602356E-01  0.0000000000000000E+00  0.0000000000000000E+00  6.879666E+08  2.116706E+09  1.319542E+27  1.655444E+18  6.062132E+07  9.131825E+08  1.371433E+01  6.495590E-25
     51  1.1128985774250615E-01  0.0000000000000000E+00  0.0000000000000000E+00  6.875585E+08  2.114798E+09  1.317946E+27  1.655445E+18  6.061908E+07  9.130429E+08  1.371433E+01  6.792977E-25
     52  1.2128985751898873E-01  0.0000000000000000E+00  0.0000000000000000E+00  6.873860E+08  2.115049E+09  1.318152E+27  1.655445E+18  6.061377E+07  9.130597E+08  1.371434E+01  7.090258E-25
     53  1.3128985729547132E-01  0.0000000000000000E+00  0.0000000000000000E+00  6.876903E+08  2.119211E+09  1.321624E+27  1.655445E+18  6.060415E+07  9.133599E+08  1.371434E+01  7.388450E-25
     54  1.4128985707195391E-01  0.0000000000000000E+00  0.0000000000000000E+00  6.870545E+08  2.118523E+09  1.321040E+27  1.655445E+18  6.059125E+07  9.133062E+08  1.371435E+01  7.685593E-25
     55  1.5128985684843649E-01  0.0000000000000000E+00  0.0000000000000000E+00  6.861319E+08  2.117973E+09  1.320565E+27  1.655445E+18  6.057068E+07  9.132602E+08  1.371435E+01  7.981842E-25
     56  1.6128985662491907E-01  0.0000000000000000E+00  0.0000000000000000E+00  6.851043E+08  2.117938E+09  1.320516E+27  1.655445E+18  6.054536E+07  9.132503E+08  1.371436E+01  8.277692E-25
     57  1.7128985640140165E-01  0.0000000000000000E+00  0.0000000000000000E+00  6.838143E+08  2.117847E+09  1.320417E+27  1.655445E+18  6.051373E+07  9.132347E+08  1.371436E+01  8.572905E-25
     58  1.8128985617788423E-01  0.0000000000000000E+00  0.0000000000000000E+00  6.822090E+08  2.117879E+09  1.320414E+27  1.655446E+18  6.047371E+07  9.132255E+08  1.371436E+01  8.867289E-25
     59  1.9128985595436682E-01  0.0000000000000000E+00  0.0000000000000000E+00  6.802214E+08  2.117779E+09  1.320294E+27  1.655446E+18  6.042462E+07  9.132042E+08  1.371437E+01  9.160642E-25
     60  2.0128985573084940E-01  0.0000000000000000E+00  0.0000000000000000E+00  6.778069E+08  2.117838E+09  1.320299E+27  1.655446E+18  6.036409E+07  9.131913E+08  1.371437E+01  9.452688E-25
     61  2.1128985550733198E-01  0.0000000000000000E+00  0.0000000000000000E+00  6.748555E+08  2.117225E+09  1.319734E+27  1.655446E+18  6.029268E+07  9.131264E+08  1.371437E+01  9.743244E-25
     62  2.2128985528381456E-01  0.0000000000000000E+00  0.0000000000000000E+00  6.713539E+08  2.117019E+09  1.319498E+27  1.655446E+18  6.020547E+07  9.130867E+08  1.371438E+01  1.003201E-24
     63  2.3128985506029714E-01  0.0000000000000000E+00  0.0000000000000000E+00  6.671620E+08  2.116340E+09  1.318855E+27  1.655446E+18  6.010234E+07  9.130083E+08  1.371438E+01  1.031874E-24
     64  2.4128985483677973E-01  0.0000000000000000E+00  0.0000000000000000E+00  6.621222E+08  2.115640E+09  1.318179E+27  1.655446E+18  5.997714E+07  9.129222E+08  1.371438E+01  1.060291E-24
     65  2.5128985461326231E-01  0.0000000000000000E+00  0.0000000000000000E+00  6.561372E+08  2.115134E+09  1.317649E+27  1.655446E+18  5.982607E+07  9.128435E+08  1.371438E+01  1.088411E-24
     66  2.6128985438974489E-01  0.0000000000000000E+00  0.0000000000000000E+00  6.490311E+08  2.114262E+09  1.316792E+27  1.655446E+18  5.964628E+07  9.127305E+08  1.371438E+01  1.116193E-24
     67  2.7128985416622747E-01  0.0000000000000000E+00  0.0000000000000000E+00  6.407596E+08  2.113442E+09  1.315959E+27  1.655446E+18  5.943407E+07  9.126130E+08  1.371438E+01  1.143580E-24
     68  2.8128985394271006E-01  0.0000000000000000E+00  0.0000000000000000E+00  6.408655E+08  2.111848E+09  1.314635E+27  1.655446E+18  5.944336E+07  9.124993E+08  1.371438E+01  1.171234E-24
     69  2.9128985371919264E-01  0.0000000000000000E+00  0.0000000000000000E+00  6.454043E+08  2.110181E+09  1.313331E+27  1.655446E+18  5.956875E+07  9.124118E+08  1.371439E+01  1.200276E-24
     70  3.0128985349567522E-01  0.0000000000000000E+00  0.0000000000000000E+00  6.499342E+08  2.108228E+09  1.311790E+27  1.655446E+18  5.969439E+07  9.123036E+08  1.371439E+01  1.229431E-24
     71  3.1128985327215780E-01  0.0000000000000000E+00  0.0000000000000000E+00  6.541138E+08  2.104955E+09  1.309145E+27  1.655446E+18  5.981579E+07  9.120978E+08  1.371439E+01  1.258656E-24
     72  3.2128985304864038E-01  0.0000000000000000E+00  0.0000000000000000E+00  6.584291E+08  2.102352E+09  1.307061E+27  1.655446E+18  5.993736E+07  9.119410E+08  1.371439E+01  1.287980E-24
     73  3.3128985282512297E-01  0.0000000000000000E+00  0.0000000000000000E+00  6.626774E+08  2.100372E+09  1.305494E+27  1.655447E+18  6.005407E+07  9.118285E+08  1.371439E+01  1.317444E-24
     74  3.4128985260160555E-01  0.0000000000000000E+00  0.0000000000000000E+00  6.663482E+08  2.096283E+09  1.302166E+27  1.655447E+18  6.016431E+07  9.115596E+08  1.371439E+01  1.346982E-24
     75  3.5128985237808813E-01  0.0000000000000000E+00  0.0000000000000000E+00  6.695868E+08  2.092064E+09  1.298724E+27  1.655447E+18  6.026380E+07  9.112777E+08  1.371440E+01  1.376490E-24
     76  3.6128985215457071E-01  0.0000000000000000E+00  0.0000000000000000E+00  6.735928E+08  2.093810E+09  1.300244E+27  1.655447E+18  6.035754E+07  9.114325E+08  1.371440E+01  1.406244E-24
     77  3.7128985193105329E-01  0.0000000000000000E+00  0.0000000000000000E+00  6.797831E+08  2.090240E+09  1.297396E+27  1.655447E+18  6.052745E+07  9.112184E+08  1.371440E+01  1.436319E-24
     78  3.8128985170753588E-01  0.0000000000000000E+00  0.0000000000000000E+00  6.813173E+08  2.079306E+09  1.288363E+27  1.655447E+18  6.061135E+07  9.104360E+08  1.371440E+01  1.466172E-24
     79  3.9128985148401846E-01  0.0000000000000000E+00  0.0000000000000000E+00  6.842269E+08  2.079154E+09  1.288290E+27  1.655447E+18  6.068435E+07  9.104458E+08  1.371441E+01  1.495922E-24
     80  4.0128985126050104E-01  0.0000000000000000E+00  0.0000000000000000E+00  6.904744E+08  2.080368E+09  1.289409E+27  1.655447E+18  6.083382E+07  9.105788E+08  1.371441E+01  1.526499E-24
     81  4.1128985103698362E-01  0.0000000000000000E+00  0.0000000000000000E+00  6.956762E+08  2.069378E+09  1.280410E+27  1.655447E+18  6.100785E+07  9.098156E+08  1.371442E+01  1.557148E-24
     82  4.2128985081346620E-01  0.0000000000000000E+00  0.0000000000000000E+00  7.144999E+08  2.056958E+09  1.270491E+27  1.655448E+18  6.151685E+07  9.090420E+08  1.371442E+01  1.670224E-24
     83  4.3128985058994879E-01  0.0000000000000000E+00  0.0000000000000000E+00  7.427916E+08  2.056024E+09  1.270231E+27  1.655448E+18  6.218892E+07  9.091772E+08  1.371444E+01  1.788361E-24
     84  4.4128985036643137E-01  0.0000000000000000E+00  0.0000000000000000E+00  7.763336E+08  2.057870E+09  1.272365E+27  1.655450E+18  6.294718E+07  9.095551E+08  1.371448E+01  1.909045E-24
     85  4.4128985136643134E-01  0.0000000000000000E+00  0.0000000000000000E+00  7.763336E+08  2.057870E+09  1.272365E+27  1.655450E+18  6.294718E+07  9.095551E+08  1.371448E+01  1.909455E-24
     86  4.4128985336643128E-01  0.0000000000000000E+00  0.0000000000000000E+00  7.763336E+08  2.057870E+09  1.272365E+27  1.655450E+18  6.294718E+07  9.095551E+08  1.371448E+01  1.910274E-24
     87  4.4128985736643117E-01  0.0000000000000000E+00  0.0000000000000000E+00  7.763336E+08  2.057870E+09  1.272365E+27  1.655450E+18  6.294718E+07  9.095551E+08  1.371448E+01  1.911875E-24
     88  4.4128986536643100E-01  0.0000000000000000E+00  0.0000000000000000E+00  7.763336E+08  2.057870E+09  1.272365E+27  1.655450E+18  6.294718E+07  9.095551E+08  1.371448E+01  1.914861E-24
     89  4.4128988136643066E-01  0.0000000000000000E+00  0.0000000000000000E+00  7.763337E+08  2.057870E+09  1.272365E+27  1.655450E+18  6.294719E+07  9.095551E+08  1.371448E+01  1.919919E-24
     90  4.4128991336642992E-01  0.0000000000000000E+00  0.0000000000000000E+00  7.763338E+08  2.057870E+09  1.272365E+27  1.655450E+18  6.294719E+07  9.095551E+08  1.371448E+01  1.927490E-24
     91  4.4128997736642850E-01  0.0000000000000000E+00  0.0000000000000000E+00  7.763340E+08  2.057870E+09  1.272365E+27  1.655450E+18  6.294719E+07  9.095551E+08  1.371448E+01  1.937606E-24
     92  4.4129010536642566E-01  0.0000000000000000E+00  0.0000000000000000E+00  7.763345E+08  2.057870E+09  1.272365E+27  1.655450E+18  6.294720E+07  9.095551E+08  1.371448E+01  1.950001E-24
     93  4.4129036136641991E-01  0.0000000000000000E+00  0.0000000000000000E+00  7.763354E+08  2.057870E+09  1.272365E+27  1.655450E+18  6.294723E+07  9.095551E+08  1.371448E+01  1.964317E-24
     94  4.4129087336640849E-01  0.0000000000000000E+00  0.0000000000000000E+00  7.763373E+08  2.057870E+09  1.272365E+27  1.655450E+18  6.294727E+07  9.095551E+08  1.371448E+01  1.980325E-24
     95  4.4129189736638558E-01  0.0000000000000000E+00  0.0000000000000000E+00  7.763410E+08  2.057870E+09  1.272365E+27  1.655450E+18  6.294735E+07  9.095552E+08  1.371448E+01  1.997964E-24
     96  4.4129394536633981E-01  0.0000000000000000E+00  0.0000000000000000E+00  7.763484E+08  2.057870E+09  1.272365E+27  1.655450E+18  6.294752E+07  9.095552E+08  1.371448E+01  2.017274E-24
     97  4.4129804136624828E-01  0.0000000000000000E+00  0.0000000000000000E+00  7.763633E+08  2.057870E+09  1.272365E+27  1.655450E+18  6.294785E+07  9.095553E+08  1.371448E+01  2.038312E-24
     98  4.4130623336606517E-01  0.0000000000000000E+00  0.0000000000000000E+00  7.763930E+08  2.057869E+09  1.272364E+27  1.655450E+18  6.294852E+07  9.095554E+08  1.371448E+01  2.061117E-24
     99  4.4132261736569894E-01  0.0000000000000000E+00  0.0000000000000000E+00  7.764525E+08  2.057867E+09  1.272364E+27  1.655450E+18  6.294987E+07  9.095558E+08  1.371448E+01  2.085664E-24
    100  4.4135538536496655E-01  0.0000000000000000E+00  0.0000000000000000E+00  7.765715E+08  2.057865E+09  1.272364E+27  1.655450E+18  6.295255E+07  9.095564E+08  1.371448E+01  2.111854E-24
    101  4.4142092136350169E-01  0.0000000000000000E+00  0.0000000000000000E+00  7.768094E+08  2.057859E+09  1.272364E+27  1.655450E+18  6.295791E+07  9.095577E+08  1.371448E+01  2.139516E-24
    102  4.4155199336057199E-01  0.0000000000000000E+00  0.0000000000000000E+00  7.772759E+08  2.057832E+09  1.272350E+27  1.655450E+18  6.296849E+07  9.095592E+08  1.371448E+01  2.168469E-24
    103  4.4181413735471264E-01  0.0000000000000000E+00  0.0000000000000000E+00  7.782083E+08  2.057778E+09  1.272323E+27  1.655450E+18  6.298962E+07  9.095620E+08  1.371448E+01  2.198536E-24
    104  4.4233842534299389E-01  0.0000000000000000E+00  0.0000000000000000E+00  7.800699E+08  2.057654E+09  1.272254E+27  1.655450E+18  6.303183E+07  9.095663E+08  1.371449E+01  2.229505E-24
    105  4.4338700131955638E-01  0.0000000000000000E+00  0.0000000000000000E+00  8.119532E+08  2.060282E+09  1.275009E+27  1.655450E+18  6.372251E+07  9.099905E+08  1.371449E+01  2.336417E-24
    106  4.4338701492374261E-01  0.0000000000000000E+00  0.0000000000000000E+00  8.119547E+08  2.060282E+09  1.275009E+27  1.655450E+18  6.372254E+07  9.099905E+08  1.371449E+01  2.343184E-24
    107  4.4338704213211505E-01  0.0000000000000000E+00  0.0000000000000000E+00  8.119577E+08  2.060283E+09  1.275010E+27  1.655450E+18  6.372261E+07  9.099905E+08  1.371449E+01  2.350985E-24
    108  4.4338709654885999E-01  0.0000000000000000E+00  0.0000000000000000E+00  8.119639E+08  2.060283E+09  1.275010E+27  1.655450E+18  6.372274E+07  9.099906E+08  1.371449E+01  2.361390E-24
    109  4.4338720538234988E-01  0.0000000000000000E+00  0.0000000000000000E+00  8.119761E+08  2.060285E+09  1.275011E+27  1.655450E+18  6.372300E+07  9.099908E+08  1.371449E+01  2.374131E-24
    110  4.4338742304932960E-01  0.0000000000000000E+00  0.0000000000000000E+00  8.120006E+08  2.060287E+09  1.275014E+27  1.655450E+18  6.372352E+07  9.099912E+08  1.371449E+01  2.388871E-24
    111  4.4338785838328909E-01  0.0000000000000000E+00  0.0000000000000000E+00  8.120495E+08  2.060292E+09  1.275019E+27  1.655450E+18  6.372456E+07  9.099919E+08  1.371449E+01  2.405415E-24
    112  4.4338872905120807E-01  0.0000000000000000E+00  0.0000000000000000E+00  8.121474E+08  2.060302E+09  1.275029E+27  1.655450E+18  6.372663E+07  9.099933E+08  1.371449E+01  2.423721E-24
    113  4.4339047038704599E-01  0.0000000000000000E+00  0.0000000000000000E+00  8.123432E+08  2.060322E+09  1.275049E+27  1.655450E+18  6.373079E+07  9.099962E+08  1.371449E+01  2.443830E-24
    114  4.4339395305872181E-01  0.0000000000000000E+00  0.0000000000000000E+00  8.127347E+08  2.060363E+09  1.275090E+27  1.655450E+18  6.373910E+07  9.100020E+08  1.371449E+01  2.465793E-24
    115  4.4340091840207346E-01  0.0000000000000000E+00  0.0000000000000000E+00  8.135178E+08  2.060443E+09  1.275171E+27  1.655450E+18  6.375571E+07  9.100136E+08  1.371449E+01  2.489632E-24
    116  4.4341484908877676E-01  0.0000000000000000E+00  0.0000000000000000E+00  8.150840E+08  2.060605E+09  1.275333E+27  1.655450E+18  6.378889E+07  9.100368E+08  1.371450E+01  2.515334E-24
    117  4.4344271046218342E-01  0.0000000000000000E+00  0.0000000000000000E+00  8.182164E+08  2.060927E+09  1.275657E+27  1.655450E+18  6.385510E+07  9.100833E+08  1.371450E+01  2.542855E-24
    118  4.4349843320899673E-01  0.0000000000000000E+00  0.0000000000000000E+00  8.244812E+08  2.061573E+09  1.276306E+27  1.655450E+18  6.398692E+07  9.101761E+08  1.371450E+01  2.572219E-24
    119  4.4360987870262331E-01  0.0000000000000000E+00  0.0000000000000000E+00  8.370107E+08  2.062863E+09  1.277605E+27  1.655450E+18  6.424821E+07  9.103619E+08  1.371450E+01  2.603734E-24
    120  4.4383276968987645E-01  0.0000000000000000E+00  0.0000000000000000E+00  8.620698E+08  2.065444E+09  1.280204E+27  1.655451E+18  6.476169E+07  9.107337E+08  1.371451E+01  2.715659E-24
    121  4.4383276973445462E-01  0.0000000000000000E+00  0.0000000000000000E+00  8.620699E+08  2.065444E+09  1.280204E+27  1.655451E+18  6.476169E+07  9.107337E+08  1.371451E+01  2.715688E-24
    122  4.4383276982361103E-01  0.0000000000000000E+00  0.0000000000000000E+00  8.620699E+08  2.065444E+09  1.280204E+27  1.655451E+18  6.476169E+07  9.107337E+08  1.371451E+01  2.715745E-24
    123  4.4383277000192384E-01  0.0000000000000000E+00  0.0000000000000000E+00  8.620699E+08  2.065444E+09  1.280204E+27  1.655451E+18  6.476169E+07  9.107337E+08  1.371451E+01  2.715861E-24
    124  4.4383277035854940E-01  0.0000000000000000E+00  0.0000000000000000E+00  8.620699E+08  2.065444E+09  1.280204E+27  1.655451E+18  6.476170E+07  9.107337E+08  1.371451E+01  2.716092E-24
    125  4.4383277107180058E-01  0.0000000000000000E+00  0.0000000000000000E+00  8.620700E+08  2.065444E+09  1.280204E+27  1.655451E+18  6.476170E+07  9.107337E+08  1.371451E+01  2.716554E-24
    126  4.4383277249830289E-01  0.0000000000000000E+00  0.0000000000000000E+00  8.620702E+08  2.065444E+09  1.280204E+27  1.655451E+18  6.476170E+07  9.107337E+08  1.371451E+01  2.717476E-24
    127  4.4383277535130750E-01  0.0000000000000000E+00  0.0000000000000000E+00  8.620705E+08  2.065444E+09  1.280204E+27  1.655451E+18  6.476171E+07  9.107337E+08  1.371451E+01  2.719274E-24
    128  4.4383278105731677E-01  0.0000000000000000E+00  0.0000000000000000E+00  8.620711E+08  2.065444E+09  1.280204E+27  1.655451E+18  6.476172E+07  9.107337E+08  1.371451E+01  2.722607E-24
    129  4.4383279246933532E-01  0.0000000000000000E+00  0.0000000000000000E+00  8.620724E+08  2.065445E+09  1.280205E+27  1.655451E+18  6.476175E+07  9.107337E+08  1.371451E+01  2.728201E-24
    130  4.4383281529337243E-01  0.0000000000000000E+00  0.0000000000000000E+00  8.620750E+08  2.065445E+09  1.280205E+27  1.655451E+18  6.476180E+07  9.107338E+08  1.371451E+01  2.736490E-24
    131  4.4383286094144664E-01  0.0000000000000000E+00  0.0000000000000000E+00  8.620801E+08  2.065445E+09  1.280205E+27  1.655451E+18  6.476190E+07  9.107339E+08  1.371451E+01  2.747471E-24
    132  4.4383295223759500E-01  0.0000000000000000E+00  0.0000000000000000E+00  8.620904E+08  2.065446E+09  1.280206E+27  1.655451E+18  6.476211E+07  9.107340E+08  1.371451E+01  2.760863E-24
    133  4.4383313482989178E-01  0.0000000000000000E+00  0.0000000000000000E+00  8.621109E+08  2.065449E+09  1.280209E+27  1.655451E+18  6.476253E+07  9.107343E+08  1.371451E+01  2.776368E-24
    134  4.4383350001448529E-01  0.0000000000000000E+00  0.0000000000000000E+00  8.621520E+08  2.065453E+09  1.280213E+27  1.655451E+18  6.476336E+07  9.107349E+08  1.371451E+01  2.793839E-24
    135  4.4383423038367231E-01  0.0000000000000000E+00  0.0000000000000000E+00  8.622341E+08  2.065461E+09  1.280221E+27  1.655451E+18  6.476502E+07  9.107361E+08  1.371451E+01  2.813245E-24
    136  4.4383569112204635E-01  0.0000000000000000E+00  0.0000000000000000E+00  8.623983E+08  2.065478E+09  1.280238E+27  1.655451E+18  6.476835E+07  9.107386E+08  1.371451E+01  2.834605E-24
    137  4.4383861259879448E-01  0.0000000000000000E+00  0.0000000000000000E+00  8.627268E+08  2.065512E+09  1.280272E+27  1.655451E+18  6.477500E+07  9.107435E+08  1.371451E+01  2.857933E-24
    138  4.4384445555229074E-01  0.0000000000000000E+00  0.0000000000000000E+00  8.633837E+08  2.065580E+09  1.280341E+27  1.655451E+18  6.478829E+07  9.107532E+08  1.371451E+01  2.883191E-24
    139  4.4385614145928326E-01  0.0000000000000000E+00  0.0000000000000000E+00  8.646975E+08  2.065715E+09  1.280477E+27  1.655451E+18  6.481486E+07  9.107727E+08  1.371451E+01  2.910270E-24
    140  4.4387951327326824E-01  0.0000000000000000E+00  0.0000000000000000E+00  8.673251E+08  2.065986E+09  1.280750E+27  1.655451E+18  6.486790E+07  9.108117E+08  1.371452E+01  2.939056E-24
    141  4.4392625690123821E-01  0.0000000000000000E+00  0.0000000000000000E+00  8.725804E+08  2.066527E+09  1.281296E+27  1.655451E+18  6.497360E+07  9.108897E+08  1.371452E+01  2.969554E-24
    142  4.4392866033025891E-01  0.0000000000000000E+00  0.0000000000000000E+00  8.728506E+08  2.066555E+09  1.281324E+27  1.655451E+18  6.497902E+07  9.108938E+08  1.371452E+01  2.992695E-24
    143  4.4393346718830029E-01  0.0000000000000000E+00  0.0000000000000000E+00  8.733910E+08  2.066610E+09  1.281380E+27  1.655451E+18  6.498986E+07  9.109018E+08  1.371452E+01  3.017796E-24
    144  4.4394308090438300E-01  0.0000000000000000E+00  0.0000000000000000E+00  8.744719E+08  2.066722E+09  1.281492E+27  1.655451E+18  6.501152E+07  9.109178E+08  1.371452E+01  3.044737E-24
    145  4.4396230833654848E-01  0.0000000000000000E+00  0.0000000000000000E+00  8.766336E+08  2.066944E+09  1.281717E+27  1.655451E+18  6.505478E+07  9.109499E+08  1.371452E+01  3.073384E-24
    146  4.4396615382298160E-01  0.0000000000000000E+00  0.0000000000000000E+00  8.770659E+08  2.066989E+09  1.281762E+27  1.655451E+18  6.506343E+07  9.109564E+08  1.371452E+01  3.098000E-24
    147  4.4397384479584778E-01  0.0000000000000000E+00  0.0000000000000000E+00  8.779306E+08  2.067078E+09  1.281852E+27  1.655451E+18  6.508070E+07  9.109692E+08  1.371452E+01  3.124500E-24
    148  4.4398922674158015E-01  0.0000000000000000E+00  0.0000000000000000E+00  9.422979E+08  2.067655E+09  1.283538E+27  1.655451E+18  6.635849E+07  9.114860E+08  1.371453E+01  3.217680E-24
    149  4.4399230313072663E-01  0.0000000000000000E+00  0.0000000000000000E+00  9.673908E+08  2.067848E+09  1.284174E+27  1.655451E+18  6.683941E+07  9.116864E+08  1.371453E+01  3.302156E-24
    150  4.4399845590901960E-01  0.0000000000000000E+00  0.0000000000000000E+00  1.017577E+09  2.068234E+09  1.285452E+27  1.655452E+18  6.777493E+07  9.120891E+08  1.371454E+01  3.404382E-24
    151  4.4401076146560547E-01  0.0000000000000000E+00  0.0000000000000000E+00  1.117948E+09  2.069006E+09  1.288037E+27  1.655455E+18  6.955266E+07  9.129031E+08  1.371464E+01  3.536985E-24
    152  4.4401322257692266E-01  0.0000000000000000E+00  0.0000000000000000E+00  1.138022E+09  2.069160E+09  1.288559E+27  1.655458E+18  6.989481E+07  9.130673E+08  1.371470E+01  3.637525E-24
    153  4.4401814479955704E-01  0.0000000000000000E+00  0.0000000000000000E+00  1.178171E+09  2.069469E+09  1.289608E+27  1.655465E+18  7.056685E+07  9.133969E+08  1.371491E+01  3.751188E-24
    154  4.4401912924408393E-01  0.0000000000000000E+00  0.0000000000000000E+00  1.186201E+09  2.069531E+09  1.289818E+27  1.655467E+18  7.069934E+07  9.134630E+08  1.371497E+01  3.845056E-24
    155  4.4402109813313767E-01  0.0000000000000000E+00  0.0000000000000000E+00  1.202260E+09  2.069654E+09  1.290240E+27  1.655473E+18  7.096246E+07  9.135955E+08  1.371512E+01  3.948341E-24
    156  4.4402503591124515E-01  0.0000000000000000E+00  0.0000000000000000E+00  1.234379E+09  2.069902E+09  1.291086E+27  1.655490E+18  7.148128E+07  9.138613E+08  1.371559E+01  4.061818E-24
    157  4.4402582346686664E-01  0.0000000000000000E+00  0.0000000000000000E+00  1.240803E+09  2.069951E+09  1.291256E+27  1.655494E+18  7.158385E+07  9.139146E+08  1.371571E+01  4.157818E-24
    158  4.4402739857810963E-01  0.0000000000000000E+00  0.0000000000000000E+00  1.253651E+09  2.070050E+09  1.291595E+27  1.655506E+18  7.178781E+07  9.140212E+08  1.371601E+01  4.262131E-24
    159  4.4403054880059561E-01  0.0000000000000000E+00  0.0000000000000000E+00  1.279346E+09  2.070247E+09  1.292276E+27  1.655537E+18  7.219086E+07  9.142349E+08  1.371683E+01  4.374078E-24
    160  4.4403117884509280E-01  0.0000000000000000E+00  0.0000000000000000E+00  1.284485E+09  2.070287E+09  1.292413E+27  1.655545E+18  7.227068E+07  9.142777E+08  1.371704E+01  4.470875E-24
    161  4.4403243893408717E-01  0.0000000000000000E+00  0.0000000000000000E+00  1.294763E+09  2.070366E+09  1.292686E+27  1.655563E+18  7.242949E+07  9.143634E+08  1.371751E+01  4.575036E-24
    162  4.4403495911207597E-01  0.0000000000000000E+00  0.0000000000000000E+00  1.315319E+09  2.070524E+09  1.293233E+27  1.655611E+18  7.274372E+07  9.145348E+08  1.371871E+01  4.684681E-24
    163  4.4403546314767373E-01  0.0000000000000000E+00  0.0000000000000000E+00  1.319430E+09  2.070556E+09  1.293342E+27  1.655622E+18  7.280599E+07  9.145691E+08  1.371900E+01  4.781364E-24
    164  4.4403647121886924E-01  0.0000000000000000E+00  0.0000000000000000E+00  1.327653E+09  2.070619E+09  1.293561E+27  1.655648E+18  7.292996E+07  9.146377E+08  1.371964E+01  4.884678E-24
    165  4.4403848736126028E-01  0.0000000000000000E+00  0.0000000000000000E+00  1.344097E+09  2.070746E+09  1.293999E+27  1.655712E+18  7.317542E+07  9.147749E+08  1.372118E+01  4.991789E-24
    166  4.4404251964604236E-01  0.0000000000000000E+00  0.0000000000000000E+00  1.376987E+09  2.070999E+09  1.294876E+27  1.655908E+18  7.365530E+07  9.150491E+08  1.372563E+01  5.093636E-24
    167  4.4404332610299879E-01  0.0000000000000000E+00  0.0000000000000000E+00  1.383565E+09  2.071049E+09  1.295051E+27  1.655962E+18  7.374929E+07  9.151038E+08  1.372681E+01  5.195330E-24
    168  4.4404493017189500E-01  0.0000000000000000E+00  0.0000000000000000E+00  1.396649E+09  2.071150E+09  1.295399E+27  1.656092E+18  7.393401E+07  9.152124E+08  1.372950E+01  5.296244E-24
    169  4.4404813830968742E-01  0.0000000000000000E+00  0.0000000000000000E+00  1.422816E+09  2.071351E+09  1.296093E+27  1.656462E+18  7.429335E+07  9.154286E+08  1.373663E+01  5.380326E-24
    170  4.4405455458527221E-01  0.0000000000000000E+00  0.0000000000000000E+00  1.475151E+09  2.071754E+09  1.297463E+27  1.657874E+18  7.495879E+07  9.158534E+08  1.376124E+01  5.577057E-24
    171  4.4405583784038916E-01  0.0000000000000000E+00  0.0000000000000000E+00  1.485618E+09  2.071834E+09  1.297732E+27  1.658303E+18  7.508068E+07  9.159364E+08  1.376853E+01  5.821909E-24
    172  4.4405609449141253E-01  0.0000000000000000E+00  0.0000000000000000E+00  1.487712E+09  2.071850E+09  1.297786E+27  1.658396E+18  7.510451E+07  9.159528E+08  1.377010E+01  5.920508E-24
    173  4.4405660779345929E-01  0.0000000000000000E+00  0.0000000000000000E+00  1.491899E+09  2.071883E+09  1.297893E+27  1.658589E+18  7.515160E+07  9.159857E+08  1.377339E+01  5.946692E-24
    174  4.4405763439755286E-01  0.0000000000000000E+00  0.0000000000000000E+00  1.500272E+09  2.071947E+09  1.298106E+27  1.659007E+18  7.524336E+07  9.160510E+08  1.378050E+01  6.193465E-24
    175  4.4405968760573999E-01  0.0000000000000000E+00  0.0000000000000000E+00  1.517019E+09  2.072076E+09  1.298526E+27  1.659983E+18  7.541627E+07  9.161793E+08  1.379713E+01  6.446901E-24
    176  4.4406379402211427E-01  0.0000000000000000E+00  0.0000000000000000E+00  1.550514E+09  2.072334E+09  1.299338E+27  1.662624E+18  7.571101E+07  9.164250E+08  1.384233E+01  6.704532E-24
    177  4.4406461530538910E-01  0.0000000000000000E+00  0.0000000000000000E+00  1.557213E+09  2.072385E+09  1.299495E+27  1.663284E+18  7.576028E+07  9.164719E+08  1.385368E+01  6.962713E-24
    178  4.4406625787193882E-01  0.0000000000000000E+00  0.0000000000000000E+00  1.570611E+09  2.072488E+09  1.299803E+27  1.664760E+18  7.584757E+07  9.165631E+08  1.387912E+01  7.071338E-24
    179  4.4406954300503826E-01  0.0000000000000000E+00  0.0000000000000000E+00  1.597406E+09  2.072694E+09  1.300387E+27  1.668417E+18  7.597127E+07  9.167334E+08  1.394256E+01  7.174063E-24
    180  4.4407020003165815E-01  0.0000000000000000E+00  0.0000000000000000E+00  1.602765E+09  2.072736E+09  1.300498E+27  1.669275E+18  7.598692E+07  9.167652E+08  1.395752E+01  7.289337E-24
    181  4.4407129143590962E-01  0.0000000000000000E+00  0.0000000000000000E+00  1.611667E+09  2.072804E+09  1.300678E+27  1.670803E+18  7.600559E+07  9.168162E+08  1.398423E+01  7.407321E-24
    182  4.4407347424441257E-01  0.0000000000000000E+00  0.0000000000000000E+00  1.629472E+09  2.072941E+09  1.301020E+27  1.674268E+18  7.601374E+07  9.169109E+08  1.404515E+01  7.526189E-24
    183  4.4407783986141847E-01  0.0000000000000000E+00  0.0000000000000000E+00  1.665080E+09  2.073215E+09  1.301619E+27  1.682999E+18  7.590149E+07  9.170671E+08  1.420077E+01  7.840478E-24
    184  4.4407871298481966E-01  0.0000000000000000E+00  0.0000000000000000E+00  1.672202E+09  2.073270E+09  1.301724E+27  1.685053E+18  7.585708E+07  9.170926E+08  1.423782E+01  8.126799E-24
    185  4.4407995765709724E-01  0.0000000000000000E+00  0.0000000000000000E+00  1.682354E+09  2.073348E+09  1.301865E+27  1.688162E+18  7.578074E+07  9.171254E+08  1.429423E+01  8.259654E-24
    186  4.4408244700165239E-01  0.0000000000000000E+00  0.0000000000000000E+00  1.702659E+09  2.073504E+09  1.302114E+27  1.695013E+18  7.558226E+07  9.171784E+08  1.442003E+01  8.461507E-24
    187  4.4408742569076270E-01  0.0000000000000000E+00  0.0000000000000000E+00  1.743268E+09  2.073816E+09  1.302490E+27  1.711081E+18  7.501371E+07  9.172361E+08  1.472274E+01  1.304400E-23
    188  4.4408831940929716E-01  0.0000000000000000E+00  0.0000000000000000E+00  1.750558E+09  2.073873E+09  1.302542E+27  1.714256E+18  7.489045E+07  9.172403E+08  1.478382E+01  1.725997E-23
    189  4.4408977357275892E-01  0.0000000000000000E+00  0.0000000000000000E+00  1.762419E+09  2.073964E+09  1.302617E+27  1.719575E+18  7.467858E+07  9.172436E+08  1.488707E+01  3.102333E-23
    190  4.4409268189968243E-01  0.0000000000000000E+00  0.0000000000000000E+00  1.786141E+09  2.074146E+09  1.302740E+27  1.730669E+18  7.422116E+07  9.172395E+08  1.510611E+01  1.629530E-22
    191  4.4409824985401536E-01  0.0000000000000000E+00  0.0000000000000000E+00  1.831557E+09  2.074496E+09  1.302914E+27  1.752731E+18  7.328371E+07  9.172082E+08  1.555593E+01  4.997718E-21
    192  4.4409909244933482E-01  0.0000000000000000E+00  0.0000000000000000E+00  1.838429E+09  2.074549E+09  1.302938E+27  1.756069E+18  7.314164E+07  9.172027E+08  1.562559E+01  8.158155E-21
    193  4.4410058577750305E-01  0.0000000000000000E+00  0.0000000000000000E+00  1.850610E+09  2.074642E+09  1.302982E+27  1.761937E+18  7.289323E+07  9.171933E+08  1.574900E+01  1.890310E-20
    194  4.4410357243383952E-01  0.0000000000000000E+00  0.0000000000000000E+00  1.874971E+09  2.074830E+09  1.303081E+27  1.773377E+18  7.241707E+07  9.171786E+08  1.599307E+01  9.139250E-20
    195  4.4410954574651246E-01  0.0000000000000000E+00  0.0000000000000000E+00  1.923693E+09  2.075205E+09  1.303359E+27  1.794364E+18  7.159518E+07  9.171804E+08  1.645249E+01  1.345578E-18
    196  4.4411038030712641E-01  0.0000000000000000E+00  0.0000000000000000E+00  1.930500E+09  2.075257E+09  1.303410E+27  1.797041E+18  7.149763E+07  9.171851E+08  1.651218E+01  1.866442E-18
    197  4.4411141100889523E-01  0.0000000000000000E+00  0.0000000000000000E+00  1.938907E+09  2.075322E+09  1.303476E+27  1.800250E+18  7.138360E+07  9.171927E+08  1.658407E+01  2.764506E-18
    198  4.4411347241243287E-01  0.0000000000000000E+00  0.0000000000000000E+00  1.955721E+09  2.075451E+09  1.303626E+27  1.806335E+18  7.117755E+07  9.172139E+08  1.672140E+01  5.787996E-18
    199  4.4411759521950822E-01  0.0000000000000000E+00  0.0000000000000000E+00  1.989349E+09  2.075710E+09  1.303991E+27  1.817136E+18  7.085513E+07  9.172816E+08  1.696843E+01  2.125754E-17
    200  4.4411826464654691E-01  0.0000000000000000E+00  0.0000000000000000E+00  1.994809E+09  2.075752E+09  1.304059E+27  1.818717E+18  7.081402E+07  9.172959E+08  1.700494E+01  2.570183E-17
    201  4.4411943534368720E-01  0.0000000000000000E+00  0.0000000000000000E+00  2.004358E+09  2.075825E+09  1.304183E+27  1.821363E+18  7.074950E+07  9.173229E+08  1.706634E+01  3.545595E-17
    202  4.4412135014890780E-01  0.0000000000000000E+00  0.0000000000000000E+00  2.019977E+09  2.075945E+09  1.304402E+27  1.825389E+18  7.066374E+07  9.173731E+08  1.716013E+01  5.799413E-17
    203  4.4412517975934901E-01  0.0000000000000000E+00  0.0000000000000000E+00  2.051213E+09  2.076186E+09  1.304894E+27  1.832354E+18  7.056167E+07  9.174944E+08  1.732376E+01  1.362755E-16
    204  4.4413271896324968E-01  0.0000000000000000E+00  0.0000000000000000E+00  2.112708E+09  2.076659E+09  1.306054E+27  1.842399E+18  7.059191E+07  9.178056E+08  1.756289E+01  4.780354E-16
    205  4.4414007169180370E-01  0.0000000000000000E+00  0.0000000000000000E+00  2.172681E+09  2.077120E+09  1.307376E+27  1.848656E+18  7.084143E+07  9.181815E+08  1.771358E+01  1.064230E-15
    206  4.4414714904781638E-01  0.0000000000000000E+00  0.0000000000000000E+00  2.230408E+09  2.077564E+09  1.308775E+27  1.852493E+18  7.121502E+07  9.185906E+08  1.780641E+01  1.753265E-15
    207  4.4415735740722995E-01  0.0000000000000000E+00  0.0000000000000000E+00  2.313674E+09  2.078205E+09  1.310936E+27  1.855781E+18  7.188708E+07  9.192335E+08  1.788568E+01  2.712367E-15
    208  4.4416673573795795E-01  0.0000000000000000E+00  0.0000000000000000E+00  2.390169E+09  2.078793E+09  1.313017E+27  1.857524E+18  7.257663E+07  9.198588E+08  1.792683E+01  3.445684E-15
    209  4.4418073736524233E-01  0.0000000000000000E+00  0.0000000000000000E+00  2.504375E+09  2.079672E+09  1.316232E+27  1.859079E+18  7.365800E+07  9.208300E+08  1.796150E+01  4.341906E-15
    210  4.4419306787895391E-01  0.0000000000000000E+00  0.0000000000000000E+00  2.604950E+09  2.080446E+09  1.319141E+27  1.860026E+18  7.462655E+07  9.217113E+08  1.797953E+01  5.185992E-15
    211  4.4420430387973847E-01  0.0000000000000000E+00  0.0000000000000000E+00  2.696598E+09  2.081151E+09  1.321843E+27  1.860878E+18  7.550882E+07  9.225309E+08  1.799138E+01  6.573081E-15
    212  4.4420632497793344E-01  0.0000000000000000E+00  0.0000000000000000E+00  2.713083E+09  2.081277E+09  1.322333E+27  1.861061E+18  7.566654E+07  9.226796E+08  1.799343E+01  6.993091E-15
    213  4.4420925437592895E-01  0.0000000000000000E+00  0.0000000000000000E+00  2.736977E+09  2.081461E+09  1.323046E+27  1.861361E+18  7.589403E+07  9.228957E+08  1.799659E+01  7.777971E-15
    214  4.4421511317191997E-01  0.0000000000000000E+00  0.0000000000000000E+00  2.784765E+09  2.081829E+09  1.324475E+27  1.862144E+18  7.634303E+07  9.233290E+08  1.800432E+01  1.037371E-14
    215  4.4422617051481506E-01  0.0000000000000000E+00  0.0000000000000000E+00  2.874955E+09  2.082523E+09  1.327171E+27  1.864807E+18  7.715147E+07  9.241439E+08  1.803060E+01  2.587111E-14
    216  4.4422789958388381E-01  0.0000000000000000E+00  0.0000000000000000E+00  2.889058E+09  2.082631E+09  1.327590E+27  1.865437E+18  7.727095E+07  9.242701E+08  1.803697E+01  3.161480E-14
    217  4.4423114565744132E-01  0.0000000000000000E+00  0.0000000000000000E+00  2.915535E+09  2.082835E+09  1.328373E+27  1.866833E+18  7.748826E+07  9.245055E+08  1.805129E+01  4.834499E-14
    218  4.4423763780455633E-01  0.0000000000000000E+00  0.0000000000000000E+00  2.968489E+09  2.083242E+09  1.329916E+27  1.870686E+18  7.788791E+07  9.249668E+08  1.809208E+01  1.396232E-13
    219  4.4423884990489942E-01  0.0000000000000000E+00  0.0000000000000000E+00  2.978376E+09  2.083318E+09  1.330200E+27  1.871599E+18  7.795605E+07  9.250510E+08  1.810198E+01  1.761313E-13
    220  4.4424092757928174E-01  0.0000000000000000E+00  0.0000000000000000E+00  2.995323E+09  2.083449E+09  1.330681E+27  1.873332E+18  7.806706E+07  9.251936E+08  1.812103E+01  2.693486E-13
    221  4.4424508292804638E-01  0.0000000000000000E+00  0.0000000000000000E+00  3.029216E+09  2.083709E+09  1.331623E+27  1.877532E+18  7.826345E+07  9.254705E+08  1.816841E+01  7.026935E-13
    222  4.4425339362557564E-01  0.0000000000000000E+00  0.0000000000000000E+00  3.097003E+09  2.084231E+09  1.333385E+27  1.889689E+18  7.851732E+07  9.259765E+08  1.831459E+01  7.544541E-12
    223  4.4425454308694667E-01  0.0000000000000000E+00  0.0000000000000000E+00  3.106379E+09  2.084303E+09  1.333611E+27  1.891853E+18  7.853348E+07  9.260398E+08  1.834195E+01  1.085167E-11
    224  4.4425639376666137E-01  0.0000000000000000E+00  0.0000000000000000E+00  3.121474E+09  2.084419E+09  1.333964E+27  1.895625E+18  7.854763E+07  9.261372E+08  1.839058E+01  1.963225E-11
    225  4.4426009512609071E-01  0.0000000000000000E+00  0.0000000000000000E+00  3.151665E+09  2.084651E+09  1.334622E+27  1.904320E+18  7.852650E+07  9.263136E+08  1.850707E+01  6.461440E-11
    226  4.4426749784494945E-01  0.0000000000000000E+00  0.0000000000000000E+00  3.212046E+09  2.085116E+09  1.335695E+27  1.926957E+18  7.824130E+07  9.265734E+08  1.883787E+01  6.337083E-10
    227  4.4427905098461506E-01  0.0000000000000000E+00  0.0000000000000000E+00  3.306280E+09  2.085841E+09  1.336494E+27  1.977967E+18  7.696580E+07  9.266456E+08  1.971882E+01  1.345006E-08
    228  4.4428017441258255E-01  0.0000000000000000E+00  0.0000000000000000E+00  3.315444E+09  2.085911E+09  1.336506E+27  1.983906E+18  7.678283E+07  9.266279E+08  1.983325E+01  1.749608E-08
    229  4.4428165700228262E-01  0.0000000000000000E+00  0.0000000000000000E+00  3.327537E+09  2.086004E+09  1.336505E+27  1.991967E+18  7.652617E+07  9.265978E+08  1.999255E+01  2.456250E-08
    230  4.4428462218168274E-01  0.0000000000000000E+00  0.0000000000000000E+00  3.351722E+09  2.086191E+09  1.336444E+27  2.008757E+18  7.596458E+07  9.265160E+08  2.033915E+01  4.713466E-08
    231  4.4429055254048300E-01  0.0000000000000000E+00  0.0000000000000000E+00  3.400094E+09  2.086563E+09  1.336125E+27  2.044128E+18  7.468683E+07  9.262786E+08  2.113671E+01  1.575447E-07
    232  4.4430025549958968E-01  0.0000000000000000E+00  0.0000000000000000E+00  3.479237E+09  2.087172E+09  1.335297E+27  2.101907E+18  7.241944E+07  9.257779E+08  2.265435E+01  8.857949E-07
    233  4.4431002055027252E-01  0.0000000000000000E+00  0.0000000000000000E+00  3.558887E+09  2.087784E+09  1.334584E+27  2.152154E+18  7.037068E+07  9.253235E+08  2.423272E+01  3.670897E-06
    234  4.4431916307737568E-01  0.0000000000000000E+00  0.0000000000000000E+00  3.633459E+09  2.088358E+09  1.334397E+27  2.188204E+18  6.894489E+07  9.250808E+08  2.555229E+01  9.872227E-06
    235  4.4432040768430708E-01  0.0000000000000000E+00  0.0000000000000000E+00  3.643611E+09  2.088436E+09  1.334417E+27  2.192282E+18  6.879228E+07  9.250648E+08  2.571304E+01  1.099274E-05
    236  4.4432181071929072E-01  0.0000000000000000E+00  0.0000000000000000E+00  3.655055E+09  2.088524E+09  1.334453E+27  2.196656E+18  6.863201E+07  9.250517E+08  2.588819E+01  1.231529E-05
    237  4.4432461678925794E-01  0.0000000000000000E+00  0.0000000000000000E+00  3.677943E+09  2.088700E+09  1.334567E+27  2.204722E+18  6.834798E+07  9.250415E+08  2.621882E+01  1.509931E-05
    238  4.4433022892919244E-01  0.0000000000000000E+00  0.0000000000000000E+00  3.723719E+09  2.089052E+09  1.334961E+27  2.218355E+18  6.791748E+07  9.250827E+08  2.680064E+01  2.084046E-05
    239  4.4433924455886387E-01  0.0000000000000000E+00  0.0000000000000000E+00  3.797256E+09  2.089618E+09  1.336011E+27  2.234434E+18  6.755705E+07  9.253033E+08  2.752546E+01  2.899666E-05
    240  4.4434816947969213E-01  0.0000000000000000E+00  0.0000000000000000E+00  3.870053E+09  2.090178E+09  1.337462E+27  2.245067E+18  6.750958E+07  9.256733E+08  2.802829E+01  3.465876E-05
    241  4.4434939202123180E-01  0.0000000000000000E+00  0.0000000000000000E+00  3.880025E+09  2.090255E+09  1.337686E+27  2.246213E+18  6.752158E+07  9.257335E+08  2.808356E+01  3.525681E-05
    242  4.4435109756283575E-01  0.0000000000000000E+00  0.0000000000000000E+00  3.893936E+09  2.090362E+09  1.338008E+27  2.247706E+18  6.754458E+07  9.258206E+08  2.815593E+01  3.603113E-05
    243  4.4435450864604370E-01  0.0000000000000000E+00  0.0000000000000000E+00  3.921759E+09  2.090576E+09  1.338682E+27  2.250361E+18  6.761048E+07  9.260056E+08  2.828547E+01  3.740604E-05
    244  4.4436133081245954E-01  0.0000000000000000E+00  0.0000000000000000E+00  3.977405E+09  2.091004E+09  1.340128E+27  2.254565E+18  6.780875E+07  9.264117E+08  2.849274E+01  3.972197E-05
    245  4.4436255397139240E-01  0.0000000000000000E+00  0.0000000000000000E+00  3.987381E+09  2.091081E+09  1.340400E+27  2.255189E+18  6.785212E+07  9.264889E+08  2.852370E+01  4.011209E-05
    246  4.4436407632609748E-01  0.0000000000000000E+00  0.0000000000000000E+00  3.999799E+09  2.091176E+09  1.340742E+27  2.255918E+18  6.790895E+07  9.265867E+08  2.855995E+01  4.060039E-05
    247  4.4436712103550763E-01  0.0000000000000000E+00  0.0000000000000000E+00  4.024633E+09  2.091367E+09  1.341441E+27  2.257233E+18  6.803123E+07  9.267872E+08  2.862549E+01  4.161200E-05
    248  4.4437321045432793E-01  0.0000000000000000E+00  0.0000000000000000E+00  4.074302E+09  2.091749E+09  1.342888E+27  2.259376E+18  6.830497E+07  9.272059E+08  2.873273E+01  4.398571E-05
    249  4.4438388548658087E-01  0.0000000000000000E+00  0.0000000000000000E+00  4.161374E+09  2.092419E+09  1.345550E+27  2.261965E+18  6.885346E+07  9.279843E+08  2.886366E+01  5.055366E-05
    250  4.4439240340891473E-01  0.0000000000000000E+00  0.0000000000000000E+00  4.230852E+09  2.092954E+09  1.347760E+27  2.263300E+18  6.933289E+07  9.286357E+08  2.893256E+01  5.989710E-05
    251  4.4439356759891796E-01  0.0000000000000000E+00  0.0000000000000000E+00  4.240347E+09  2.093027E+09  1.348067E+27  2.263445E+18  6.940050E+07  9.287264E+08  2.894017E+01  6.162062E-05
    252  4.4439517100522724E-01  0.0000000000000000E+00  0.0000000000000000E+00  4.253426E+09  2.093127E+09  1.348492E+27  2.263633E+18  6.949431E+07  9.288520E+08  2.895004E+01  6.421437E-05
    253  4.4439837781784580E-01  0.0000000000000000E+00  0.0000000000000000E+00  4.279582E+09  2.093329E+09  1.349347E+27  2.263968E+18  6.968420E+07  9.291051E+08  2.896777E+01  7.026787E-05
    254  4.4440479144308292E-01  0.0000000000000000E+00  0.0000000000000000E+00  4.331896E+09  2.093731E+09  1.351080E+27  2.264494E+18  7.007199E+07  9.296190E+08  2.899612E+01  8.667887E-05
    255  4.4441464813290649E-01  0.0000000000000000E+00  0.0000000000000000E+00  4.412293E+09  2.094350E+09  1.353797E+27  2.264994E+18  7.068500E+07  9.304265E+08  2.902429E+01  1.280380E-04
    256  4.4442352709095145E-01  0.0000000000000000E+00  0.0000000000000000E+00  4.484715E+09  2.094907E+09  1.356292E+27  2.265207E+18  7.125014E+07  9.311699E+08  2.903768E+01  1.922651E-04
    257  4.4442434875877429E-01  0.0000000000000000E+00  0.0000000000000000E+00  4.491417E+09  2.094958E+09  1.356525E+27  2.265218E+18  7.130288E+07  9.312394E+08  2.903850E+01  2.000157E-04
    258  4.4442551666779184E-01  0.0000000000000000E+00  0.0000000000000000E+00  4.500943E+09  2.095032E+09  1.356857E+27  2.265232E+18  7.137793E+07  9.313383E+08  2.903957E+01  2.116624E-04
    259  4.4442785248582695E-01  0.0000000000000000E+00  0.0000000000000000E+00  4.519996E+09  2.095178E+09  1.357522E+27  2.265254E+18  7.152831E+07  9.315367E+08  2.904141E+01  2.373353E-04
    260  4.4443252412189710E-01  0.0000000000000000E+00  0.0000000000000000E+00  4.558100E+09  2.095471E+09  1.358860E+27  2.265277E+18  7.182990E+07  9.319358E+08  2.904418E+01  2.996796E-04
    261  4.4444021019898988E-01  0.0000000000000000E+00  0.0000000000000000E+00  4.620793E+09  2.095954E+09  1.361079E+27  2.265289E+18  7.232659E+07  9.325980E+08  2.904763E+01  4.436466E-04
    262  4.4444672177967876E-01  0.0000000000000000E+00  0.0000000000000000E+00  4.673905E+09  2.096362E+09  1.362973E+27  2.265304E+18  7.274552E+07  9.331629E+08  2.905143E+01  6.188126E-04
    263  4.4445292661111213E-01  0.0000000000000000E+00  0.0000000000000000E+00  4.724516E+09  2.096752E+09  1.364786E+27  2.265346E+18  7.314091E+07  9.337035E+08  2.905762E+01  8.448669E-04
    264  4.4445377396866204E-01  0.0000000000000000E+00  0.0000000000000000E+00  4.731427E+09  2.096805E+09  1.365034E+27  2.265355E+18  7.319449E+07  9.337774E+08  2.905876E+01  8.810189E-04
    265  4.4445501725990183E-01  0.0000000000000000E+00  0.0000000000000000E+00  4.741568E+09  2.096883E+09  1.365398E+27  2.265370E+18  7.327292E+07  9.338859E+08  2.906058E+01  9.365664E-04
    266  4.4445666492439279E-01  0.0000000000000000E+00  0.0000000000000000E+00  4.755008E+09  2.096986E+09  1.365881E+27  2.265393E+18  7.337643E+07  9.340297E+08  2.906330E+01  1.014994E-03
    267  4.4445996025337475E-01  0.0000000000000000E+00  0.0000000000000000E+00  4.781886E+09  2.097193E+09  1.366846E+27  2.265452E+18  7.358183E+07  9.343172E+08  2.906995E+01  1.189496E-03
    268  4.4446614714143651E-01  0.0000000000000000E+00  0.0000000000000000E+00  4.832350E+09  2.097581E+09  1.368659E+27  2.265628E+18  7.396009E+07  9.348561E+08  2.908808E+01  1.589574E-03
    269  4.4446703369358354E-01  0.0000000000000000E+00  0.0000000000000000E+00  4.839581E+09  2.097637E+09  1.368918E+27  2.265663E+18  7.401331E+07  9.349331E+08  2.909143E+01  1.655771E-03
    270  4.4446837800496658E-01  0.0000000000000000E+00  0.0000000000000000E+00  4.850546E+09  2.097721E+09  1.369311E+27  2.265719E+18  7.409348E+07  9.350497E+08  2.909694E+01  1.760938E-03
    271  4.4447106662773272E-01  0.0000000000000000E+00  0.0000000000000000E+00  4.872477E+09  2.097890E+09  1.370096E+27  2.265850E+18  7.425164E+07  9.352823E+08  2.910967E+01  1.990636E-03
    272  4.4447644387326496E-01  0.0000000000000000E+00  0.0000000000000000E+00  4.916337E+09  2.098227E+09  1.371656E+27  2.266206E+18  7.455749E+07  9.357437E+08  2.914339E+01  2.550882E-03
    273  4.4447727452664909E-01  0.0000000000000000E+00  0.0000000000000000E+00  4.923112E+09  2.098279E+09  1.371896E+27  2.266274E+18  7.460327E+07  9.358145E+08  2.914977E+01  2.653148E-03
    274  4.4447843627337680E-01  0.0000000000000000E+00  0.0000000000000000E+00  4.932588E+09  2.098352E+09  1.372230E+27  2.266376E+18  7.466655E+07  9.359131E+08  2.915929E+01  2.804999E-03
    275  4.4448075976683227E-01  0.0000000000000000E+00  0.0000000000000000E+00  4.951540E+09  2.098498E+09  1.372896E+27  2.266606E+18  7.479027E+07  9.361091E+08  2.918060E+01  3.144239E-03
    276  4.4448540675374321E-01  0.0000000000000000E+00  0.0000000000000000E+00  4.989443E+09  2.098790E+09  1.374213E+27  2.267184E+18  7.502474E+07  9.364954E+08  2.923371E+01  4.005407E-03
    277  4.4448612559341505E-01  0.0000000000000000E+00  0.0000000000000000E+00  4.995307E+09  2.098835E+09  1.374414E+27  2.267289E+18  7.505927E+07  9.365543E+08  2.924334E+01  4.165781E-03
    278  4.4448718933875192E-01  0.0000000000000000E+00  0.0000000000000000E+00  5.003983E+09  2.098902E+09  1.374711E+27  2.267454E+18  7.510941E+07  9.366411E+08  2.925837E+01  4.419389E-03
    279  4.4448875247797159E-01  0.0000000000000000E+00  0.0000000000000000E+00  5.016733E+09  2.099000E+09  1.375145E+27  2.267715E+18  7.518092E+07  9.367676E+08  2.928222E+01  4.831627E-03
    280  4.4449187875641089E-01  0.0000000000000000E+00  0.0000000000000000E+00  5.042233E+09  2.099196E+09  1.376002E+27  2.268315E+18  7.531554E+07  9.370164E+08  2.933685E+01  5.828140E-03
    281  4.4449715177945293E-01  0.0000000000000000E+00  0.0000000000000000E+00  5.085243E+09  2.099527E+09  1.377408E+27  2.269597E+18  7.551311E+07  9.374211E+08  2.945344E+01  8.240641E-03
    282  4.4449791025776120E-01  0.0000000000000000E+00  0.0000000000000000E+00  5.091429E+09  2.099574E+09  1.377605E+27  2.269815E+18  7.553802E+07  9.374774E+08  2.947315E+01  8.688762E-03
    283  4.4449891680220377E-01  0.0000000000000000E+00  0.0000000000000000E+00  5.099639E+09  2.099638E+09  1.377865E+27  2.270116E+18  7.556962E+07  9.375515E+08  2.950053E+01  9.331700E-03
    284  4.4450092989108891E-01  0.0000000000000000E+00  0.0000000000000000E+00  5.116059E+09  2.099764E+09  1.378377E+27  2.270770E+18  7.562743E+07  9.376967E+08  2.955988E+01  1.080272E-02
    285  4.4450495606885926E-01  0.0000000000000000E+00  0.0000000000000000E+00  5.148899E+09  2.100016E+09  1.379365E+27  2.272300E+18  7.571913E+07  9.379741E+08  2.969904E+01  1.464976E-02
    286  4.4450551158148227E-01  0.0000000000000000E+00  0.0000000000000000E+00  5.153430E+09  2.100051E+09  1.379497E+27  2.272537E+18  7.572902E+07  9.380109E+08  2.972063E+01  1.529340E-02
    287  4.4450628204105003E-01  0.0000000000000000E+00  0.0000000000000000E+00  5.159715E+09  2.100100E+09  1.379679E+27  2.272877E+18  7.574156E+07  9.380612E+08  2.975160E+01  1.623752E-02
    288  4.4450782296018554E-01  0.0000000000000000E+00  0.0000000000000000E+00  5.172283E+09  2.100196E+09  1.380036E+27  2.273598E+18  7.576231E+07  9.381594E+08  2.981733E+01  1.831848E-02
    289  4.4451090479845662E-01  0.0000000000000000E+00  0.0000000000000000E+00  5.197421E+09  2.100390E+09  1.380721E+27  2.275215E+18  7.578517E+07  9.383453E+08  2.996529E+01  2.335478E-02
    290  4.4451135373809642E-01  0.0000000000000000E+00  0.0000000000000000E+00  5.201083E+09  2.100418E+09  1.380817E+27  2.275472E+18  7.578628E+07  9.383712E+08  2.998883E+01  2.419758E-02
    291  4.4451198435402289E-01  0.0000000000000000E+00  0.0000000000000000E+00  5.206226E+09  2.100458E+09  1.380951E+27  2.275842E+18  7.578683E+07  9.384068E+08  3.002281E+01  2.543256E-02
    292  4.4451324558587585E-01  0.0000000000000000E+00  0.0000000000000000E+00  5.216514E+09  2.100537E+09  1.381213E+27  2.276618E+18  7.578428E+07  9.384761E+08  3.009407E+01  2.809181E-02
    293  4.4451576804958171E-01  0.0000000000000000E+00  0.0000000000000000E+00  5.237088E+09  2.100695E+09  1.381711E+27  2.278316E+18  7.576376E+07  9.386056E+08  3.025073E+01  3.425001E-02
    294  4.4451617317243036E-01  0.0000000000000000E+00  0.0000000000000000E+00  5.240393E+09  2.100720E+09  1.381788E+27  2.278607E+18  7.575846E+07  9.386252E+08  3.027776E+01  3.535405E-02
    295  4.4451673113418050E-01  0.0000000000000000E+00  0.0000000000000000E+00  5.244944E+09  2.100755E+09  1.381893E+27  2.279019E+18  7.575019E+07  9.386517E+08  3.031588E+01  3.693089E-02
    296  4.4451784705768077E-01  0.0000000000000000E+00  0.0000000000000000E+00  5.254046E+09  2.100825E+09  1.382096E+27  2.279875E+18  7.573023E+07  9.387026E+08  3.039534E+01  4.028924E-02
    297  4.4452007890468132E-01  0.0000000000000000E+00  0.0000000000000000E+00  5.272250E+09  2.100965E+09  1.382479E+27  2.281724E+18  7.567601E+07  9.387958E+08  3.056788E+01  4.789221E-02
    298  4.4452045335928569E-01  0.0000000000000000E+00  0.0000000000000000E+00  5.275305E+09  2.100989E+09  1.382540E+27  2.282054E+18  7.566497E+07  9.388103E+08  3.059871E+01  4.929198E-02
    299  4.4452100085192253E-01  0.0000000000000000E+00  0.0000000000000000E+00  5.279770E+09  2.101023E+09  1.382627E+27  2.282545E+18  7.564776E+07  9.388308E+08  3.064481E+01  5.140637E-02
    300  4.4452209583719621E-01  0.0000000000000000E+00  0.0000000000000000E+00  5.288702E+09  2.101092E+09  1.382796E+27  2.283566E+18  7.560953E+07  9.388695E+08  3.074075E+01  5.588431E-02
    301  4.4452428580774356E-01  0.0000000000000000E+00  0.0000000000000000E+00  5.306564E+09  2.101229E+09  1.383106E+27  2.285761E+18  7.551714E+07  9.389372E+08  3.094850E+01  6.589226E-02
    302  4.4452467581552119E-01  0.0000000000000000E+00  0.0000000000000000E+00  5.309746E+09  2.101254E+09  1.383158E+27  2.286174E+18  7.549839E+07  9.389478E+08  3.098782E+01  6.782844E-02
    303  4.4452519257299944E-01  0.0000000000000000E+00  0.0000000000000000E+00  5.313961E+09  2.101286E+09  1.383224E+27  2.286733E+18  7.547242E+07  9.389613E+08  3.104107E+01  7.046806E-02
    304  4.4452622608795589E-01  0.0000000000000000E+00  0.0000000000000000E+00  5.322391E+09  2.101351E+09  1.383350E+27  2.287887E+18  7.541665E+07  9.389857E+08  3.115152E+01  7.600511E-02
    305  4.4452829311786879E-01  0.0000000000000000E+00  0.0000000000000000E+00  5.339251E+09  2.101481E+09  1.383574E+27  2.290350E+18  7.528934E+07  9.390246E+08  3.138898E+01  8.813846E-02
    306  4.4452867479626795E-01  0.0000000000000000E+00  0.0000000000000000E+00  5.342364E+09  2.101505E+09  1.383611E+27  2.290827E+18  7.526350E+07  9.390303E+08  3.143533E+01  9.053645E-02
    307  4.4452917817513710E-01  0.0000000000000000E+00  0.0000000000000000E+00  5.346470E+09  2.101536E+09  1.383659E+27  2.291468E+18  7.522828E+07  9.390372E+08  3.149769E+01  9.377521E-02
    308  4.4453018493287544E-01  0.0000000000000000E+00  0.0000000000000000E+00  5.354681E+09  2.101600E+09  1.383746E+27  2.292787E+18  7.515396E+07  9.390483E+08  3.162669E+01  1.005136E-01
    309  4.4453219844835212E-01  0.0000000000000000E+00  0.0000000000000000E+00  5.371105E+09  2.101726E+09  1.383894E+27  2.295576E+18  7.498975E+07  9.390605E+08  3.190219E+01  1.150383E-01
    310  4.4453258006858853E-01  0.0000000000000000E+00  0.0000000000000000E+00  5.374218E+09  2.101750E+09  1.383917E+27  2.296127E+18  7.495631E+07  9.390613E+08  3.195709E+01  1.179510E-01
    311  4.4453308321355867E-01  0.0000000000000000E+00  0.0000000000000000E+00  5.378321E+09  2.101781E+09  1.383947E+27  2.296864E+18  7.491109E+07  9.390616E+08  3.203080E+01  1.218727E-01
    312  4.4453408950349893E-01  0.0000000000000000E+00  0.0000000000000000E+00  5.386529E+09  2.101845E+09  1.383998E+27  2.298377E+18  7.481681E+07  9.390597E+08  3.218280E+01  1.299962E-01
    313  4.4453610208337946E-01  0.0000000000000000E+00  0.0000000000000000E+00  5.402945E+09  2.101971E+09  1.384073E+27  2.301550E+18  7.461317E+07  9.390456E+08  3.250540E+01  1.473710E-01
    314  4.4453648656382788E-01  0.0000000000000000E+00  0.0000000000000000E+00  5.406081E+09  2.101995E+09  1.384083E+27  2.302178E+18  7.457203E+07  9.390414E+08  3.256987E+01  1.508615E-01
    315  4.4453698155778687E-01  0.0000000000000000E+00  0.0000000000000000E+00  5.410119E+09  2.102026E+09  1.384093E+27  2.302997E+18  7.451802E+07  9.390353E+08  3.265424E+01  1.554361E-01
    316  4.4453797154570479E-01  0.0000000000000000E+00  0.0000000000000000E+00  5.418194E+09  2.102088E+09  1.384109E+27  2.304669E+18  7.440655E+07  9.390207E+08  3.282757E+01  1.648560E-01
    317  4.4453995152154063E-01  0.0000000000000000E+00  0.0000000000000000E+00  5.434344E+09  2.102212E+09  1.384113E+27  2.308143E+18  7.417036E+07  9.389820E+08  3.319258E+01  1.847606E-01
    318  4.4454034751670779E-01  0.0000000000000000E+00  0.0000000000000000E+00  5.437574E+09  2.102237E+09  1.384109E+27  2.308857E+18  7.412112E+07  9.389728E+08  3.326849E+01  1.889098E-01
    319  4.4454075937342225E-01  0.0000000000000000E+00  0.0000000000000000E+00  5.440933E+09  2.102263E+09  1.384105E+27  2.309607E+18  7.406921E+07  9.389627E+08  3.334847E+01  1.932819E-01
    320  4.4454158308685121E-01  0.0000000000000000E+00  0.0000000000000000E+00  5.447652E+09  2.102315E+09  1.384091E+27  2.311126E+18  7.396339E+07  9.389411E+08  3.351153E+01  2.021994E-01
    321  4.4454323051370909E-01  0.0000000000000000E+00  0.0000000000000000E+00  5.461089E+09  2.102418E+09  1.384047E+27  2.314240E+18  7.374422E+07  9.388922E+08  3.384981E+01  2.207020E-01
    322  4.4454652536742489E-01  0.0000000000000000E+00  0.0000000000000000E+00  5.487964E+09  2.102625E+09  1.383904E+27  2.320718E+18  7.328067E+07  9.387741E+08  3.457223E+01  2.601334E-01
    323  4.4454703618018904E-01  0.0000000000000000E+00  0.0000000000000000E+00  5.492130E+09  2.102657E+09  1.383876E+27  2.321746E+18  7.320648E+07  9.387537E+08  3.468922E+01  2.665034E-01
    324  4.4454778775780113E-01  0.0000000000000000E+00  0.0000000000000000E+00  5.498261E+09  2.102704E+09  1.383832E+27  2.323267E+18  7.309639E+07  9.387229E+08  3.486366E+01  2.759816E-01
    325  4.4454929091302531E-01  0.0000000000000000E+00  0.0000000000000000E+00  5.510521E+09  2.102798E+09  1.383737E+27  2.326336E+18  7.287376E+07  9.386587E+08  3.521998E+01  2.952843E-01
    326  4.4455229722347361E-01  0.0000000000000000E+00  0.0000000000000000E+00  5.535043E+09  2.102987E+09  1.383527E+27  2.332524E+18  7.242413E+07  9.385231E+08  3.595727E+01  3.349804E-01
    327  4.4455725439492672E-01  0.0000000000000000E+00  0.0000000000000000E+00  5.575476E+09  2.103298E+09  1.383173E+27  2.342591E+18  7.169967E+07  9.382980E+08  3.721283E+01  4.016385E-01
    328  4.4456156860813517E-01  0.0000000000000000E+00  0.0000000000000000E+00  5.610666E+09  2.103569E+09  1.382928E+27  2.350867E+18  7.112241E+07  9.381255E+08  3.829959E+01  4.585777E-01
    329  4.4456220053721340E-01  0.0000000000000000E+00  0.0000000000000000E+00  5.615820E+09  2.103609E+09  1.382901E+27  2.352024E+18  7.104394E+07  9.381035E+08  3.845538E+01  4.667243E-01
    330  4.4456308407942713E-01  0.0000000000000000E+00  0.0000000000000000E+00  5.623027E+09  2.103664E+09  1.382868E+27  2.353615E+18  7.093710E+07  9.380744E+08  3.867124E+01  4.779996E-01
    331  4.4456485116385458E-01  0.0000000000000000E+00  0.0000000000000000E+00  5.637440E+09  2.103775E+09  1.382819E+27  2.356697E+18  7.073411E+07  9.380223E+08  3.909477E+01  5.001239E-01
    332  4.4456838533270948E-01  0.0000000000000000E+00  0.0000000000000000E+00  5.666267E+09  2.103997E+09  1.382797E+27  2.362439E+18  7.037357E+07  9.379458E+08  3.990214E+01  5.423860E-01
    333  4.4456901585156366E-01  0.0000000000000000E+00  0.0000000000000000E+00  5.671410E+09  2.104036E+09  1.382805E+27  2.363399E+18  7.031596E+07  9.379363E+08  4.003967E+01  5.496231E-01
    334  4.4456980221112219E-01  0.0000000000000000E+00  0.0000000000000000E+00  5.677824E+09  2.104086E+09  1.382819E+27  2.364573E+18  7.024692E+07  9.379263E+08  4.020831E+01  5.584930E-01
    335  4.4457137493023924E-01  0.0000000000000000E+00  0.0000000000000000E+00  5.690652E+09  2.104184E+09  1.382866E+27  2.366829E+18  7.011855E+07  9.379127E+08  4.053517E+01  5.757310E-01
    336  4.4457452036847328E-01  0.0000000000000000E+00  0.0000000000000000E+00  5.716308E+09  2.104382E+09  1.383033E+27  2.370973E+18  6.990114E+07  9.379116E+08  4.114397E+01  6.080481E-01
    337  4.4458056339403479E-01  0.0000000000000000E+00  0.0000000000000000E+00  5.765599E+09  2.104761E+09  1.383641E+27  2.377549E+18  6.963172E+07  9.380122E+08  4.212626E+01  6.615448E-01
    338  4.4458138689516041E-01  0.0000000000000000E+00  0.0000000000000000E+00  5.772316E+09  2.104813E+09  1.383752E+27  2.378314E+18  6.960914E+07  9.380361E+08  4.224102E+01  6.679280E-01
    339  4.4458253493337191E-01  0.0000000000000000E+00  0.0000000000000000E+00  5.781680E+09  2.104885E+09  1.383919E+27  2.379327E+18  6.958322E+07  9.380733E+08  4.239311E+01  6.766096E-01
    340  4.4458406634027314E-01  0.0000000000000000E+00  0.0000000000000000E+00  5.794171E+09  2.104981E+09  1.384159E+27  2.380595E+18  6.955776E+07  9.381298E+08  4.258291E+01  6.876562E-01
    341  4.4458712915407567E-01  0.0000000000000000E+00  0.0000000000000000E+00  5.819153E+09  2.105173E+09  1.384701E+27  2.382864E+18  6.953565E+07  9.382641E+08  4.292020E+01  7.080871E-01
    342  4.4458774171683618E-01  0.0000000000000000E+00  0.0000000000000000E+00  5.824149E+09  2.105211E+09  1.384819E+27  2.383276E+18  6.953554E+07  9.382942E+08  4.298119E+01  7.119097E-01
    343  4.4458854912116741E-01  0.0000000000000000E+00  0.0000000000000000E+00  5.830735E+09  2.105262E+09  1.384978E+27  2.383803E+18  6.953739E+07  9.383354E+08  4.305857E+01  7.168507E-01
    344  4.4459016392982986E-01  0.0000000000000000E+00  0.0000000000000000E+00  5.843906E+09  2.105363E+09  1.385311E+27  2.384796E+18  6.954773E+07  9.384229E+08  4.320316E+01  7.263525E-01
    345  4.4459339354715477E-01  0.0000000000000000E+00  0.0000000000000000E+00  5.870249E+09  2.105566E+09  1.386030E+27  2.386557E+18  6.959293E+07  9.386168E+08  4.345416E+01  7.439588E-01
    346  4.4459403947061976E-01  0.0000000000000000E+00  0.0000000000000000E+00  5.875518E+09  2.105606E+09  1.386182E+27  2.386874E+18  6.960571E+07  9.386585E+08  4.349846E+01  7.472532E-01
    347  4.4459492928821265E-01  0.0000000000000000E+00  0.0000000000000000E+00  5.882776E+09  2.105662E+09  1.386396E+27  2.387295E+18  6.962511E+07  9.387174E+08  4.355660E+01  7.517039E-01
    348  4.4459670892339848E-01  0.0000000000000000E+00  0.0000000000000000E+00  5.897291E+09  2.105774E+09  1.386837E+27  2.388080E+18  6.967025E+07  9.388402E+08  4.366269E+01  7.602439E-01
    349  4.4460026819377013E-01  0.0000000000000000E+00  0.0000000000000000E+00  5.926323E+09  2.105997E+09  1.387774E+27  2.389436E+18  6.978435E+07  9.391047E+08  4.383604E+01  7.759681E-01
    350  4.4460098004784449E-01  0.0000000000000000E+00  0.0000000000000000E+00  5.932129E+09  2.106042E+09  1.387970E+27  2.389673E+18  6.981087E+07  9.391606E+08  4.386461E+01  7.788938E-01
    351  4.4460202355468847E-01  0.0000000000000000E+00  0.0000000000000000E+00  5.940641E+09  2.106107E+09  1.388261E+27  2.390005E+18  6.985159E+07  9.392441E+08  4.390343E+01  7.830992E-01
    352  4.4460411056837645E-01  0.0000000000000000E+00  0.0000000000000000E+00  5.957664E+09  2.106238E+09  1.388860E+27  2.390611E+18  6.993969E+07  9.394165E+08  4.396999E+01  7.911625E-01
    353  4.4460828459575241E-01  0.0000000000000000E+00  0.0000000000000000E+00  5.991710E+09  2.106500E+09  1.390112E+27  2.391623E+18  7.013924E+07  9.397806E+08  4.406388E+01  8.061195E-01
    354  4.4460911940122760E-01  0.0000000000000000E+00  0.0000000000000000E+00  5.998519E+09  2.106553E+09  1.390371E+27  2.391793E+18  7.018273E+07  9.398564E+08  4.407660E+01  8.089294E-01
    355  4.4461038901637684E-01  0.0000000000000000E+00  0.0000000000000000E+00  6.008875E+09  2.106632E+09  1.390768E+27  2.392041E+18  7.025052E+07  9.399732E+08  4.409318E+01  8.131379E-01
    356  4.4461292824667537E-01  0.0000000000000000E+00  0.0000000000000000E+00  6.029586E+09  2.106792E+09  1.391581E+27  2.392482E+18  7.039273E+07  9.402124E+08  4.411508E+01  8.212452E-01
    357  4.4461800670727242E-01  0.0000000000000000E+00  0.0000000000000000E+00  6.071009E+09  2.107110E+09  1.393267E+27  2.393158E+18  7.070197E+07  9.407122E+08  4.411667E+01  8.362746E-01
    358  4.4461895591532863E-01  0.0000000000000000E+00  0.0000000000000000E+00  6.078751E+09  2.107170E+09  1.393592E+27  2.393248E+18  7.076387E+07  9.408091E+08  4.411003E+01  8.388963E-01
    359  4.4462048721907815E-01  0.0000000000000000E+00  0.0000000000000000E+00  6.091242E+09  2.107266E+09  1.394122E+27  2.393380E+18  7.086554E+07  9.409671E+08  4.409622E+01  8.430147E-01
    360  4.4462354982657715E-01  0.0000000000000000E+00  0.0000000000000000E+00  6.116222E+09  2.107458E+09  1.395203E+27  2.393569E+18  7.107782E+07  9.412909E+08  4.405350E+01  8.508030E-01
    361  4.4462416234807695E-01  0.0000000000000000E+00  0.0000000000000000E+00  6.121218E+09  2.107497E+09  1.395424E+27  2.393594E+18  7.112177E+07  9.413570E+08  4.404245E+01  8.522916E-01
    362  4.4462527346291286E-01  0.0000000000000000E+00  0.0000000000000000E+00  6.130281E+09  2.107566E+09  1.395825E+27  2.393633E+18  7.120246E+07  9.414777E+08  4.402078E+01  8.549459E-01
    363  4.4462749569258470E-01  0.0000000000000000E+00  0.0000000000000000E+00  6.148407E+09  2.107706E+09  1.396639E+27  2.393677E+18  7.136808E+07  9.417228E+08  4.397038E+01  8.600650E-01
    364  4.4463194015192836E-01  0.0000000000000000E+00  0.0000000000000000E+00  6.184659E+09  2.107985E+09  1.398308E+27  2.393643E+18  7.171510E+07  9.422271E+08  4.384354E+01  8.696165E-01
    365  4.4463282904379708E-01  0.0000000000000000E+00  0.0000000000000000E+00  6.191909E+09  2.108040E+09  1.398649E+27  2.393612E+18  7.178731E+07  9.423304E+08  4.381357E+01  8.714185E-01
    366  4.4463449065782862E-01  0.0000000000000000E+00  0.0000000000000000E+00  6.205462E+09  2.108145E+09  1.399291E+27  2.393547E+18  7.192380E+07  9.425249E+08  4.375515E+01  8.747157E-01
    367  4.4463781388589169E-01  0.0000000000000000E+00  0.0000000000000000E+00  6.232568E+09  2.108353E+09  1.400594E+27  2.393358E+18  7.220468E+07  9.429211E+08  4.362571E+01  8.810021E-01
    368  4.4463847853150429E-01  0.0000000000000000E+00  0.0000000000000000E+00  6.237990E+09  2.108395E+09  1.400858E+27  2.393308E+18  7.226227E+07  9.430016E+08  4.359758E+01  8.822099E-01
    369  4.4463980782272949E-01  0.0000000000000000E+00  0.0000000000000000E+00  6.248832E+09  2.108478E+09  1.401390E+27  2.393203E+18  7.237845E+07  9.431634E+08  4.353979E+01  8.845832E-01
    370  4.4464246640517996E-01  0.0000000000000000E+00  0.0000000000000000E+00  6.270517E+09  2.108645E+09  1.402466E+27  2.392955E+18  7.261576E+07  9.434916E+08  4.341653E+01  8.891469E-01
    371  4.4464778357008083E-01  0.0000000000000000E+00  0.0000000000000000E+00  6.313887E+09  2.108979E+09  1.404667E+27  2.392336E+18  7.310941E+07  9.441651E+08  4.314125E+01  8.975589E-01
    372  4.4464884700306101E-01  0.0000000000000000E+00  0.0000000000000000E+00  6.322561E+09  2.109046E+09  1.405117E+27  2.392188E+18  7.321184E+07  9.443030E+08  4.308065E+01  8.991310E-01
    373  4.4465095678069472E-01  0.0000000000000000E+00  0.0000000000000000E+00  6.339770E+09  2.109178E+09  1.406013E+27  2.391893E+18  7.341654E+07  9.445781E+08  4.295850E+01  9.021672E-01
    374  4.4465513001971751E-01  0.0000000000000000E+00  0.0000000000000000E+00  6.373809E+09  2.109440E+09  1.407814E+27  2.391256E+18  7.383165E+07  9.451315E+08  4.270272E+01  9.078706E-01
    375  4.4465596466752205E-01  0.0000000000000000E+00  0.0000000000000000E+00  6.380617E+09  2.109492E+09  1.408179E+27  2.391116E+18  7.391665E+07  9.452439E+08  4.264878E+01  9.089695E-01
    376  4.4465763396313118E-01  0.0000000000000000E+00  0.0000000000000000E+00  6.394233E+09  2.109597E+09  1.408912E+27  2.390831E+18  7.408763E+07  9.454697E+08  4.253977E+01  9.111326E-01
    377  4.4466097255434939E-01  0.0000000000000000E+00  0.0000000000000000E+00  6.421465E+09  2.109806E+09  1.410396E+27  2.390218E+18  7.443589E+07  9.459269E+08  4.231358E+01  9.153295E-01
    378  4.4466164027259303E-01  0.0000000000000000E+00  0.0000000000000000E+00  6.426911E+09  2.109848E+09  1.410696E+27  2.390086E+18  7.450676E+07  9.460194E+08  4.226673E+01  9.161492E-01
    379  4.4466297570908031E-01  0.0000000000000000E+00  0.0000000000000000E+00  6.437804E+09  2.109932E+09  1.411297E+27  2.389815E+18  7.464923E+07  9.462051E+08  4.217220E+01  9.177699E-01
    380  4.4466564658205487E-01  0.0000000000000000E+00  0.0000000000000000E+00  6.459589E+09  2.110100E+09  1.412511E+27  2.389239E+18  7.493835E+07  9.465802E+08  4.197794E+01  9.209248E-01
    381  4.4467098832800406E-01  0.0000000000000000E+00  0.0000000000000000E+00  6.503159E+09  2.110435E+09  1.414983E+27  2.387974E+18  7.553310E+07  9.473450E+08  4.156972E+01  9.267871E-01
    382  4.4467205667719389E-01  0.0000000000000000E+00  0.0000000000000000E+00  6.511873E+09  2.110502E+09  1.415486E+27  2.387695E+18  7.565561E+07  9.475010E+08  4.148365E+01  9.278909E-01
    383  4.4467419337557357E-01  0.0000000000000000E+00  0.0000000000000000E+00  6.529302E+09  2.110636E+09  1.416496E+27  2.387134E+18  7.590178E+07  9.478141E+08  4.131086E+01  9.300349E-01
    384  4.4467846677233291E-01  0.0000000000000000E+00  0.0000000000000000E+00  6.564158E+09  2.110904E+09  1.418542E+27  2.385944E+18  7.640447E+07  9.484492E+08  4.095423E+01  9.340845E-01
    385  4.4467932145168476E-01  0.0000000000000000E+00  0.0000000000000000E+00  6.571129E+09  2.110958E+09  1.418957E+27  2.385691E+18  7.650716E+07  9.485781E+08  4.088047E+01  9.348598E-01
    386  4.4468103081038851E-01  0.0000000000000000E+00  0.0000000000000000E+00  6.585072E+09  2.111065E+09  1.419789E+27  2.385179E+18  7.671357E+07  9.488367E+08  4.073224E+01  9.363773E-01
    387  4.4468444952779596E-01  0.0000000000000000E+00  0.0000000000000000E+00  6.612957E+09  2.111280E+09  1.421472E+27  2.384104E+18  7.713403E+07  9.493604E+08  4.042792E+01  9.392847E-01
    388  4.4469128696261090E-01  0.0000000000000000E+00  0.0000000000000000E+00  6.668727E+09  2.111709E+09  1.424921E+27  2.381730E+18  7.800879E+07  9.504358E+08  3.978527E+01  9.445867E-01
    389  4.4469249670754224E-01  0.0000000000000000E+00  0.0000000000000000E+00  6.678595E+09  2.111785E+09  1.425547E+27  2.381265E+18  7.817035E+07  9.506315E+08  3.966424E+01  9.454551E-01
    390  4.4469491619740498E-01  0.0000000000000000E+00  0.0000000000000000E+00  6.698330E+09  2.111936E+09  1.426804E+27  2.380327E+18  7.849495E+07  9.510242E+08  3.942227E+01  9.471313E-01
    391  4.4469972702092025E-01  0.0000000000000000E+00  0.0000000000000000E+00  6.737570E+09  2.112238E+09  1.429341E+27  2.378358E+18  7.915677E+07  9.518183E+08  3.892759E+01  9.502429E-01
    392  4.4470068918562333E-01  0.0000000000000000E+00  0.0000000000000000E+00  6.745418E+09  2.112299E+09  1.429856E+27  2.377942E+18  7.929243E+07  9.519797E+08  3.882571E+01  9.508326E-01
    393  4.4470261351502943E-01  0.0000000000000000E+00  0.0000000000000000E+00  6.761114E+09  2.112419E+09  1.430888E+27  2.377107E+18  7.956447E+07  9.523032E+08  3.862251E+01  9.519802E-01
    394  4.4470646217384163E-01  0.0000000000000000E+00  0.0000000000000000E+00  6.792506E+09  2.112661E+09  1.432971E+27  2.375390E+18  8.011568E+07  9.529561E+08  3.821297E+01  9.541572E-01
    395  4.4471415949146603E-01  0.0000000000000000E+00  0.0000000000000000E+00  6.855290E+09  2.113144E+09  1.437218E+27  2.371724E+18  8.125303E+07  9.542896E+08  3.737509E+01  9.580322E-01
    396  4.4472576103727968E-01  0.0000000000000000E+00  0.0000000000000000E+00  6.949919E+09  2.113872E+09  1.443839E+27  2.365591E+18  8.306108E+07  9.563724E+08  3.606762E+01  9.627354E-01
    397  4.4473635307040676E-01  0.0000000000000000E+00  0.0000000000000000E+00  7.036314E+09  2.114537E+09  1.450114E+27  2.359323E+18  8.481324E+07  9.583512E+08  3.483736E+01  9.659200E-01
    398  4.4474605874821688E-01  0.0000000000000000E+00  0.0000000000000000E+00  7.115479E+09  2.115146E+09  1.456049E+27  2.353035E+18  8.650102E+07  9.602257E+08  3.369385E+01  9.679849E-01
    399  4.4474738442080153E-01  0.0000000000000000E+00  0.0000000000000000E+00  7.126292E+09  2.115229E+09  1.456868E+27  2.352152E+18  8.673498E+07  9.604844E+08  3.353968E+01  9.682109E-01
    400  4.4474964511733045E-01  0.0000000000000000E+00  0.0000000000000000E+00  7.144732E+09  2.115371E+09  1.458277E+27  2.350609E+18  8.713946E+07  9.609295E+08  3.327433E+01  9.685576E-01
    401  4.4475416651038829E-01  0.0000000000000000E+00  0.0000000000000000E+00  7.181611E+09  2.115654E+09  1.461118E+27  2.347450E+18  8.795945E+07  9.618279E+08  3.274464E+01  9.691502E-01
    402  4.4475507078899984E-01  0.0000000000000000E+00  0.0000000000000000E+00  7.188987E+09  2.115711E+09  1.461692E+27  2.346801E+18  8.812592E+07  9.620094E+08  3.263822E+01  9.692537E-01
    403  4.4475687934622299E-01  0.0000000000000000E+00  0.0000000000000000E+00  7.203739E+09  2.115825E+09  1.462841E+27  2.345499E+18  8.845957E+07  9.623729E+08  3.242666E+01  9.694464E-01
    404  4.4476041168361430E-01  0.0000000000000000E+00  0.0000000000000000E+00  7.232550E+09  2.116046E+09  1.465101E+27  2.342913E+18  8.911800E+07  9.630878E+08  3.201453E+01  9.697729E-01
    405  4.4476747635839686E-01  0.0000000000000000E+00  0.0000000000000000E+00  7.290174E+09  2.116490E+09  1.469679E+27  2.337568E+18  9.046107E+07  9.645370E+08  3.119594E+01  9.702704E-01
    406  4.4476875648920361E-01  0.0000000000000000E+00  0.0000000000000000E+00  7.300616E+09  2.116570E+09  1.470523E+27  2.336556E+18  9.071109E+07  9.648044E+08  3.104597E+01  9.703397E-01
    407  4.4477131675081716E-01  0.0000000000000000E+00  0.0000000000000000E+00  7.321499E+09  2.116731E+09  1.472210E+27  2.334538E+18  9.121050E+07  9.653388E+08  3.075060E+01  9.704723E-01
    408  4.4477643727404426E-01  0.0000000000000000E+00  0.0000000000000000E+00  7.363265E+09  2.117052E+09  1.475618E+27  2.330409E+18  9.222425E+07  9.664185E+08  3.016299E+01  9.707047E-01
    409  4.4478667832049840E-01  0.0000000000000000E+00  0.0000000000000000E+00  7.446797E+09  2.117695E+09  1.482587E+27  2.321711E+18  9.432181E+07  9.686284E+08  2.899458E+01  9.710987E-01
    410  4.4478807595433623E-01  0.0000000000000000E+00  0.0000000000000000E+00  7.458197E+09  2.117782E+09  1.483547E+27  2.320503E+18  9.461185E+07  9.689329E+08  2.883877E+01  9.711677E-01
    411  4.4479055290444031E-01  0.0000000000000000E+00  0.0000000000000000E+00  7.478401E+09  2.117938E+09  1.485268E+27  2.318303E+18  9.513496E+07  9.694788E+08  2.855964E+01  9.712683E-01
    412  4.4479550680464847E-01  0.0000000000000000E+00  0.0000000000000000E+00  7.518808E+09  2.118249E+09  1.488744E+27  2.313802E+18  9.619746E+07  9.705824E+08  2.800444E+01  9.714814E-01
    413  4.4480541460506479E-01  0.0000000000000000E+00  0.0000000000000000E+00  7.599622E+09  2.118870E+09  1.495854E+27  2.304345E+18  9.839517E+07  9.728414E+08  2.690344E+01  9.719758E-01
    414  4.4480680894110075E-01  0.0000000000000000E+00  0.0000000000000000E+00  7.610995E+09  2.118958E+09  1.496865E+27  2.302993E+18  9.870857E+07  9.731625E+08  2.675220E+01  9.720680E-01
    415  4.4480940013025549E-01  0.0000000000000000E+00  0.0000000000000000E+00  7.632130E+09  2.119120E+09  1.498764E+27  2.300407E+18  9.930150E+07  9.737664E+08  2.646845E+01  9.722179E-01
    416  4.4481458250856498E-01  0.0000000000000000E+00  0.0000000000000000E+00  7.674401E+09  2.119446E+09  1.502606E+27  2.295111E+18  1.005070E+08  9.749884E+08  2.590509E+01  9.725335E-01
    417  4.4482494726518390E-01  0.0000000000000000E+00  0.0000000000000000E+00  7.758942E+09  2.120096E+09  1.510480E+27  2.283949E+18  1.030064E+08  9.774953E+08  2.479154E+01  9.731950E-01
    418  4.4482635122609165E-01  0.0000000000000000E+00  0.0000000000000000E+00  7.770393E+09  2.120184E+09  1.511557E+27  2.282412E+18  1.033493E+08  9.778383E+08  2.464504E+01  9.733210E-01
    419  4.4482841365671127E-01  0.0000000000000000E+00  0.0000000000000000E+00  7.787216E+09  2.120313E+09  1.513159E+27  2.280089E+18  1.038624E+08  9.783486E+08  2.442737E+01  9.734686E-01
    420  4.4483253851795046E-01  0.0000000000000000E+00  0.0000000000000000E+00  7.820861E+09  2.120572E+09  1.516393E+27  2.275353E+18  1.049027E+08  9.793792E+08  2.399494E+01  9.737722E-01
    421  4.4484078824042889E-01  0.0000000000000000E+00  0.0000000000000000E+00  7.855095E+09  2.120678E+09  1.519610E+27  2.270320E+18  1.059997E+08  9.804422E+08  2.354981E+01  9.742821E-01
    422  4.4485255637031251E-01  0.0000000000000000E+00  0.0000000000000000E+00  7.866299E+09  2.120360E+09  1.520325E+27  2.268715E+18  1.063570E+08  9.807625E+08  2.341016E+01  9.743909E-01
    423  4.4487609263007971E-01  0.0000000000000000E+00  0.0000000000000000E+00  7.888708E+09  2.119724E+09  1.521780E+27  2.265419E+18  1.070846E+08  9.814121E+08  2.312881E+01  9.746189E-01
    424  4.4492167310021791E-01  0.0000000000000000E+00  0.0000000000000000E+00  7.932106E+09  2.118492E+09  1.524653E+27  2.258854E+18  1.085212E+08  9.826900E+08  2.258801E+01  9.750884E-01
    425  4.4499756198465062E-01  0.0000000000000000E+00  0.0000000000000000E+00  8.004360E+09  2.116441E+09  1.529594E+27  2.247391E+18  1.109913E+08  9.848748E+08  2.170249E+01  9.757985E-01
    426  4.4500788086583076E-01  0.0000000000000000E+00  0.0000000000000000E+00  8.014185E+09  2.116162E+09  1.530283E+27  2.245789E+18  1.113354E+08  9.851778E+08  2.158335E+01  9.760062E-01
    427  4.4502253013705195E-01  0.0000000000000000E+00  0.0000000000000000E+00  8.028133E+09  2.115766E+09  1.531266E+27  2.243480E+18  1.118268E+08  9.856103E+08  2.141496E+01  9.761680E-01
    428  4.4505182867949439E-01  0.0000000000000000E+00  0.0000000000000000E+00  8.056028E+09  2.114974E+09  1.533257E+27  2.238783E+18  1.128209E+08  9.864835E+08  2.108059E+01  9.764916E-01
    429  4.4510549104732988E-01  0.0000000000000000E+00  0.0000000000000000E+00  8.107121E+09  2.113524E+09  1.536984E+27  2.229902E+18  1.146817E+08  9.881125E+08  2.047627E+01  9.770817E-01
    430  4.4511398450724965E-01  0.0000000000000000E+00  0.0000000000000000E+00  8.115207E+09  2.113294E+09  1.537583E+27  2.228465E+18  1.149804E+08  9.883736E+08  2.038184E+01  9.771623E-01
    431  4.4512361195504796E-01  0.0000000000000000E+00  0.0000000000000000E+00  8.124374E+09  2.113034E+09  1.538267E+27  2.226821E+18  1.153215E+08  9.886712E+08  2.027480E+01  9.772682E-01
    432  4.4514286685064458E-01  0.0000000000000000E+00  0.0000000000000000E+00  8.142707E+09  2.112514E+09  1.539644E+27  2.223500E+18  1.160082E+08  9.892699E+08  2.006199E+01  9.774762E-01
    433  4.4518019029883682E-01  0.0000000000000000E+00  0.0000000000000000E+00  8.178243E+09  2.111505E+09  1.542356E+27  2.216918E+18  1.173598E+08  9.904458E+08  1.965329E+01  9.778836E-01
    434  4.4518765498847529E-01  0.0000000000000000E+00  0.0000000000000000E+00  8.185350E+09  2.111303E+09  1.542903E+27  2.215582E+18  1.176326E+08  9.906829E+08  1.957247E+01  9.779529E-01
    435  4.4519641508063268E-01  0.0000000000000000E+00  0.0000000000000000E+00  8.193690E+09  2.111066E+09  1.543550E+27  2.214001E+18  1.179548E+08  9.909627E+08  1.947761E+01  9.780465E-01
    436  4.4521393526494746E-01  0.0000000000000000E+00  0.0000000000000000E+00  8.210372E+09  2.110593E+09  1.544853E+27  2.210810E+18  1.186033E+08  9.915253E+08  1.928895E+01  9.782299E-01
    437  4.4524876494704430E-01  0.0000000000000000E+00  0.0000000000000000E+00  8.243533E+09  2.109651E+09  1.547482E+27  2.204328E+18  1.199117E+08  9.926582E+08  1.891694E+01  9.785945E-01
    438  4.4531145327741323E-01  0.0000000000000000E+00  0.0000000000000000E+00  8.303219E+09  2.107957E+09  1.552340E+27  2.192229E+18  1.223251E+08  9.947420E+08  1.826035E+01  9.792145E-01
    439  4.4532125210383200E-01  0.0000000000000000E+00  0.0000000000000000E+00  8.312549E+09  2.107692E+09  1.553114E+27  2.190287E+18  1.227092E+08  9.950730E+08  1.815924E+01  9.793118E-01
    440  4.4533352701000084E-01  0.0000000000000000E+00  0.0000000000000000E+00  8.324236E+09  2.107360E+09  1.554089E+27  2.187836E+18  1.231928E+08  9.954896E+08  1.803328E+01  9.794291E-01
    441  4.4535807682233847E-01  0.0000000000000000E+00  0.0000000000000000E+00  8.347610E+09  2.106697E+09  1.556059E+27  2.182866E+18  1.241691E+08  9.963298E+08  1.778320E+01  9.796627E-01
    442  4.4540717644701372E-01  0.0000000000000000E+00  0.0000000000000000E+00  8.394358E+09  2.105370E+09  1.560080E+27  2.172644E+18  1.261590E+08  9.980392E+08  1.729053E+01  9.801217E-01
    443  4.4541578209541932E-01  0.0000000000000000E+00  0.0000000000000000E+00  8.402552E+09  2.105137E+09  1.560794E+27  2.170818E+18  1.264753E+08  9.983423E+08  1.720548E+01  9.801888E-01
    444  4.4542618866573014E-01  0.0000000000000000E+00  0.0000000000000000E+00  8.412460E+09  2.104856E+09  1.561663E+27  2.168594E+18  1.269042E+08  9.987105E+08  1.710303E+01  9.802794E-01
    445  4.4543651778608856E-01  0.0000000000000000E+00  0.0000000000000000E+00  8.422295E+09  2.104577E+09  1.562530E+27  2.166370E+18  1.273321E+08  9.990777E+08  1.700181E+01  9.803672E-01
    446  4.4545717602680546E-01  0.0000000000000000E+00  0.0000000000000000E+00  8.441964E+09  2.104019E+09  1.564284E+27  2.161857E+18  1.281971E+08  9.998192E+08  1.680003E+01  9.805439E-01
    447  4.4549849250823925E-01  0.0000000000000000E+00  0.0000000000000000E+00  8.481301E+09  2.102902E+09  1.567853E+27  2.152624E+18  1.299537E+08  1.001324E+09  1.640222E+01  9.808856E-01
    448  4.4558112547110679E-01  0.0000000000000000E+00  0.0000000000000000E+00  8.559977E+09  2.100668E+09  1.575243E+27  2.133296E+18  1.335774E+08  1.004422E+09  1.562889E+01  9.815222E-01
    449  4.4559365012260793E-01  0.0000000000000000E+00  0.0000000000000000E+00  8.571902E+09  2.100330E+09  1.576390E+27  2.130274E+18  1.341382E+08  1.004901E+09  1.551468E+01  9.816186E-01
    450  4.4560802265905286E-01  0.0000000000000000E+00  0.0000000000000000E+00  8.585586E+09  2.099942E+09  1.577715E+27  2.126777E+18  1.347851E+08  1.005454E+09  1.538464E+01  9.817186E-01
    451  4.4563676773194266E-01  0.0000000000000000E+00  0.0000000000000000E+00  8.612955E+09  2.099165E+09  1.580398E+27  2.119669E+18  1.360934E+08  1.006572E+09  1.512709E+01  9.819145E-01
    452  4.4564251674652061E-01  0.0000000000000000E+00  0.0000000000000000E+00  8.618428E+09  2.099009E+09  1.580943E+27  2.118219E+18  1.363588E+08  1.006798E+09  1.507565E+01  9.819533E-01
    453  4.4564986547150082E-01  0.0000000000000000E+00  0.0000000000000000E+00  8.625425E+09  2.098811E+09  1.581637E+27  2.116374E+18  1.366967E+08  1.007087E+09  1.501067E+01  9.820011E-01
    454  4.4566456292146123E-01  0.0000000000000000E+00  0.0000000000000000E+00  8.639419E+09  2.098413E+09  1.583035E+27  2.112649E+18  1.373768E+08  1.007668E+09  1.488126E+01  9.820950E-01
    455  4.4569395782138210E-01  0.0000000000000000E+00  0.0000000000000000E+00  8.663089E+09  2.097610E+09  1.585309E+27  2.106219E+18  1.385467E+08  1.008655E+09  1.466296E+01  9.822441E-01
    456  4.4575274762122385E-01  0.0000000000000000E+00  0.0000000000000000E+00  8.662890E+09  2.095910E+09  1.583605E+27  2.106389E+18  1.385549E+08  1.008522E+09  1.466521E+01  9.822780E-01
    457  4.4587032722090736E-01  0.0000000000000000E+00  0.0000000000000000E+00  8.662490E+09  2.092510E+09  1.580215E+27  2.106669E+18  1.385801E+08  1.008264E+09  1.466777E+01  9.823294E-01
    458  4.4610548642027437E-01  0.0000000000000000E+00  0.0000000000000000E+00  8.661692E+09  2.085710E+09  1.573445E+27  2.107221E+18  1.386315E+08  1.007748E+09  1.467274E+01  9.824311E-01
    459  4.4657580481900833E-01  0.0000000000000000E+00  0.0000000000000000E+00  8.660115E+09  2.072154E+09  1.559995E+27  2.108278E+18  1.387402E+08  1.006722E+09  1.468153E+01  9.826297E-01
    460  4.4751644161647625E-01  0.0000000000000000E+00  0.0000000000000000E+00  8.657683E+09  2.046708E+09  1.534852E+27  2.110231E+18  1.389627E+08  1.004792E+09  1.469554E+01  9.830040E-01
    461  4.4939771521141214E-01  0.0000000000000000E+00  0.0000000000000000E+00  8.659998E+09  2.011151E+09  1.499624E+27  2.113618E+18  1.393260E+08  1.001979E+09  1.471286E+01  9.836452E-01
    462  4.4977396993039931E-01  0.0000000000000000E+00  0.0000000000000000E+00  8.661919E+09  2.006739E+09  1.495226E+27  2.114131E+18  1.393952E+08  1.001616E+09  1.471207E+01  9.837568E-01
    463  4.5006332706154806E-01  0.0000000000000000E+00  0.0000000000000000E+00  8.663878E+09  2.004111E+09  1.492601E+27  2.114459E+18  1.394496E+08  1.001398E+09  1.470985E+01  9.838373E-01
    464  4.5064204132384555E-01  0.0000000000000000E+00  0.0000000000000000E+00  8.669722E+09  2.001915E+09  1.490304E+27  2.114980E+18  1.395514E+08  1.001184E+09  1.470140E+01  9.839879E-01
    465  4.5179946984844055E-01  0.0000000000000000E+00  0.0000000000000000E+00  8.689639E+09  2.010572E+09  1.498273E+27  2.115462E+18  1.397235E+08  1.001704E+09  1.466753E+01  9.842471E-01
    466  4.5411432689763059E-01  0.0000000000000000E+00  0.0000000000000000E+00  8.753130E+09  2.064990E+09  1.549925E+27  2.115293E+18  1.399444E+08  1.005309E+09  1.456142E+01  9.846762E-01
    467  4.5782553277877502E-01  0.0000000000000000E+00  0.0000000000000000E+00  8.772366E+09  2.024972E+09  1.509724E+27  2.120084E+18  1.405651E+08  1.002009E+09  1.455612E+01  9.855054E-01
    468  4.5819712580541566E-01  0.0000000000000000E+00  0.0000000000000000E+00  8.766759E+09  2.009970E+09  1.495183E+27  2.120917E+18  1.406589E+08  1.000900E+09  1.456802E+01  9.856194E-01
    469  4.5866010258481876E-01  0.0000000000000000E+00  0.0000000000000000E+00  8.758530E+09  1.990002E+09  1.475869E+27  2.122086E+18  1.407632E+08  9.994075E+08  1.458782E+01  9.857383E-01
    470  4.5923241990266639E-01  0.0000000000000000E+00  0.0000000000000000E+00  8.745570E+09  1.962453E+09  1.449280E+27  2.123842E+18  1.408653E+08  9.973110E+08  1.462294E+01  9.858878E-01
    471  4.6037705453836164E-01  0.0000000000000000E+00  0.0000000000000000E+00  8.716932E+09  1.905790E+09  1.394960E+27  2.127547E+18  1.410498E+08  9.929215E+08  1.470202E+01  9.861766E-01
    472  4.6266632380975220E-01  0.0000000000000000E+00  0.0000000000000000E+00  8.669532E+09  1.807791E+09  1.302642E+27  2.133194E+18  1.415738E+08  9.852509E+08  1.481183E+01  9.866824E-01
    473  4.6724486235253332E-01  0.0000000000000000E+00  0.0000000000000000E+00  8.648645E+09  1.730890E+09  1.230773E+27  2.139220E+18  1.422146E+08  9.788140E+08  1.488302E+01  9.873224E-01
    474  4.7564392737460759E-01  0.0000000000000000E+00  0.0000000000000000E+00  8.662166E+09  1.671164E+09  1.175236E+27  2.145267E+18  1.432054E+08  9.735184E+08  1.488072E+01  9.881089E-01
    475  4.7664392735225586E-01  0.0000000000000000E+00  0.0000000000000000E+00  8.658591E+09  1.659196E+09  1.164237E+27  2.146342E+18  1.433023E+08  9.724532E+08  1.489463E+01  9.881941E-01
    476  4.7740423903821155E-01  0.0000000000000000E+00  0.0000000000000000E+00  8.655636E+09  1.650127E+09  1.155896E+27  2.147253E+18  1.433594E+08  9.716313E+08  1.490866E+01  9.882617E-01
    477  4.7892486241012294E-01  0.0000000000000000E+00  0.0000000000000000E+00  8.647559E+09  1.630308E+09  1.137704E+27  2.149308E+18  1.434491E+08  9.698138E+08  1.494541E+01  9.883976E-01
    478  4.8196610915394578E-01  0.0000000000000000E+00  0.0000000000000000E+00  8.630933E+09  1.590269E+09  1.101353E+27  2.153031E+18  1.436896E+08  9.661705E+08  1.500984E+01  9.886534E-01
    479  4.8691958737806329E-01  0.0000000000000000E+00  0.0000000000000000E+00  8.610144E+09  1.536331E+09  1.052871E+27  2.158141E+18  1.440743E+08  9.611625E+08  1.509270E+01  9.890042E-01
    480  4.9547855494314247E-01  0.0000000000000000E+00  0.0000000000000000E+00  8.568531E+09  1.443456E+09  9.711268E+26  2.165932E+18  1.448534E+08  9.524369E+08  1.522280E+01  9.895283E-01
    481  5.0547855471962500E-01  0.0000000000000000E+00  0.0000000000000000E+00  8.484457E+09  1.312805E+09  8.591737E+26  2.177175E+18  1.456754E+08  9.395043E+08  1.548232E+01  9.901308E-01
    482  5.1537115226348695E-01  0.0000000000000000E+00  0.0000000000000000E+00  8.384622E+09  1.185191E+09  7.532926E+26  2.188370E+18  1.464889E+08  9.259923E+08  1.577816E+01  9.906573E-01
    483  5.2537115203996954E-01  0.0000000000000000E+00  0.0000000000000000E+00  8.276298E+09  1.067185E+09  6.582982E+26  2.200622E+18  1.470751E+08  9.123589E+08  1.614790E+01  9.911583E-01
    484  5.3537115181645212E-01  0.0000000000000000E+00  0.0000000000000000E+00  8.188758E+09  9.796287E+08  5.898436E+26  2.210521E+18  1.475798E+08  9.014820E+08  1.645930E+01  9.915443E-01
    485  5.4537115159293470E-01  0.0000000000000000E+00  0.0000000000000000E+00  8.086818E+09  8.902792E+08  5.218380E+26  2.221702E+18  1.480172E+08  8.895533E+08  1.684895E+01  9.919306E-01
    486  5.5537115136941728E-01  0.0000000000000000E+00  0.0000000000000000E+00  7.970436E+09  8.007964E+08  4.557230E+26  2.234101E+18  1.484061E+08  8.766077E+08  1.732234E+01  9.923308E-01
    487  5.6537115114589986E-01  0.0000000000000000E+00  0.0000000000000000E+00  7.858655E+09  7.225742E+08  3.997394E+26  2.245796E+18  1.488235E+08  8.643976E+08  1.780101E+01  9.926865E-01
    488  5.7537115092238245E-01  0.0000000000000000E+00  0.0000000000000000E+00  7.744841E+09  6.503103E+08  3.496184E+26  2.257436E+18  1.492897E+08  8.522240E+08  1.831283E+01  9.930184E-01
    489  5.8537115069886503E-01  0.0000000000000000E+00  0.0000000000000000E+00  7.624946E+09  5.820441E+08  3.037191E+26  2.269739E+18  1.497465E+08  8.397116E+08  1.889717E+01  9.933410E-01
    490  5.8654596999999997E-01  0.0000000000000000E+00  0.0000000000000000E+00  7.611152E+09  5.747662E+08  2.989048E+26  2.271183E+18  1.497863E+08  8.382988E+08  1.896901E+01  9.933799E-01
