                           time                    temp                     den                    ener                    sdot                   sneut                   s-snu                      ye                   1-sum
      1  1.0175522000000001E-04  4.3036291000000000E+08  8.4957581000000000E+08  1.163760E+18  1.964723E+06  0.000000E+00  1.964723E+06  5.000000E-01  0.000000E+00 -1.568724E-05 -7.984453E-12
      2  1.0175522001017553E-04  4.3036290999999964E+08  8.4957580999999714E+08  1.163760E+18  1.964729E+06  0.000000E+00  1.964729E+06  5.000000E-01  0.000000E+00 -1.693821E-01 -8.621146E-08
      3  1.0175522003052657E-04  4.3036290999999893E+08  8.4957580999999142E+08  1.163760E+18  1.964740E+06  0.000000E+00  1.964740E+06  5.000000E-01  0.000000E+00 -5.081096E-01 -2.586141E-07
      4  1.0175522007122866E-04  4.3036290999999744E+08  8.4957580999997985E+08  1.163760E+18  1.964764E+06  0.000000E+00  1.964764E+06  5.000000E-01  0.000000E+00 -1.185543E+00 -6.034022E-07
      5  1.0175522015263284E-04  4.3036290999999452E+08  8.4957580999995697E+08  1.163760E+18  1.964811E+06  0.000000E+00  1.964811E+06  5.000000E-01  0.000000E+00 -2.540323E+00 -1.292910E-06
      6  1.0175522031544119E-04  4.3036290999998862E+08  8.4957580999991095E+08  1.163760E+18  1.964905E+06  0.000000E+00  1.964905E+06  5.000000E-01  0.000000E+00 -5.249538E+00 -2.671650E-06
      7  1.0175522064105789E-04  4.3036290999997687E+08  8.4957580999981904E+08  1.163760E+18  1.965093E+06  0.000000E+00  1.965093E+06  5.000000E-01  0.000000E+00 -1.066659E+01 -5.428031E-06
      8  1.0175522129229130E-04  4.3036290999995339E+08  8.4957580999963522E+08  1.163760E+18  1.965469E+06  0.000000E+00  1.965469E+06  5.000000E-01  0.000000E+00 -2.149516E+01 -1.093640E-05
      9  1.0175522259475811E-04  4.3036290999990642E+08  8.4957580999926770E+08  1.163760E+18  1.966221E+06  0.000000E+00  1.966221E+06  5.000000E-01  0.000000E+00 -4.313021E+01 -2.193559E-05
     10  1.0175522519969174E-04  4.3036290999981248E+08  8.4957580999853241E+08  1.163760E+18  1.967720E+06  0.000000E+00  1.967720E+06  5.000000E-01  0.000000E+00 -8.631212E+01 -4.386401E-05
     11  1.0175523040955900E-04  4.3036290999962461E+08  8.4957580999706209E+08  1.163760E+18  1.970708E+06  0.000000E+00  1.970708E+06  5.000000E-01  0.000000E+00 -1.723242E+02 -8.744282E-05
     12  1.0175524082929354E-04  4.3036290999924886E+08  8.4957580999412119E+08  1.163760E+18  1.976634E+06  0.000000E+00  1.976634E+06  5.000000E-01  0.000000E+00 -3.429506E+02 -1.735023E-04
     13  1.0175526166876259E-04  4.3036290999849737E+08  8.4957580998823953E+08  1.163760E+18  1.988294E+06  0.000000E+00  1.988294E+06  5.000000E-01  0.000000E+00 -6.786822E+02 -3.413390E-04
     14  1.0175530334770070E-04  4.3036290999699438E+08  8.4957580997647631E+08  1.163760E+18  2.010866E+06  0.000000E+00  2.010866E+06  5.000000E-01  0.000000E+00 -1.328614E+03 -6.607171E-04
     15  1.0175538670557692E-04  4.3036290999398839E+08  8.4957580995294964E+08  1.163760E+18  2.053167E+06  0.000000E+00  2.053167E+06  5.000000E-01  0.000000E+00 -2.546595E+03 -1.240325E-03
     16  1.0175555342132937E-04  4.3036290998797643E+08  8.4957580990589643E+08  1.163760E+18  2.127483E+06  0.000000E+00  2.127483E+06  5.000000E-01  0.000000E+00 -4.686385E+03 -2.202784E-03
     17  1.0175588685283427E-04  4.3036290997595245E+08  8.4957580981178999E+08  1.163760E+18  2.242401E+06  0.000000E+00  2.242401E+06  5.000000E-01  0.000000E+00 -7.995219E+03 -3.565473E-03
     18  1.0175655371584406E-04  4.3036290995190454E+08  8.4957580962357712E+08  1.163760E+18  2.380909E+06  0.000000E+00  2.380909E+06  5.000000E-01  0.000000E+00 -1.198330E+04 -5.033078E-03
     19  1.0175788744186364E-04  4.3036290990380871E+08  8.4957580924715137E+08  1.163760E+18  2.484617E+06  0.000000E+00  2.484617E+06  5.000000E-01  0.000000E+00 -1.496937E+04 -6.024821E-03
     20  1.0176055489390281E-04  4.3036290980761701E+08  8.4957580849429977E+08  1.163760E+18  2.516518E+06  0.000000E+00  2.516518E+06  5.000000E-01  0.000000E+00 -1.588789E+04 -6.313444E-03
     21  1.0176588979798114E-04  4.3036290961523366E+08  8.4957580698859668E+08  1.163760E+18  2.518152E+06  0.000000E+00  2.518152E+06  5.000000E-01  0.000000E+00 -1.593496E+04 -6.328036E-03
     22  1.0177655960613782E-04  4.3036290923046690E+08  8.4957580397719049E+08  1.163760E+18  2.518139E+06  0.000000E+00  2.518139E+06  5.000000E-01  0.000000E+00 -1.593458E+04 -6.327917E-03
     23  1.0179789922245117E-04  4.3036290846093351E+08  8.4957579795437813E+08  1.163760E+18  2.518139E+06  0.000000E+00  2.518139E+06  5.000000E-01  0.000000E+00 -1.593458E+04 -6.327917E-03
     24  1.0184057845507785E-04  4.3036290692186660E+08  8.4957578590875340E+08  1.163760E+18  2.518140E+06  0.000000E+00  2.518140E+06  5.000000E-01  0.000000E+00 -1.593458E+04 -6.327919E-03
     25  1.0192593692033123E-04  4.3036290384373289E+08  8.4957576181750381E+08  1.163760E+18  2.518141E+06  0.000000E+00  2.518141E+06  5.000000E-01  0.000000E+00 -1.593460E+04 -6.327923E-03
     26  1.0209665385083798E-04  4.3036289768746537E+08  8.4957571363500488E+08  1.163760E+18  2.518143E+06  0.000000E+00  2.518143E+06  5.000000E-01  0.000000E+00 -1.593463E+04 -6.327931E-03
     27  1.0243808771185149E-04  4.3036288537493038E+08  8.4957561727000690E+08  1.163760E+18  2.518147E+06  0.000000E+00  2.518147E+06  5.000000E-01  0.000000E+00 -1.593470E+04 -6.327946E-03
     28  1.0312095543387850E-04  4.3036286074986035E+08  8.4957542454001081E+08  1.163760E+18  2.518156E+06  0.000000E+00  2.518156E+06  5.000000E-01  0.000000E+00 -1.593483E+04 -6.327977E-03
     29  1.0448669087793252E-04  4.3036281149972039E+08  8.4957503908001876E+08  1.163760E+18  2.518174E+06  0.000000E+00  2.518174E+06  5.000000E-01  0.000000E+00 -1.593510E+04 -6.328038E-03
     30  1.0721816176604055E-04  4.3036271299944037E+08  8.4957426816003454E+08  1.163760E+18  2.518209E+06  0.000000E+00  2.518209E+06  5.000000E-01  0.000000E+00 -1.593563E+04 -6.328161E-03
     31  1.1268110354225661E-04  4.3036251599888039E+08  8.4957272632006633E+08  1.163760E+18  2.518279E+06  0.000000E+00  2.518279E+06  5.000000E-01  0.000000E+00 -1.593669E+04 -6.328406E-03
     32  1.2360698709468874E-04  4.3036212199776047E+08  8.4956964264012980E+08  1.163760E+18  2.518420E+06  0.000000E+00  2.518420E+06  5.000000E-01 -4.440892E-16 -1.593882E+04 -6.328896E-03
     33  1.4545875419955299E-04  4.3036133399552053E+08  8.4956347528025663E+08  1.163760E+18  2.518700E+06  0.000000E+00  2.518700E+06  5.000000E-01  0.000000E+00 -1.594306E+04 -6.329876E-03
     34  1.8916228840928150E-04  4.3035975799104077E+08  8.4955114056051040E+08  1.163760E+18  2.519261E+06  0.000000E+00  2.519261E+06  5.000000E-01  0.000000E+00 -1.595154E+04 -6.331833E-03
     35  2.7656935682873854E-04  4.3035748115873897E+08  8.4952704274142289E+08  1.163760E+18  2.520527E+06  0.000000E+00  2.520527E+06  5.000000E-01  0.000000E+00 -1.596943E+04 -6.335752E-03
     36  4.5138349366765263E-04  4.3035565440462619E+08  8.4948066661160994E+08  1.163760E+18  2.523509E+06  0.000000E+00  2.523509E+06  5.000000E-01 -2.220446E-16 -1.600811E+04 -6.343593E-03
     37  8.0101176734548069E-04  4.3036207202037370E+08  8.4939501344183242E+08  1.163760E+18  2.531141E+06  0.000000E+00  2.531141E+06  5.000000E-01 -4.440892E-16 -1.609624E+04 -6.359283E-03
     38  1.5002683147011370E-03  4.3041278050399339E+08  8.4925358180218899E+08  1.163760E+18  2.552785E+06  0.000000E+00  2.552785E+06  5.000000E-01 -4.440892E-16 -1.631403E+04 -6.390678E-03
     39  2.8987814094124497E-03  4.1999764526167470E+08  8.4897987451044202E+08  1.163760E+18  1.346209E+06  0.000000E+00  1.346209E+06  5.000000E-01 -6.661338E-16 -9.169559E+03 -6.811392E-03
     40  5.6958075988350742E-03  4.2031630052326220E+08  8.4990072199240601E+08  1.163760E+18  1.367290E+06  0.000000E+00  1.367290E+06  5.000000E-01 -6.661338E-16 -8.715688E+03 -6.374424E-03
     41  1.1289859977680325E-02  4.2030763159831601E+08  8.5001416261890817E+08  1.163760E+18  1.404487E+06  0.000000E+00  1.404487E+06  5.000000E-01 -8.881784E-16 -9.129358E+03 -6.500137E-03
     42  2.1289859754162907E-02  4.2031043739606053E+08  8.5007136706878245E+08  1.163760E+18  1.466984E+06  0.000000E+00  1.466984E+06  5.000000E-01 -8.881784E-16 -9.827903E+03 -6.699392E-03
     43  3.1289859530645489E-02  4.2021599110911131E+08  8.5024957182009804E+08  1.163760E+18  1.514936E+06  0.000000E+00  1.514936E+06  5.000000E-01 -8.881784E-16 -1.039919E+04 -6.864443E-03
     44  4.1289859307128071E-02  4.2002297553375560E+08  8.5061746050036311E+08  1.163760E+18  1.548393E+06  0.000000E+00  1.548393E+06  5.000000E-01 -1.110223E-15 -1.084128E+04 -7.001636E-03
     45  5.1289859083610653E-02  4.1918239682229137E+08  8.5026369144483185E+08  1.163760E+18  1.509069E+06  0.000000E+00  1.509069E+06  5.000000E-01 -8.881784E-16 -1.073768E+04 -7.115431E-03
     46  6.1289858860093235E-02  4.1796230490347159E+08  8.4931513071128678E+08  1.163760E+18  1.425690E+06  0.000000E+00  1.425690E+06  5.000000E-01 -8.881784E-16 -1.027276E+04 -7.205461E-03
     47  7.1289858636575817E-02  4.1785602162217015E+08  8.4906561712580097E+08  1.163760E+18  1.442561E+06  0.000000E+00  1.442561E+06  5.000000E-01 -1.110223E-15 -1.050294E+04 -7.280756E-03
     48  8.1289858413058400E-02  4.1748992232329232E+08  8.4853641324341130E+08  1.163760E+18  1.431749E+06  0.000000E+00  1.431749E+06  5.000000E-01 -1.110223E-15 -1.051857E+04 -7.346657E-03
     49  9.1289858189540982E-02  4.1708039418728209E+08  8.4834707935109985E+08  1.163760E+18  1.416270E+06  0.000000E+00  1.416270E+06  5.000000E-01 -1.110223E-15 -1.048423E+04 -7.402708E-03
     50  1.0128985796602356E-01  4.1658568089480352E+08  8.4806235323315346E+08  1.163760E+18  1.390461E+06  0.000000E+00  1.390461E+06  5.000000E-01 -1.110223E-15 -1.035995E+04 -7.450731E-03
     51  1.1128985774250615E-01  4.1596266027777123E+08  8.4767074398658454E+08  1.163760E+18  1.351679E+06  0.000000E+00  1.351679E+06  5.000000E-01 -1.110223E-15 -1.012678E+04 -7.492000E-03
     52  1.2128985751898873E-01  4.1513214649918199E+08  8.4682445514693844E+08  1.163760E+18  1.293098E+06  0.000000E+00  1.293098E+06  5.000000E-01 -1.110223E-15 -9.734284E+03 -7.527878E-03
     53  1.3128985729547132E-01  4.1436207652479428E+08  8.4536225538297284E+08  1.163760E+18  1.236316E+06  0.000000E+00  1.236316E+06  5.000000E-01 -1.110223E-15 -9.344555E+03 -7.558385E-03
     54  1.4128985707195391E-01  4.1436010670365191E+08  8.4803622168313253E+08  1.163760E+18  1.258612E+06  0.000000E+00  1.258612E+06  5.000000E-01 -1.110223E-15 -9.537111E+03 -7.577485E-03
     55  1.5128985684843649E-01  4.1299523795011485E+08  8.4605195518650150E+08  1.163760E+18  1.156485E+06  0.000000E+00  1.156485E+06  5.000000E-01 -1.110223E-15 -8.793289E+03 -7.603461E-03
     56  1.6128985662491907E-01  4.1206454036102480E+08  8.4549403970217276E+08  1.163760E+18  1.095744E+06  0.000000E+00  1.095744E+06  5.000000E-01 -1.110223E-15 -8.350240E+03 -7.620614E-03
     57  1.7128985640140165E-01  4.1083944035188967E+08  8.4480721255062699E+08  1.163760E+18  1.018380E+06  0.000000E+00  1.018380E+06  5.000000E-01 -1.110223E-15 -7.775697E+03 -7.635361E-03
     58  1.8128985617788423E-01  4.0937633161988407E+08  8.4340168005472422E+08  1.163760E+18  9.291618E+05  0.000000E+00  9.291618E+05  5.000000E-01 -1.110223E-15 -7.106292E+03 -7.648067E-03
     59  1.9128985595436682E-01  4.0820858797553688E+08  8.4350322403240192E+08  1.163760E+18  8.675555E+05  0.000000E+00  8.675555E+05  5.000000E-01 -8.881784E-16 -6.640832E+03 -7.654648E-03
     60  2.0128985573084940E-01  4.0624934307279611E+08  8.4244675320842648E+08  1.163760E+18  7.678002E+05  0.000000E+00  7.678002E+05  5.000000E-01 -1.110223E-15 -5.883042E+03 -7.662203E-03
     61  2.1128985550733198E-01  4.0407365906883717E+08  8.4126364387740862E+08  1.163760E+18  6.695071E+05  0.000000E+00  6.695071E+05  5.000000E-01 -1.110223E-15 -5.132620E+03 -7.666266E-03
     62  2.2128985528381456E-01  4.0166472781591183E+08  8.3997501750732851E+08  1.163760E+18  5.746876E+05  0.000000E+00  5.746876E+05  5.000000E-01 -1.110223E-15 -4.406703E+03 -7.667998E-03
     63  2.3128985506029714E-01  3.9888885102075297E+08  8.3861811519165480E+08  1.163760E+18  4.817162E+05  0.000000E+00  4.817162E+05  5.000000E-01 -4.897638E-12 -3.693258E+03 -7.666876E-03
     64  2.4128985483677973E-01  3.9581129639782399E+08  8.3703822257096958E+08  1.163760E+18  3.243379E+05  0.000000E+00  3.243379E+05  5.000000E-01 -4.897638E-12 -3.031793E+03 -9.347639E-03
     65  2.5128985461326231E-01  3.9231053437636727E+08  8.3499049694567299E+08  1.163760E+18  2.810937E+05  0.000000E+00  2.810937E+05  5.000000E-01 -4.897194E-12 -2.416379E+03 -8.596349E-03
     66  2.6128985438974489E-01  3.8847693905852026E+08  8.3279937125366879E+08  1.163760E+18  2.343181E+05  0.000000E+00  2.343181E+05  5.000000E-01 -4.897194E-12 -1.882695E+03 -8.034784E-03
     67  2.7128985416622747E-01  3.8447941863143867E+08  8.3092059994749093E+08  1.163760E+18  1.869796E+05  0.000000E+00  1.869796E+05  5.000000E-01 -4.897194E-12 -1.451189E+03 -7.761216E-03
     68  2.8128985394271006E-01  3.8760998875828493E+08  8.2725863089277196E+08  1.163760E+18  2.170126E+05  0.000000E+00  2.170126E+05  5.000000E-01 -4.897416E-12 -1.735342E+03 -7.996501E-03
     69  2.9128985371919264E-01  3.9356679281184614E+08  8.2352962499171484E+08  1.163760E+18  2.458930E+05  0.000000E+00  2.458930E+05  5.000000E-01 -4.897416E-12 -2.462757E+03 -1.001557E-02
     70  3.0128985349567522E-01  4.0052077471933806E+08  8.2261507687064886E+08  1.163760E+18  4.899425E+05  0.000000E+00  4.899425E+05  5.000000E-01 -4.897416E-12 -3.748423E+03 -7.650740E-03
     71  3.1128985327215780E-01  4.0662823966793454E+08  8.1694333279913378E+08  1.163760E+18  6.942444E+05  0.000000E+00  6.942444E+05  5.000000E-01 -4.897416E-12 -5.317998E+03 -7.660124E-03
     72  3.2128985304864038E-01  4.1377635382204801E+08  8.0993355267604625E+08  1.163760E+18  1.040445E+06  0.000000E+00  1.040445E+06  5.000000E-01 -4.897416E-12 -7.977123E+03 -7.667033E-03
     73  3.3128985282512297E-01  4.2260979632841861E+08  8.0699149958815575E+08  1.163760E+18  1.753645E+06  0.000000E+00  1.753645E+06  5.000000E-01 -4.897194E-12 -1.344970E+04 -7.669568E-03
     74  3.4128985260160555E-01  4.3089303685691297E+08  8.0179230461215949E+08  1.163760E+18  2.836356E+06  0.000000E+00  2.836356E+06  5.000000E-01 -4.897194E-12 -2.185785E+04 -7.706314E-03
     75  3.5128985237808813E-01  4.3836111355645084E+08  7.9123919532156777E+08  1.163760E+18  4.281697E+06  0.000000E+00  4.281697E+06  5.000000E-01 -4.896972E-12 -3.337865E+04 -7.795658E-03
     76  3.6128985215457071E-01  4.2437073497389585E+08  7.8412004524840510E+08  1.163760E+18  1.887589E+06  0.000000E+00  1.887589E+06  5.000000E-01 -4.896750E-12 -1.514556E+04 -8.023760E-03
     77  3.7128985193105329E-01  4.1021606406616688E+08  7.7702208435906005E+08  1.163760E+18  7.963537E+05  0.000000E+00  7.963537E+05  5.000000E-01 -4.896972E-12 -6.411392E+03 -8.050934E-03
     78  3.8128985170753588E-01  3.9584982742742443E+08  7.6615096949922955E+08  1.163760E+18  2.914002E+05  0.000000E+00  2.914002E+05  5.000000E-01 -4.896750E-12 -2.603737E+03 -8.935261E-03
     79  3.9128985148401846E-01  3.9575073518033493E+08  7.5541474373465109E+08  1.163760E+18  2.914722E+05  0.000000E+00  2.914722E+05  5.000000E-01 -4.896750E-12 -2.439088E+03 -8.368169E-03
     80  4.0128985126050104E-01  4.1041825271065634E+08  7.3837257345373666E+08  1.163760E+18  6.713148E+05  0.000000E+00  6.713148E+05  5.000000E-01 -4.896750E-12 -5.385955E+03 -8.022995E-03
     81  4.1128985103698362E-01  4.3366709128663635E+08  7.2188442625094688E+08  1.163760E+18  2.430589E+06  0.000000E+00  2.430589E+06  5.000000E-01 -4.896972E-12 -1.947574E+04 -8.012766E-03
     82  4.2128985081346620E-01  3.5526530017711711E+08  7.0857386127733445E+08  1.163760E+18  2.179295E+04  0.000000E+00  2.179295E+04  5.000000E-01 -4.897416E-12 -1.362785E+02 -6.253328E-03
     83  4.3128985058994879E-01  1.7291850337523058E+08  6.9258843896647191E+08  1.163760E+18  1.747929E+03  0.000000E+00  1.747929E+03  5.000000E-01 -4.896972E-12 -1.078931E-02 -6.172624E-06
     84  4.4128985036643137E-01  2.6426943813231148E+07  6.7096165759610355E+08  1.163760E+18  1.610879E+03  0.000000E+00  1.610879E+03  5.000000E-01 -4.896972E-12 -1.585749E-10 -9.844000E-14
     85  4.5128985014291395E-01  2.4589776938973728E+08  6.4380216722185445E+08  1.163760E+18  1.573485E+03  0.000000E+00  1.573485E+03  5.000000E-01 -4.897194E-12 -4.523610E-01 -2.874898E-04
     86  4.5128985114291392E-01  2.4589778020310262E+08  6.4380216403756177E+08  1.163760E+18  1.573474E+03  0.000000E+00  1.573474E+03  5.000000E-01 -4.897194E-12 -4.521769E-01 -2.873748E-04
     87  4.5128985314291387E-01  2.4589780182983330E+08  6.4380215766897643E+08  1.163760E+18  1.573453E+03  0.000000E+00  1.573453E+03  5.000000E-01 -4.897194E-12 -4.518164E-01 -2.871496E-04
     88  4.5128985714291375E-01  2.4589784508329466E+08  6.4380214493180561E+08  1.163760E+18  1.573411E+03  0.000000E+00  1.573411E+03  5.000000E-01 -4.897194E-12 -4.511258E-01 -2.867183E-04
     89  4.5128986514291358E-01  2.4589793159021798E+08  6.4380211945746386E+08  1.163760E+18  1.573335E+03  0.000000E+00  1.573335E+03  5.000000E-01 -4.897194E-12 -4.498583E-01 -2.859266E-04
     90  4.5128988114291324E-01  2.4589810460406464E+08  6.4380206850878024E+08  1.163760E+18  1.573206E+03  0.000000E+00  1.573206E+03  5.000000E-01 -4.897194E-12 -4.477216E-01 -2.845918E-04
     91  4.5128991314291250E-01  2.4589845063175735E+08  6.4380196661141336E+08  1.163760E+18  1.573023E+03  0.000000E+00  1.573023E+03  5.000000E-01 -4.897194E-12 -4.446748E-01 -2.826881E-04
     92  4.5128997714291108E-01  2.4589914268714339E+08  6.4380176281667936E+08  1.163760E+18  1.572833E+03  0.000000E+00  1.572833E+03  5.000000E-01 -4.897194E-12 -4.415344E-01 -2.807256E-04
     93  4.5129010514290824E-01  2.4590052679791546E+08  6.4380135522721148E+08  1.163760E+18  1.572727E+03  0.000000E+00  1.572727E+03  5.000000E-01 -4.897194E-12 -4.397872E-01 -2.796335E-04
     94  4.5129036114290250E-01  2.4590329501945898E+08  6.4380054004827571E+08  1.163760E+18  1.572712E+03  0.000000E+00  1.572712E+03  5.000000E-01 -4.897194E-12 -4.395112E-01 -2.794607E-04
     95  4.5129087314289107E-01  2.4590883146254665E+08  6.4379890969040406E+08  1.163760E+18  1.572724E+03  0.000000E+00  1.572724E+03  5.000000E-01 -4.897194E-12 -4.396081E-01 -2.795201E-04
     96  4.5129189714286816E-01  2.4591990434872136E+08  6.4379564897466087E+08  1.163760E+18  1.572753E+03  0.000000E+00  1.572753E+03  5.000000E-01 -4.897194E-12 -4.398236E-01 -2.796520E-04
     97  4.5129394514282239E-01  2.4594205012107137E+08  6.4378912754317451E+08  1.163760E+18  1.572812E+03  0.000000E+00  1.572812E+03  5.000000E-01 -4.897194E-12 -4.402573E-01 -2.799173E-04
     98  4.5129804114273087E-01  2.4598634166577139E+08  6.4377608468020153E+08  1.163760E+18  1.572930E+03  0.000000E+00  1.572930E+03  5.000000E-01 -4.897194E-12 -4.411259E-01 -2.804485E-04
     99  4.5130623314254775E-01  2.4607492475517085E+08  6.4374999895425582E+08  1.163760E+18  1.573167E+03  0.000000E+00  1.573167E+03  5.000000E-01 -4.897194E-12 -4.428680E-01 -2.815136E-04
    100  4.5132261714218153E-01  2.4625209093396977E+08  6.4369782750236452E+08  1.163760E+18  1.573645E+03  0.000000E+00  1.573645E+03  5.000000E-01 -4.897194E-12 -4.463718E-01 -2.836546E-04
    101  4.5135538514144913E-01  2.4660642329156822E+08  6.4359348459858167E+08  1.163760E+18  1.574615E+03  0.000000E+00  1.574615E+03  5.000000E-01 -4.897194E-12 -4.534567E-01 -2.879793E-04
    102  4.5142092113998428E-01  2.4731508800676450E+08  6.4338479879101622E+08  1.163760E+18  1.576612E+03  0.000000E+00  1.576612E+03  5.000000E-01 -4.897194E-12 -4.679394E-01 -2.968005E-04
    103  4.5155199313705457E-01  2.4873241743715706E+08  6.4296742717588532E+08  1.163760E+18  1.580842E+03  0.000000E+00  1.580842E+03  5.000000E-01 -4.897194E-12 -4.981973E-01 -3.151469E-04
    104  4.5181413713119523E-01  2.4406896071643716E+08  6.4213132273453152E+08  1.163760E+18  1.557260E+03  0.000000E+00  1.557260E+03  5.000000E-01 -4.897194E-12 -4.011018E-01 -2.575689E-04
    105  4.5233842511947647E-01  2.2162979444057867E+08  6.4045673344786751E+08  1.163760E+18  1.492520E+03  0.000000E+00  1.492520E+03  5.000000E-01 -4.897194E-12 -1.348038E-01 -9.031964E-05
    106  4.5338700109603897E-01  1.2361386637334727E+08  6.3757913713447702E+08  1.163760E+18  1.445365E+03  0.000000E+00  1.445365E+03  5.000000E-01 -4.897194E-12 -1.927892E-04 -1.333844E-07
    107  4.5548415304916395E-01  6.2431002830961764E+07  6.3121204695753002E+08  1.163760E+18  1.420901E+03  0.000000E+00  1.420901E+03  5.000000E-01 -4.897194E-12 -1.972930E-07 -1.388506E-10
    108  4.5548415346859433E-01  6.2431064189335786E+07  6.3121204553514802E+08  1.163760E+18  1.420901E+03  0.000000E+00  1.420901E+03  5.000000E-01 -4.897194E-12 -1.972946E-07 -1.388518E-10
    109  4.5548415430745509E-01  6.2431186906083837E+07  6.3121204269038391E+08  1.163760E+18  1.420901E+03  0.000000E+00  1.420901E+03  5.000000E-01 -4.897194E-12 -1.972980E-07 -1.388541E-10
    110  4.5548415598517666E-01  6.2431432339588046E+07  6.3121203700085557E+08  1.163760E+18  1.420901E+03  0.000000E+00  1.420901E+03  5.000000E-01 -4.897194E-12 -1.973047E-07 -1.388589E-10
    111  4.5548415934061981E-01  6.2431923206596464E+07  6.3121202562179899E+08  1.163760E+18  1.420901E+03  0.000000E+00  1.420901E+03  5.000000E-01 -4.897194E-12 -1.973181E-07 -1.388683E-10
    112  4.5548416605150605E-01  6.2432904940605186E+07  6.3121200286368597E+08  1.163760E+18  1.420901E+03  0.000000E+00  1.420901E+03  5.000000E-01 -4.897194E-12 -1.973450E-07 -1.388872E-10
    113  4.5548417947327857E-01  6.2434868408630751E+07  6.3121195734745979E+08  1.163760E+18  1.420901E+03  0.000000E+00  1.420901E+03  5.000000E-01 -4.897194E-12 -1.973987E-07 -1.389250E-10
    114  4.5548420631682357E-01  6.2438795344673760E+07  6.3121186631500745E+08  1.163760E+18  1.420900E+03  0.000000E+00  1.420900E+03  5.000000E-01 -4.897194E-12 -1.975061E-07 -1.390007E-10
    115  4.5548426000391357E-01  6.2446649216759786E+07  6.3121168425010300E+08  1.163760E+18  1.420899E+03  0.000000E+00  1.420899E+03  5.000000E-01 -4.897194E-12 -1.977212E-07 -1.391522E-10
    116  4.5548436737809356E-01  6.2462356960931823E+07  6.3121132012029386E+08  1.163760E+18  1.420898E+03  0.000000E+00  1.420898E+03  5.000000E-01 -4.897194E-12 -1.981520E-07 -1.394555E-10
    117  4.5548458212645354E-01  6.2493772449275896E+07  6.3121059186067581E+08  1.163760E+18  1.420895E+03  0.000000E+00  1.420895E+03  5.000000E-01 -4.897194E-12 -1.990163E-07 -1.400641E-10
    118  4.5548501162317356E-01  6.2556603425972171E+07  6.3120913534143925E+08  1.163760E+18  1.420889E+03  0.000000E+00  1.420889E+03  5.000000E-01 -4.897194E-12 -2.007558E-07 -1.412889E-10
    119  4.5548587061661355E-01  6.2682265379356600E+07  6.3120622230296659E+08  1.163760E+18  1.420876E+03  0.000000E+00  1.420876E+03  5.000000E-01 -4.897194E-12 -2.042781E-07 -1.437691E-10
    120  4.5548758860349353E-01  6.2933589286125459E+07  6.3120039622602105E+08  1.163760E+18  1.420851E+03  0.000000E+00  1.420851E+03  5.000000E-01 -4.897194E-12 -2.115002E-07 -1.488545E-10
    121  4.5549102457725354E-01  6.3436237099671304E+07  6.3118874407212996E+08  1.163760E+18  1.420802E+03  0.000000E+00  1.420802E+03  5.000000E-01 -4.897194E-12 -2.266796E-07 -1.595434E-10
    122  4.5549789652477357E-01  6.4441532726762980E+07  6.3116543976434779E+08  1.163760E+18  1.420703E+03  0.000000E+00  1.420703E+03  5.000000E-01 -4.897194E-12 -2.602020E-07 -1.831501E-10
    123  4.5551164041981357E-01  6.6452123980938219E+07  6.3111883114878345E+08  1.163760E+18  1.420505E+03  0.000000E+00  1.420505E+03  5.000000E-01 -4.897194E-12 -3.418806E-07 -2.406754E-10
    124  4.5553912820989356E-01  7.0473306489288688E+07  6.3102561391765499E+08  1.163760E+18  1.420110E+03  0.000000E+00  1.420110E+03  5.000000E-01 -4.897194E-12 -5.834740E-07 -4.108655E-10
    125  4.5559410379005355E-01  7.8515671505989626E+07  6.3083917945539796E+08  1.163760E+18  1.419319E+03  0.000000E+00  1.419319E+03  5.000000E-01 -4.897194E-12 -1.622874E-06 -1.143417E-09
    126  4.5570405495037353E-01  9.4600401539391518E+07  6.3046631053088379E+08  1.163760E+18  1.417743E+03  0.000000E+00  1.417743E+03  5.000000E-01 -4.897194E-12 -1.051932E-05 -7.419763E-09
    127  4.5592395727101354E-01  1.2676986160620341E+08  6.2972057268185532E+08  1.163760E+18  1.414686E+03  0.000000E+00  1.414686E+03  5.000000E-01 -4.897194E-12 -2.413628E-04 -1.706123E-07
    128  4.5596793773514155E-01  1.8800760294427910E+08  6.2962099665691006E+08  1.163760E+18  1.419989E+03  0.000000E+00  1.419989E+03  5.000000E-01 -4.897194E-12 -2.002316E-02 -1.410093E-05
    129  4.5605589866339757E-01  3.7759817695300972E+08  6.2948255199895978E+08  1.163760E+18  5.501648E+04  0.000000E+00  5.501648E+04  5.000000E-01 -4.897194E-12 -3.717232E+02 -6.756579E-03
    130  4.5623182051990957E-01  7.5677932497035134E+08  6.2920566268305922E+08  1.163760E+18  4.925853E+13  0.000000E+00  4.925853E+13  5.000000E-01 -6.004308E-12 -2.347786E+12 -4.766253E-02
    131  4.5623228527244658E-01  7.5778105041835225E+08  6.2920493119343889E+08  1.163760E+18  3.839663E+12  0.000000E+00  3.839663E+12  5.000000E-01 -6.011636E-12 -5.130838E+10 -1.336273E-02
    132  4.5623321477752060E-01  7.5978450131435382E+08  6.2920346821419811E+08  1.163760E+18  4.049272E+12  0.000000E+00  4.049272E+12  5.000000E-01 -6.011414E-12 -5.292413E+10 -1.307004E-02
    133  4.5623507378766864E-01  7.6379140310635710E+08  6.2920054225571668E+08  1.163760E+18  4.592126E+12  0.000000E+00  4.592126E+12  5.000000E-01 -6.011414E-12 -6.041557E+10 -1.315634E-02
    134  4.5623879180796473E-01  7.7180520669036365E+08  6.2919469033875358E+08  1.163760E+18  5.926693E+12  0.000000E+00  5.926693E+12  5.000000E-01 -6.011858E-12 -7.897183E+10 -1.332477E-02
    135  4.5624622784855690E-01  7.8783281385837686E+08  6.2918298650482762E+08  1.163760E+18  9.914445E+12  0.000000E+00  9.914445E+12  5.000000E-01 -6.011636E-12 -1.353977E+11 -1.365661E-02
    136  4.5626109992974123E-01  8.1988802819440305E+08  6.2915957883697557E+08  1.163760E+18  2.738299E+13  0.000000E+00  2.738299E+13  5.000000E-01 -6.011858E-12 -3.954635E+11 -1.444194E-02
    137  4.5629084409210985E-01  8.8399845686633599E+08  6.2911276350127161E+08  1.163760E+18  1.829624E+14  0.000000E+00  1.829624E+14  5.000000E-01 -6.016743E-12 -2.936817E+12 -1.605147E-02
    138  4.5635033241684708E-01  1.0122193142102017E+09  6.2901913282986355E+08  1.163760E+18  4.847124E+15  0.000000E+00  4.847124E+15  5.000000E-01 -1.983769E-11 -9.064141E+13 -1.870004E-02
    139  4.5636223008179455E-01  1.0378634856790228E+09  6.2900040669558191E+08  1.163760E+18  8.479662E+15  0.000000E+00  8.479662E+15  5.000000E-01 -3.365042E-11 -1.667907E+14 -1.966949E-02
    140  4.5638602541168943E-01  1.0891518286165452E+09  6.2896295442701876E+08  1.163760E+18  2.567460E+16  0.000000E+00  2.567460E+16  5.000000E-01 -3.365441E-11 -5.297249E+14 -2.063225E-02
    141  4.5643361607147920E-01  1.1917285144915900E+09  6.2888804988989246E+08  1.163764E+18  1.953521E+17  0.000000E+00  1.953521E+17  5.000000E-01 -3.409606E-11 -4.421653E+15 -2.263428E-02
    142  4.5644313420343713E-01  1.2122438516665511E+09  6.2887306898246717E+08  1.163766E+18  2.851808E+17  0.000000E+00  2.851808E+17  5.000000E-01 -3.409584E-11 -6.508964E+15 -2.282399E-02
    143  4.5646217046735305E-01  1.2532745260165930E+09  6.2884310716761661E+08  1.163774E+18  6.003377E+17  0.000000E+00  6.003377E+17  5.000000E-01 -3.409650E-11 -1.392083E+16 -2.318834E-02
    144  4.5650024299518488E-01  1.3353358747166767E+09  6.2878318353791547E+08  1.163827E+18  2.584946E+18  0.000000E+00  2.584946E+18  5.000000E-01 -3.447775E-11 -5.706311E+16 -2.207517E-02
    145  4.5650739395021600E-01  1.3507490097976832E+09  6.2877192840972471E+08  1.163848E+18  3.475672E+18  0.000000E+00  3.475672E+18  5.000000E-01 -3.447931E-11 -7.529398E+16 -2.166314E-02
    146  4.5652169586027819E-01  1.3815752799595771E+09  6.2874941815334320E+08  1.163916E+18  6.299767E+18  0.000000E+00  6.299767E+18  5.000000E-01 -3.447842E-11 -1.238783E+17 -1.966396E-02
    147  4.5655029968040262E-01  1.4432278202834842E+09  6.2870439764058018E+08  1.164253E+18  1.923631E+19  0.000000E+00  1.923631E+19  5.000000E-01 -3.449374E-11 -3.205715E+17 -1.666491E-02
    148  4.5655602044442750E-01  1.4555583283482656E+09  6.2869539353802764E+08  1.164373E+18  2.295275E+19  0.000000E+00  2.295275E+19  5.000000E-01 -3.455436E-11 -3.873792E+17 -1.687725E-02
    149  4.5656746197247727E-01  1.4802193444778285E+09  6.2867738533292246E+08  1.164688E+18  3.253041E+19  0.000000E+00  3.253041E+19  5.000000E-01 -3.455369E-11 -5.564178E+17 -1.710454E-02
    150  4.5659034502857682E-01  1.5295413767369542E+09  6.2864136892271197E+08  1.165745E+18  6.305332E+19  0.000000E+00  6.305332E+19  5.000000E-01 -3.455569E-11 -1.129915E+18 -1.791999E-02
    151  4.5659492163979670E-01  1.5394057831887317E+09  6.2863416564066994E+08  1.166052E+18  7.141638E+19  0.000000E+00  7.141638E+19  5.000000E-01 -3.455547E-11 -1.272362E+18 -1.781611E-02
    152  4.5660407486223653E-01  1.5591345960924058E+09  6.2861975907658577E+08  1.166796E+18  9.175948E+19  0.000000E+00  9.175948E+19  5.000000E-01 -3.455569E-11 -1.662376E+18 -1.811666E-02
    153  4.5662238130711613E-01  1.5985922218996346E+09  6.2859094594841743E+08  1.168956E+18  1.484601E+20  0.000000E+00  1.484601E+20  5.000000E-01 -3.455591E-11 -2.764471E+18 -1.862096E-02
    154  4.5665899419687539E-01  1.6775074735142119E+09  6.2853331969208086E+08  1.177671E+18  3.251164E+20  0.000000E+00  3.251164E+20  4.999997E-01 -6.652085E-06 -2.862477E+18 -8.804467E-03
    155  4.5666374550489824E-01  1.6877484206393187E+09  6.2852584144887578E+08  1.179423E+18  3.873218E+20  0.000000E+00  3.873218E+20  4.999997E-01 -6.856089E-06 -7.510506E+18 -1.939087E-02
    156  4.5667033309216315E-01  1.7019472754678035E+09  6.2851547302412522E+08  1.182153E+18  4.423673E+20  0.000000E+00  4.423673E+20  4.999997E-01 -6.856089E-06 -8.612083E+18 -1.946817E-02
    157  4.5668350826669302E-01  1.7303449851248930E+09  6.2849473617462420E+08  1.188775E+18  5.675808E+20  0.000000E+00  5.675808E+20  4.999997E-01 -6.856089E-06 -1.137142E+19 -2.003489E-02
    158  4.5670985861575270E-01  1.7871404044389520E+09  6.2845326247562206E+08  1.207285E+18  7.666978E+20  0.000000E+00  7.666978E+20  4.999997E-01 -6.844368E-06 -6.655829E+18 -8.681164E-03
    159  4.5671485764132852E-01  1.7979152808209553E+09  6.2844539434144413E+08  1.211629E+18  8.978484E+20  0.000000E+00  8.978484E+20  4.999997E-01 -6.844368E-06 -1.817862E+19 -2.024687E-02
    160  4.5672310629437807E-01  1.8156943890849180E+09  6.2843241150949097E+08  1.219352E+18  9.780932E+20  0.000000E+00  9.780932E+20  4.999997E-01 -6.844368E-06 -1.968754E+19 -2.012849E-02
    161  4.5673960360047711E-01  1.8512526056127243E+09  6.2840644584558463E+08  1.236633E+18  1.114865E+21  0.000000E+00  1.114865E+21  4.999997E-01 -6.844368E-06 -2.297834E+19 -2.061088E-02
    162  4.5674290306169690E-01  1.8583642489182615E+09  6.2840125271280336E+08  1.240329E+18  1.129875E+21  0.000000E+00  1.129875E+21  4.999997E-01 -6.844368E-06 -2.262594E+19 -2.002517E-02
    163  4.5674950198413650E-01  1.8725875355293360E+09  6.2839086644724095E+08  1.247898E+18  1.164075E+21  0.000000E+00  1.164075E+21  4.999997E-01 -6.844368E-06 -2.349338E+19 -2.018202E-02
    164  4.5676269982901574E-01  1.9010341087516048E+09  6.2837009391611588E+08  1.263506E+18  1.203324E+21  0.000000E+00  1.203324E+21  4.999997E-01 -6.844368E-06 -2.512878E+19 -2.088281E-02
    165  4.5678909551877422E-01  1.9579272551961424E+09  6.2832854885386574E+08  1.294475E+18  1.128378E+21  0.000000E+00  1.128378E+21  4.999997E-01 -6.844368E-06 -2.426940E+19 -2.150822E-02
    166  4.5679281348508660E-01  1.9673299322138758E+09  6.2830743155591369E+08  1.298614E+18  1.115803E+21  0.000000E+00  1.115803E+21  4.999997E-01 -6.844368E-06 -2.262084E+19 -2.027315E-02
    167  4.5679932285127889E-01  1.9940324141867938E+09  6.2815791422768962E+08  1.306129E+18  1.192922E+21  0.000000E+00  1.192922E+21  4.999997E-01 -6.844368E-06 -2.472674E+19 -2.072788E-02
    168  4.5681234158366346E-01  2.0474373781326299E+09  6.2785887957124150E+08  1.322009E+18  1.288074E+21  0.000000E+00  1.288074E+21  4.999997E-01 -6.844368E-06 -3.412117E+19 -2.649006E-02
    169  4.5681469214595144E-01  2.0570797680776503E+09  6.2780488817135072E+08  1.324875E+18  1.217132E+21  0.000000E+00  1.217132E+21  4.999997E-01 -6.844368E-06 -2.544131E+19 -2.090267E-02
    170  4.5681895461339889E-01  2.0745651048698049E+09  6.2770698113623273E+08  1.329989E+18  1.184743E+21  0.000000E+00  1.184743E+21  4.999997E-01 -6.844368E-06 -2.474358E+19 -2.088519E-02
    171  4.5682747954829372E-01  2.1095357784538865E+09  6.2751116706599796E+08  1.339682E+18  1.091384E+21  0.000000E+00  1.091384E+21  4.999997E-01 -6.844368E-06 -2.387115E+19 -2.187237E-02
    172  4.5684452941808340E-01  2.1794771256220498E+09  6.2711953892552841E+08  1.355827E+18  7.723315E+20  0.000000E+00  7.723315E+20  4.999997E-01 -6.844368E-06 -1.371479E+19 -1.775765E-02
    173  4.5687270356200771E-01  2.2950520599578581E+09  6.2647239101586628E+08  1.372193E+18  3.937195E+20  0.000000E+00  3.937195E+20  4.999997E-01 -6.721198E-06 -3.952626E+18 -1.003919E-02
    174  4.5690917274826692E-01  2.4446546110952621E+09  6.2563470956871629E+08  1.381171E+18 -1.611581E+20  0.000000E+00 -1.611581E+20  5.000087E-01 -4.010935E-04  6.434357E+18 -3.992575E-02
    175  4.5691343911953353E-01  2.4621559619904156E+09  6.2553671286455941E+08  1.381740E+18  1.189541E+20  0.000000E+00  1.189541E+20  5.000087E-01 -4.025509E-04 -2.867061E+18 -2.410224E-02
    176  4.5691809124105087E-01  2.4812397233403220E+09  6.2542985564385617E+08  1.382290E+18  1.114505E+20  0.000000E+00  1.114505E+20  5.000087E-01 -4.025509E-04 -2.527796E+18 -2.268089E-02
    177  4.5692739548408551E-01  2.5194072460399065E+09  6.2521614120245099E+08  1.383228E+18  9.147974E+19  0.000000E+00  9.147974E+19  5.000087E-01 -4.025509E-04 -2.004588E+18 -2.191291E-02
    178  4.5694600397015478E-01  2.5957422914390764E+09  6.2478871231964076E+08  1.384690E+18  7.167454E+19  0.000000E+00  7.167454E+19  5.000087E-01 -4.025516E-04 -1.466050E+18 -2.045426E-02
    179  4.5694972566736863E-01  2.6110093005189104E+09  6.2470322654307866E+08  1.384946E+18  6.806760E+19  0.000000E+00  6.806760E+19  5.000087E-01 -4.025516E-04 -1.208178E+18 -1.774968E-02
    180  4.5695716906179634E-01  2.6415433186785784E+09  6.2453225498995447E+08  1.385445E+18  6.697036E+19  0.000000E+00  6.697036E+19  5.000087E-01 -4.025516E-04 -1.057014E+18 -1.578330E-02
    181  4.5697205585065176E-01  2.7026113549979138E+09  6.2419031188370621E+08  1.386474E+18  7.572947E+19  0.000000E+00  7.572947E+19  5.000087E-01 -4.025516E-04 -9.662595E+17 -1.275936E-02
    182  4.5700182942836265E-01  2.8247474276368132E+09  6.2350642567120850E+08  1.389356E+18  1.412742E+20  0.000000E+00  1.412742E+20  5.000087E-01 -4.025521E-04 -1.197663E+18 -8.477577E-03
    183  4.5700687886274383E-01  2.8454610311665363E+09  6.2339044234573340E+08  1.390066E+18  1.507546E+20  0.000000E+00  1.507546E+20  5.000087E-01 -4.025527E-04 -5.906185E+17 -3.917748E-03
    184  4.5701697773150618E-01  2.8868882382259827E+09  6.2315847569478321E+08  1.391795E+18  1.986655E+20  0.000000E+00  1.986655E+20  5.000087E-01 -4.025527E-04 -8.656118E+17 -4.357131E-03
    185  4.5703717546903094E-01  2.9697426523451033E+09  6.2269454239288175E+08  1.396997E+18  3.523607E+20  0.000000E+00  3.523607E+20  5.000087E-01 -4.025960E-04 -3.074148E+18 -8.724435E-03
    186  4.5704121501653588E-01  2.9863135351688814E+09  6.2260175573250175E+08  1.398398E+18  3.654755E+20  0.000000E+00  3.654755E+20  5.000087E-01 -4.025960E-04 -1.218907E+18 -3.335127E-03
    187  4.5704876879526224E-01  3.0173003677282343E+09  6.2242824869974351E+08  1.401404E+18  4.355449E+20  0.000000E+00  4.355449E+20  5.000086E-01 -4.025960E-04 -1.710407E+18 -3.927050E-03
    188  4.5706387635271489E-01  3.0792740328467121E+09  6.2208123463422823E+08  1.409034E+18  5.862294E+20  0.000000E+00  5.862294E+20  5.000086E-01 -4.026084E-04 -3.348929E+18 -5.712660E-03
    189  4.5706689786420540E-01  3.0916687658703170E+09  6.2201183182112575E+08  1.410824E+18  6.068759E+20  0.000000E+00  6.068759E+20  5.000086E-01 -4.026084E-04 -3.022835E+18 -4.980978E-03
    190  4.5707294088718647E-01  3.1164582319177537E+09  6.2187302619491935E+08  1.414660E+18  6.596649E+20  0.000000E+00  6.596649E+20  5.000086E-01 -4.026084E-04 -3.640549E+18 -5.518784E-03
    191  4.5708502693314862E-01  3.1660371640126271E+09  6.2159541494250679E+08  1.423298E+18  7.191904E+20  0.000000E+00  7.191904E+20  5.000086E-01 -4.026084E-04 -3.903907E+18 -5.428197E-03
    192  4.5710919902507285E-01  3.2651950282021465E+09  6.2104019243768275E+08  1.444095E+18  3.081905E+20  0.000000E+00  3.081905E+20  5.000086E-01 -4.026169E-04  9.677672E+17  3.140159E-03
    193  4.5711335368079936E-01  3.2822381037280240E+09  6.2094476179120064E+08  1.448185E+18  1.021870E+21  0.000000E+00  1.021870E+21  5.000086E-01 -4.026169E-04 -1.787643E+19 -1.749384E-02
    194  4.5711986182991138E-01  3.3089355930391369E+09  6.2079527241878438E+08  1.455007E+18  1.082422E+21  0.000000E+00  1.082422E+21  5.000086E-01 -4.026169E-04 -1.915138E+19 -1.769307E-02
    195  4.5713287812813541E-01  3.3623305716613617E+09  6.2049629367395186E+08  1.470601E+18  1.346842E+21  0.000000E+00  1.346842E+21  5.000086E-01 -4.026169E-04 -2.982146E+19 -2.214176E-02
    196  4.5715891072458342E-01  3.4691205289055834E+09  6.1989833618428802E+08  1.513245E+18  1.494960E+21  0.000000E+00  1.494960E+21  5.000086E-01 -4.026169E-04  1.924334E+19  1.287214E-02
    197  4.5716246116915144E-01  3.4836850316962757E+09  6.1981678400698912E+08  1.520449E+18  2.062973E+21  0.000000E+00  2.062973E+21  5.000086E-01 -4.026169E-04 -4.980214E+19 -2.414096E-02
    198  4.5716842033864491E-01  3.5081305170588331E+09  6.1967990445915318E+08  1.533249E+18  2.229778E+21  0.000000E+00  2.229778E+21  5.000086E-01 -4.026169E-04 -5.415760E+19 -2.428834E-02
    199  4.5718033867763191E-01  3.5570214877841763E+09  6.1940614536348009E+08  1.561042E+18  2.468898E+21  0.000000E+00  2.468898E+21  5.000086E-01 -4.026169E-04 -6.245998E+19 -2.529873E-02
    200  4.5720417535560592E-01  3.6548034292348623E+09  6.1885862717213368E+08  1.619892E+18  3.796256E+20  0.000000E+00  3.796256E+20  5.000086E-01 -4.026169E-04 -6.786204E+19 -1.787604E-01
    201  4.5723598929287657E-01  3.7853093896252146E+09  6.1812787478234947E+08  1.687775E+18 -1.914856E+21  0.000000E+00 -1.914856E+21  5.000084E-01 -4.080855E-04  6.135942E+20 -3.204388E-01
    202  4.5723975826329977E-01  3.8007703211213179E+09  6.1804130316059911E+08  1.694359E+18  1.522835E+21  0.000000E+00  1.522835E+21  5.000084E-01 -4.081028E-04 -2.771237E+19 -1.819789E-02
    203  4.5724484943881477E-01  3.8216551535910988E+09  6.1792436105931973E+08  1.702719E+18  1.561086E+21  0.000000E+00  1.561086E+21  5.000084E-01 -4.081028E-04 -4.440759E+19 -2.844661E-02
    204  4.5725503178984478E-01  3.8634248185306587E+09  6.1769047685676086E+08  1.717616E+18  1.275957E+21  0.000000E+00  1.275957E+21  5.000084E-01 -4.081028E-04 -2.520968E+19 -1.975746E-02
    205  4.5727539649190480E-01  3.9469641484097805E+09  6.1722270845164323E+08  1.740718E+18  1.709407E+20  0.000000E+00  1.709407E+20  5.000084E-01 -4.081028E-04  1.103875E+20  6.457650E-01
    206  4.5730832330254195E-01  4.0820352968890643E+09  6.1646639384159076E+08  1.763533E+18 -9.532541E+20  0.000000E+00 -9.532541E+20  5.000084E-01 -4.081028E-04 -1.184161E+20  1.242230E-01
    207  4.5731267870427122E-01  4.0999018652653408E+09  6.1636635214618349E+08  1.765536E+18  3.932404E+20  0.000000E+00  3.932404E+20  5.000084E-01 -4.081028E-04 -2.001820E+19 -5.090577E-02
    208  4.5731920596764380E-01  4.1266777643913326E+09  6.1621642372746289E+08  1.768173E+18  3.736495E+20  0.000000E+00  3.736495E+20  5.000084E-01 -4.081028E-04 -2.269918E+19 -6.074994E-02
    209  4.5733226049438902E-01  4.1802295626435423E+09  6.1591656689002037E+08  1.772273E+18  5.382506E+20  0.000000E+00  5.382506E+20  5.000084E-01 -4.081028E-04 -1.644607E+20 -3.055468E-01
    210  4.5735836954787945E-01  4.2873331591479626E+09  6.1531685321513522E+08  1.776822E+18 -2.544768E+21  0.000000E+00 -2.544768E+21  5.000084E-01 -4.081028E-04  4.644188E+20 -1.824995E-01
    211  4.5736282412021878E-01  4.3056065415440798E+09  6.1521453361367440E+08  1.777241E+18  1.130532E+20  0.000000E+00  1.130532E+20  5.000084E-01 -4.081028E-04 -2.933677E+19 -2.594952E-01
    212  4.5737016408199344E-01  4.3357162620882826E+09  6.1504593786388946E+08  1.777777E+18  2.322938E+20  0.000000E+00  2.322938E+20  5.000084E-01 -4.081028E-04 -9.013147E+19 -3.880064E-01
    213  4.5738484400554275E-01  4.3959357031766891E+09  6.1470874636431968E+08  1.778403E+18  7.689421E+20  0.000000E+00  7.689421E+20  5.000084E-01 -4.081028E-04 -6.133945E+20 -7.977123E-01
    214  4.5741420385264131E-01  4.5163745853532743E+09  6.1403436336518121E+08  1.778707E+18  1.208034E+22  0.000000E+00  1.208034E+22  5.000084E-01 -4.081030E-04 -8.919760E+21 -7.383698E-01
    215  4.5741789662980414E-01  4.5315229596661854E+09  6.1394954186969244E+08  1.778700E+18  3.585030E+20  0.000000E+00  3.585030E+20  5.000084E-01 -4.081036E-04 -2.059925E+20 -5.745908E-01
    216  4.5742331105498424E-01  4.5537338149928551E+09  6.1382517486330760E+08  1.778695E+18 -8.512980E+19  0.000000E+00 -8.512980E+19  5.000084E-01 -4.081036E-04 -5.122902E+19  6.017754E-01
    217  4.5743413990534443E-01  4.5981555256461945E+09  6.1357644085053813E+08  1.778680E+18 -1.722055E+21  0.000000E+00 -1.722055E+21  5.000084E-01 -4.081036E-04 -1.377448E+20  7.998862E-02
    218  4.5745579760606486E-01  4.6869989469531012E+09  6.1307897282499778E+08  1.778702E+18 -1.843996E+22  0.000000E+00 -1.843996E+22  5.000083E-01 -4.081036E-04  1.041431E+22 -5.647686E-01
    219  4.5745885540046105E-01  4.6995425183745193E+09  6.1300873660923243E+08  1.778721E+18 -4.979133E+20  0.000000E+00 -4.979133E+20  5.000083E-01 -4.081036E-04  3.347429E+20 -6.722916E-01
    220  4.5746403164600807E-01  4.7207763219928436E+09  6.1288984048608303E+08  1.778757E+18 -3.296014E+20  0.000000E+00 -3.296014E+20  5.000083E-01 -4.081036E-04 -8.567723E+19  2.599419E-01
    221  4.5747438413710212E-01  4.7632439292294931E+09  6.1265204823978424E+08  1.778879E+18 -3.007612E+21  0.000000E+00 -3.007612E+21  5.000083E-01 -4.081036E-04 -9.968338E+20  3.314369E-01
    222  4.5749508911929021E-01  4.8481791437027903E+09  6.1217646374718666E+08  1.779429E+18 -2.132908E+22  0.000000E+00 -2.132908E+22  5.000083E-01 -4.081036E-04  1.384192E+22 -6.489696E-01
    223  4.5749796296385653E-01  4.8599681229149389E+09  6.1211045277951419E+08  1.779560E+18 -6.586974E+20  0.000000E+00 -6.586974E+20  5.000083E-01 -4.081036E-04  4.217576E+20 -6.402904E-01
    224  4.5750243354907283E-01  4.8783071927445116E+09  6.1200776536918986E+08  1.779786E+18 -4.750165E+20  0.000000E+00 -4.750165E+20  5.000083E-01 -4.081036E-04 -1.291684E+20  2.719239E-01
    225  4.5751137471950548E-01  4.9149853324038849E+09  6.1180239054853976E+08  1.780369E+18 -6.207996E+21  0.000000E+00 -6.207996E+21  5.000083E-01 -4.081036E-04 -1.378750E+21  2.220925E-01
    226  4.5752925706037079E-01  4.9883416117226324E+09  6.1139164090723968E+08  1.782217E+18 -8.313263E+21  0.000000E+00 -8.313263E+21  5.000083E-01 -4.081036E-04  8.231907E+21 -9.902138E-01
    227  4.5753190327292270E-01  4.9991968072788086E+09  6.1133085854856026E+08  1.782596E+18 -2.965165E+20  0.000000E+00 -2.965165E+20  5.000082E-01 -4.081036E-04  2.179771E+20 -7.351266E-01
    228  4.5753657450147839E-01  5.0183589488168573E+09  6.1122356244744408E+08  1.783335E+18 -8.037904E+22  0.000000E+00 -8.037904E+22  5.000082E-01 -4.081036E-04  1.791748E+22 -2.229123E-01
    229  4.5754591695858976E-01  5.0566832318929548E+09  6.1100897024521160E+08  1.785156E+18 -2.993038E+22  0.000000E+00 -2.993038E+22  5.000082E-01 -4.081036E-04 -2.107929E+21  7.042776E-02
    230  4.5754778545001201E-01  5.0643480885080833E+09  6.1096605180476558E+08  1.785580E+18 -1.172415E+21  0.000000E+00 -1.172415E+21  5.000082E-01 -4.081036E-04 -1.484537E+20  1.266221E-01
    231  4.5755152243285657E-01  5.0796778017385683E+09  6.1088021492387235E+08  1.786501E+18 -2.089425E+21  0.000000E+00 -2.089425E+21  5.000082E-01 -4.081036E-04 -2.878624E+20  1.377711E-01
    232  4.5755899639854564E-01  5.1103372281993103E+09  6.1070854116208708E+08  1.788652E+18 -2.879110E+22  0.000000E+00 -2.879110E+22  5.000082E-01 -4.081036E-04 -2.062579E+21  7.163947E-02
    233  4.5757394432992382E-01  5.1716560811210203E+09  6.1036519363851547E+08  1.794437E+18  3.376394E+23  0.000000E+00  3.376394E+23  5.000081E-01 -4.081036E-04 -1.757751E+22 -5.206002E-02
    234  4.5757603009531567E-01  5.1802122310026331E+09  6.1031728450888920E+08  1.795427E+18  1.500079E+22  0.000000E+00  1.500079E+22  5.000081E-01 -4.081036E-04 -5.815803E+20 -3.876998E-02
    235  4.5757939302042266E-01  5.1940074983747911E+09  6.1024003957256782E+08  1.797134E+18 -2.587918E+21  0.000000E+00 -2.587918E+21  5.000081E-01 -4.081036E-04 -3.995682E+20  1.543976E-01
    236  4.5758611887063660E-01  5.2215980331188803E+09  6.1008554969992626E+08  1.800970E+18 -5.163565E+22  0.000000E+00 -5.163565E+22  5.000081E-01 -4.081036E-04 -2.487471E+21  4.817353E-02
    237  4.5759957057106448E-01  5.2767791026070576E+09  6.0977656995464313E+08  1.810494E+18  4.465128E+23  0.000000E+00  4.465128E+23  5.000080E-01 -4.081036E-04 -3.664488E+22 -8.206903E-02
    238  4.5761852513714496E-01  5.3545338246671162E+09  6.0934119176354396E+08  1.828346E+18 -7.113442E+22  0.000000E+00 -7.113442E+22  5.000079E-01 -4.081036E-04 -1.361721E+23  1.914293E+00
    239  4.5764121481390191E-01  5.4476105800187654E+09  6.0882001969444346E+08  1.854739E+18  3.323377E+24  0.000000E+00  3.323377E+24  5.000076E-01 -4.097739E-04 -8.532612E+23 -2.567452E-01
    240  4.5764316236146768E-01  5.4555997378307915E+09  6.0877528536854720E+08  1.856497E+18  6.298269E+23  0.000000E+00  6.298269E+23  5.000076E-01 -4.098369E-04 -1.559190E+22 -2.475585E-02
    241  4.5764534704289966E-01  5.4619054543755798E+09  6.0871442658421767E+08  1.859079E+18  3.183308E+22  0.000000E+00  3.183308E+22  5.000075E-01 -4.098369E-04 -3.054699E+21 -9.595989E-02
    242  4.5764956209419733E-01  5.4718161139044323E+09  6.0858794134585917E+08  1.863873E+18 -5.771221E+20  0.000000E+00 -5.771221E+20  5.000074E-01 -4.098369E-04 -7.938411E+20  1.375517E+00
    243  4.5765799219679265E-01  5.4916374329621363E+09  6.0833497086914206E+08  1.872454E+18 -1.633616E+22  0.000000E+00 -1.633616E+22  5.000073E-01 -4.098369E-04 -4.088514E+21  2.502739E-01
    244  4.5767485240198330E-01  5.5312800710775442E+09  6.0782902991570795E+08  1.885712E+18  3.449041E+21  0.000000E+00  3.449041E+21  5.000069E-01 -4.098369E-04 -3.396550E+22 -9.847810E+00
    245  4.5770857281236454E-01  5.6105653473082285E+09  6.0681714800884151E+08  1.899544E+18  1.343672E+24  0.000000E+00  1.343672E+24  5.000061E-01 -4.098369E-04  5.902254E+22  4.392630E-02
    246  4.5771326141139135E-01  5.6215894382007217E+09  6.0667645255258417E+08  1.900527E+18  4.038509E+22  0.000000E+00  4.038509E+22  5.000060E-01 -4.098369E-04  6.910770E+20  1.711218E-02
    247  4.5772171163828396E-01  5.6414580746086922E+09  6.0642287818605435E+08  1.901872E+18  1.219498E+22  0.000000E+00  1.219498E+22  5.000057E-01 -4.098369E-04 -2.603114E+21 -2.134578E-01
    248  4.5773861209206912E-01  5.6811953474245014E+09  6.0591572945299649E+08  1.903338E+18  2.810060E+22  0.000000E+00  2.810060E+22  5.000053E-01 -4.098369E-04 -1.414516E+22 -5.033758E-01
    249  4.5777241299963950E-01  5.7606698930562506E+09  6.0490143198687911E+08  1.903193E+18 -1.452073E+23  0.000000E+00 -1.452073E+23  5.000043E-01 -4.098369E-04 -5.831794E+21  4.016184E-02
    250  4.5783140877475481E-01  5.8993839915377617E+09  6.0313108706088877E+08  1.897813E+18 -6.729200E+24  0.000000E+00 -6.729200E+24  5.000024E-01 -4.098369E-04 -2.239091E+23  3.327426E-02
    251  4.5783876262987633E-01  5.9166747785738001E+09  6.0291041261300838E+08  1.896967E+18 -1.889235E+23  0.000000E+00 -1.889235E+23  5.000022E-01 -4.098370E-04 -2.591893E+20  1.371927E-03
    252  4.5785072012796579E-01  5.9447899031625118E+09  6.0255159206986189E+08  1.895367E+18 -4.964612E+21  0.000000E+00 -4.964612E+21  5.000018E-01 -4.098370E-04 -2.048956E+21  4.127123E-01
    253  4.5787463512414467E-01  6.0010201523398046E+09  6.0183395098357046E+08  1.891845E+18  3.699898E+22  0.000000E+00  3.699898E+22  5.000010E-01 -4.098370E-04  1.997868E+22  5.399793E-01
    254  4.5792246511650248E-01  6.1134806506945200E+09  6.0039866881098616E+08  1.883331E+18 -2.080776E+24  0.000000E+00 -2.080776E+24  4.999994E-01 -4.098370E-04  9.212085E+23 -4.427235E-01
    255  4.5793052565410736E-01  6.1324330283004084E+09  6.0015678823866272E+08  1.881853E+18 -1.185417E+23  0.000000E+00 -1.185417E+23  4.999991E-01 -4.098370E-04  3.605124E+22 -3.041229E-01
    256  4.5794664672931706E-01  6.1703377835120544E+09  5.9967302709401751E+08  1.878579E+18  1.531843E+23  0.000000E+00  1.531843E+23  4.999985E-01 -4.098370E-04 -4.849179E+19 -3.165584E-04
    257  4.5797888887973653E-01  6.2461472939354773E+09  5.9870550480472541E+08  1.871504E+18  1.654010E+24  0.000000E+00  1.654010E+24  4.999974E-01 -4.098370E-04  1.540865E+23  9.315935E-02
    258  4.5804337318057547E-01  6.3977663147823229E+09  5.9677046022614121E+08  1.855181E+18  3.440547E+24  0.000000E+00  3.440547E+24  4.999951E-01 -4.098370E-04 -3.273393E+24 -9.514164E-01
    259  4.5805185812895782E-01  6.4177165902591534E+09  5.9651584393732023E+08  1.852407E+18  6.300882E+23  0.000000E+00  6.300882E+23  4.999947E-01 -4.098370E-04 -1.574164E+23 -2.498323E-01
    260  4.5806631766308908E-01  6.4517146390611258E+09  5.9608194230908608E+08  1.848158E+18  4.214621E+23  0.000000E+00  4.214621E+23  4.999942E-01 -4.098370E-04 -4.888494E+22 -1.159889E-01
    261  4.5809523673135161E-01  6.5197107366650715E+09  5.9521413905261803E+08  1.839235E+18  5.652990E+24  0.000000E+00  5.652990E+24  4.999931E-01 -4.098370E-04  1.593245E+22  2.818412E-03
    262  4.5815307486787665E-01  6.6557029318729630E+09  5.9347853253968179E+08  1.818845E+18  1.956050E+25  0.000000E+00  1.956050E+25  4.999909E-01 -4.098369E-04  8.384205E+24  4.286294E-01
    263  4.5816198382547807E-01  6.6766501610546303E+09  5.9321119258432567E+08  1.815817E+18 -4.302315E+23  0.000000E+00 -4.302315E+23  4.999905E-01 -4.098369E-04  3.975349E+23 -9.240022E-01
    264  4.5817824515102940E-01  6.7148846805529776E+09  5.9272322280812728E+08  1.809604E+18  9.948854E+23  0.000000E+00  9.948854E+23  4.999899E-01 -4.098369E-04 -8.338408E+22 -8.381275E-02
    265  4.5821076780213199E-01  6.7913537195495415E+09  5.9174728325573230E+08  1.796561E+18  1.988706E+25  0.000000E+00  1.988706E+25  4.999885E-01 -4.098369E-04 -2.140999E+23 -1.076579E-02
    266  4.5827581310433724E-01  6.9442917975428009E+09  5.8979540415094054E+08  1.767786E+18 -4.170970E+24  0.000000E+00 -4.170970E+24  4.999858E-01 -4.098370E-04 -3.969928E+24  9.517996E-01
    267  4.5828384178143633E-01  6.9631692629820280E+09  5.8955447964851618E+08  1.763522E+18 -4.962715E+24  0.000000E+00 -4.962715E+24  4.999855E-01 -4.098370E-04 -3.790482E+23  7.637919E-02
    268  4.5829873305029811E-01  6.9981824301346016E+09  5.8910762252663767E+08  1.756279E+18 -2.081676E+24  0.000000E+00 -2.081676E+24  4.999849E-01 -4.098370E-04 -2.536644E+23  1.218559E-01
    269  4.5832851558802173E-01  7.0682087644398794E+09  5.8821390828287911E+08  1.741109E+18  1.874805E+25  0.000000E+00  1.874805E+25  4.999836E-01 -4.098370E-04 -8.795383E+23 -4.691358E-02
    270  4.5833447209556644E-01  7.0822140313008823E+09  5.8803516543412817E+08  1.737872E+18 -1.031377E+24  0.000000E+00 -1.031377E+24  4.999833E-01 -4.098370E-04 -1.264626E+23  1.226153E-01
    271  4.5834567656694575E-01  7.1085585982347898E+09  5.8769894171275151E+08  1.731823E+18 -2.549374E+24  0.000000E+00 -2.549374E+24  4.999828E-01 -4.098370E-04 -1.240160E+23  4.864567E-02
    272  4.5836808550970431E-01  7.1612477321024742E+09  5.8702649426999986E+08  1.719341E+18 -1.314465E+24  0.000000E+00 -1.314465E+24  4.999819E-01 -4.098370E-04 -7.231254E+23  5.501289E-01
    273  4.5841290339522145E-01  7.2666259998378429E+09  5.8568159938449681E+08  1.692567E+18  2.232862E+26  0.000000E+00  2.232862E+26  4.999799E-01 -4.098370E-04  6.080108E+24  2.723011E-02
    274  4.5842006575402394E-01  7.2834665302376385E+09  5.8546667135720444E+08  1.688037E+18  6.716647E+24  0.000000E+00  6.716647E+24  4.999795E-01 -4.098370E-04  1.906739E+23  2.838825E-02
    275  4.5843372906190877E-01  7.3155924482684546E+09  5.8505666288220990E+08  1.679266E+18 -8.034534E+24  0.000000E+00 -8.034534E+24  4.999789E-01 -4.098370E-04 -2.285567E+23  2.844679E-02
    276  4.5846105567767842E-01  7.3798442843300867E+09  5.8423664593222106E+08  1.660975E+18 -3.073326E+25  0.000000E+00 -3.073326E+25  4.999777E-01 -4.098370E-04 -1.053429E+24  3.427652E-02
    277  4.5851570890921772E-01  7.4603903304389544E+09  5.8271260136539757E+08  1.636379E+18  3.420197E+27  0.000000E+00  3.420197E+27  4.999751E-01 -4.098367E-04  2.317989E+25  6.777357E-03
    278  4.5859852748786278E-01  7.4575060702279835E+09  5.8070532182182443E+08  1.636273E+18 -3.246295E+25  0.000000E+00 -3.246295E+25  4.999713E-01 -4.098371E-04  4.833302E+22 -1.488867E-03
    279  4.5873715501305212E-01  7.4526781939037285E+09  5.7734539703150296E+08  1.636511E+18 -1.028015E+23  0.000000E+00 -1.028015E+23  4.999649E-01 -4.098371E-04 -2.364207E+22  2.299778E-01
    280  4.5901441006343080E-01  7.4430224412552185E+09  5.7062554745086002E+08  1.636980E+18 -4.707793E+23  0.000000E+00 -4.707793E+23  4.999522E-01 -4.098371E-04 -3.448559E+22  7.325214E-02
    281  4.5956892016418821E-01  7.4237395146430216E+09  5.5882999639525616E+08  1.638504E+18  9.442535E+24  0.000000E+00  9.442535E+24  4.999277E-01 -4.098371E-04  5.165587E+23  5.470550E-02
    282  4.6067794036570298E-01  7.3883495701865177E+09  5.4192733909050977E+08  1.643029E+18 -2.969138E+25  0.000000E+00 -2.969138E+25  4.998809E-01 -4.098371E-04 -1.369190E+24  4.611407E-02
    283  4.6289598076873251E-01  7.3425746635687170E+09  5.2107962511494082E+08  1.649436E+18 -5.244461E+25  0.000000E+00 -5.244461E+25  4.997931E-01 -4.098364E-04 -1.548694E+24  2.953009E-02
    284  4.6733206157479162E-01  7.3620042606601009E+09  5.2623422835571092E+08  1.647906E+18  3.800674E+25  0.000000E+00  3.800674E+25  4.996235E-01 -4.098439E-04 -9.153627E+23 -2.408422E-02
    285  4.7620422318690986E-01  7.4308368034094162E+09  5.5059966270921230E+08  1.641079E+18 -2.853576E+26  0.000000E+00 -2.853576E+26  4.992859E-01 -4.098672E-04 -2.261520E+24  7.925212E-03
    286  4.8620422296339244E-01  7.5427155722360077E+09  6.0520348115319204E+08  1.633775E+18 -2.983857E+26  0.000000E+00 -2.983857E+26  4.988145E-01 -4.098312E-04 -9.600055E+24  3.217331E-02
    287  4.9620422273987502E-01  7.1650078142105894E+09  4.2560459157583702E+08  1.676394E+18 -6.154683E+27  0.000000E+00 -6.154683E+27  4.984653E-01 -4.099023E-04 -4.831723E+24  7.850483E-04
    288  5.0620422251635766E-01  7.0716661968171625E+09  3.8910408407416028E+08  1.688592E+18  1.769986E+26  0.000000E+00  1.769986E+26  4.982335E-01 -4.099287E-04 -2.402248E+25 -1.357213E-01
    289  5.1620422229284024E-01  6.9673302314558935E+09  3.5156222765154314E+08  1.703501E+18  3.196462E+25  0.000000E+00  3.196462E+25  4.980332E-01 -4.099299E-04  6.660531E+24  2.083720E-01
    290  5.2620422206932282E-01  6.8216607749420452E+09  3.0603610571116811E+08  1.721150E+18 -1.103589E+26  0.000000E+00 -1.103589E+26  4.978701E-01 -4.099244E-04 -3.993528E+24  3.618674E-02
    291  5.3620422184580541E-01  6.6910671143888550E+09  2.6863767750786954E+08  1.736504E+18 -2.382989E+25  0.000000E+00 -2.382989E+25  4.977415E-01 -4.099204E-04 -5.979342E+24  2.509177E-01
    292  5.4620422162228799E-01  6.5635230046254902E+09  2.3715616153355283E+08  1.752173E+18 -4.835123E+25  0.000000E+00 -4.835123E+25  4.976383E-01 -4.099077E-04 -2.697357E+24  5.578673E-02
    293  5.5620422139877057E-01  6.4303321705638456E+09  2.0701238542496321E+08  1.767865E+18  1.116324E+24  0.000000E+00  1.116324E+24  4.975548E-01 -4.099056E-04 -7.535017E+23 -6.749848E-01
    294  5.6620422117525315E-01  6.2856365834757242E+09  1.7979654488029754E+08  1.786076E+18  1.776151E+26  0.000000E+00  1.776151E+26  4.974932E-01 -4.099047E-04  3.449238E+24  1.941974E-02
    295  5.7620422095173573E-01  6.1410917799923143E+09  1.5587031749583685E+08  1.800727E+18  5.829135E+25  0.000000E+00  5.829135E+25  4.974434E-01 -4.099053E-04 -9.658002E+24 -1.656850E-01
    296  5.7720422092938395E-01  6.1306781839351645E+09  1.5372936781797957E+08  1.803042E+18  1.111499E+24  0.000000E+00  1.111499E+24  4.974389E-01 -4.099054E-04  3.583236E+23  3.223788E-01
    297  5.7788014930615372E-01  6.1215443767844296E+09  1.5229026699519059E+08  1.804044E+18 -4.847235E+22  0.000000E+00 -4.847235E+22  4.974359E-01 -4.099054E-04 -1.261095E+22  2.601679E-01
    298  5.7923200605969338E-01  6.0982967395761461E+09  1.4952131378930259E+08  1.807186E+18 -1.030504E+23  0.000000E+00 -1.030504E+23  4.974300E-01 -4.099054E-04 -5.188147E+22  5.034574E-01
    299  5.8193571956677270E-01  6.0629364107208195E+09  1.4421683114774096E+08  1.811058E+18 -2.230929E+22  0.000000E+00 -2.230929E+22  4.974187E-01 -4.099054E-04  6.306764E+20 -2.826968E-02
    300  5.8654596999999997E-01  6.0052092000000000E+09  1.3589779000000000E+08  1.817906E+18 -1.185245E+24  0.000000E+00 -1.185245E+24  4.974004E-01 -4.099054E-04  9.188718E+23 -7.752590E-01
