                           time                    temp                     den                    ener                    sdot                   sneut                   s-snu                      ye                   1-sum
      1  1.0175522000000001E-04  4.3036291000000000E+08  8.4957581000000000E+08  1.163760E+18  1.964723E+06  0.000000E+00  1.964723E+06  5.000000E-01  0.000000E+00 -1.568724E-05 -7.984453E-12
      2  1.0175522001017553E-04  4.3036290999999964E+08  8.4957580999999714E+08  1.163760E+18  1.964729E+06  0.000000E+00  1.964729E+06  5.000000E-01  0.000000E+00 -1.693821E-01 -8.621146E-08
      3  1.0175522003052657E-04  4.3036290999999893E+08  8.4957580999999142E+08  1.163760E+18  1.964740E+06  0.000000E+00  1.964740E+06  5.000000E-01  0.000000E+00 -5.081096E-01 -2.586141E-07
      4  1.0175522007122866E-04  4.3036290999999744E+08  8.4957580999997985E+08  1.163760E+18  1.964764E+06  0.000000E+00  1.964764E+06  5.000000E-01  0.000000E+00 -1.185543E+00 -6.034022E-07
      5  1.0175522015263284E-04  4.3036290999999452E+08  8.4957580999995697E+08  1.163760E+18  1.964811E+06  0.000000E+00  1.964811E+06  5.000000E-01  0.000000E+00 -2.540323E+00 -1.292910E-06
      6  1.0175522031544119E-04  4.3036290999998862E+08  8.4957580999991095E+08  1.163760E+18  1.964905E+06  0.000000E+00  1.964905E+06  5.000000E-01  0.000000E+00 -5.249538E+00 -2.671650E-06
      7  1.0175522064105789E-04  4.3036290999997687E+08  8.4957580999981904E+08  1.163760E+18  1.965093E+06  0.000000E+00  1.965093E+06  5.000000E-01  0.000000E+00 -1.066659E+01 -5.428031E-06
      8  1.0175522129229130E-04  4.3036290999995339E+08  8.4957580999963522E+08  1.163760E+18  1.965469E+06  0.000000E+00  1.965469E+06  5.000000E-01  0.000000E+00 -2.149516E+01 -1.093640E-05
      9  1.0175522259475811E-04  4.3036290999990642E+08  8.4957580999926770E+08  1.163760E+18  1.966221E+06  0.000000E+00  1.966221E+06  5.000000E-01  0.000000E+00 -4.313021E+01 -2.193559E-05
     10  1.0175522519969174E-04  4.3036290999981248E+08  8.4957580999853241E+08  1.163760E+18  1.967720E+06  0.000000E+00  1.967720E+06  5.000000E-01  0.000000E+00 -8.631212E+01 -4.386401E-05
     11  1.0175523040955900E-04  4.3036290999962461E+08  8.4957580999706209E+08  1.163760E+18  1.970708E+06  0.000000E+00  1.970708E+06  5.000000E-01  0.000000E+00 -1.723242E+02 -8.744282E-05
     12  1.0175524082929354E-04  4.3036290999924886E+08  8.4957580999412119E+08  1.163760E+18  1.976634E+06  0.000000E+00  1.976634E+06  5.000000E-01  0.000000E+00 -3.429506E+02 -1.735023E-04
     13  1.0175526166876259E-04  4.3036290999849737E+08  8.4957580998823953E+08  1.163760E+18  1.988294E+06  0.000000E+00  1.988294E+06  5.000000E-01  0.000000E+00 -6.786822E+02 -3.413390E-04
     14  1.0175530334770070E-04  4.3036290999699438E+08  8.4957580997647631E+08  1.163760E+18  2.010866E+06  0.000000E+00  2.010866E+06  5.000000E-01  0.000000E+00 -1.328614E+03 -6.607171E-04
     15  1.0175538670557692E-04  4.3036290999398839E+08  8.4957580995294964E+08  1.163760E+18  2.053167E+06  0.000000E+00  2.053167E+06  5.000000E-01  0.000000E+00 -2.546595E+03 -1.240325E-03
     16  1.0175555342132937E-04  4.3036290998797643E+08  8.4957580990589643E+08  1.163760E+18  2.127483E+06  0.000000E+00  2.127483E+06  5.000000E-01  0.000000E+00 -4.686385E+03 -2.202784E-03
     17  1.0175588685283427E-04  4.3036290997595245E+08  8.4957580981178999E+08  1.163760E+18  2.242401E+06  0.000000E+00  2.242401E+06  5.000000E-01  0.000000E+00 -7.995219E+03 -3.565473E-03
     18  1.0175655371584406E-04  4.3036290995190454E+08  8.4957580962357712E+08  1.163760E+18  2.380909E+06  0.000000E+00  2.380909E+06  5.000000E-01  0.000000E+00 -1.198330E+04 -5.033078E-03
     19  1.0175788744186364E-04  4.3036290990380871E+08  8.4957580924715137E+08  1.163760E+18  2.484617E+06  0.000000E+00  2.484617E+06  5.000000E-01  0.000000E+00 -1.496937E+04 -6.024821E-03
     20  1.0176055489390281E-04  4.3036290980761701E+08  8.4957580849429977E+08  1.163760E+18  2.516518E+06  0.000000E+00  2.516518E+06  5.000000E-01  0.000000E+00 -1.588789E+04 -6.313444E-03
     21  1.0176588979798114E-04  4.3036290961523366E+08  8.4957580698859668E+08  1.163760E+18  2.518152E+06  0.000000E+00  2.518152E+06  5.000000E-01  0.000000E+00 -1.593496E+04 -6.328036E-03
     22  1.0177655960613782E-04  4.3036290923046690E+08  8.4957580397719049E+08  1.163760E+18  2.518139E+06  0.000000E+00  2.518139E+06  5.000000E-01  0.000000E+00 -1.593458E+04 -6.327917E-03
     23  1.0179789922245117E-04  4.3036290846093351E+08  8.4957579795437813E+08  1.163760E+18  2.518139E+06  0.000000E+00  2.518139E+06  5.000000E-01  0.000000E+00 -1.593458E+04 -6.327917E-03
     24  1.0184057845507785E-04  4.3036290692186660E+08  8.4957578590875340E+08  1.163760E+18  2.518140E+06  0.000000E+00  2.518140E+06  5.000000E-01  0.000000E+00 -1.593458E+04 -6.327919E-03
     25  1.0192593692033123E-04  4.3036290384373289E+08  8.4957576181750381E+08  1.163760E+18  2.518141E+06  0.000000E+00  2.518141E+06  5.000000E-01  0.000000E+00 -1.593460E+04 -6.327923E-03
     26  1.0209665385083798E-04  4.3036289768746537E+08  8.4957571363500488E+08  1.163760E+18  2.518143E+06  0.000000E+00  2.518143E+06  5.000000E-01  0.000000E+00 -1.593463E+04 -6.327931E-03
     27  1.0243808771185149E-04  4.3036288537493038E+08  8.4957561727000690E+08  1.163760E+18  2.518147E+06  0.000000E+00  2.518147E+06  5.000000E-01  0.000000E+00 -1.593470E+04 -6.327946E-03
     28  1.0312095543387850E-04  4.3036286074986035E+08  8.4957542454001081E+08  1.163760E+18  2.518156E+06  0.000000E+00  2.518156E+06  5.000000E-01  0.000000E+00 -1.593483E+04 -6.327977E-03
     29  1.0448669087793252E-04  4.3036281149972039E+08  8.4957503908001876E+08  1.163760E+18  2.518174E+06  0.000000E+00  2.518174E+06  5.000000E-01  0.000000E+00 -1.593510E+04 -6.328038E-03
     30  1.0721816176604055E-04  4.3036271299944037E+08  8.4957426816003454E+08  1.163760E+18  2.518209E+06  0.000000E+00  2.518209E+06  5.000000E-01  0.000000E+00 -1.593563E+04 -6.328161E-03
     31  1.1268110354225661E-04  4.3036251599888039E+08  8.4957272632006633E+08  1.163760E+18  2.518279E+06  0.000000E+00  2.518279E+06  5.000000E-01  0.000000E+00 -1.593669E+04 -6.328406E-03
     32  1.2360698709468874E-04  4.3036212199776047E+08  8.4956964264012980E+08  1.163760E+18  2.518420E+06  0.000000E+00  2.518420E+06  5.000000E-01 -4.440892E-16 -1.593882E+04 -6.328896E-03
     33  1.4545875419955299E-04  4.3036133399552053E+08  8.4956347528025663E+08  1.163760E+18  2.518700E+06  0.000000E+00  2.518700E+06  5.000000E-01  0.000000E+00 -1.594306E+04 -6.329876E-03
     34  1.8916228840928150E-04  4.3035975799104077E+08  8.4955114056051040E+08  1.163760E+18  2.519261E+06  0.000000E+00  2.519261E+06  5.000000E-01  0.000000E+00 -1.595154E+04 -6.331833E-03
     35  2.7656935682873854E-04  4.3035748115873897E+08  8.4952704274142289E+08  1.163760E+18  2.520527E+06  0.000000E+00  2.520527E+06  5.000000E-01  0.000000E+00 -1.596943E+04 -6.335752E-03
     36  4.5138349366765263E-04  4.3035565440462619E+08  8.4948066661160994E+08  1.163760E+18  2.523509E+06  0.000000E+00  2.523509E+06  5.000000E-01 -2.220446E-16 -1.600811E+04 -6.343593E-03
     37  8.0101176734548069E-04  4.3036207202037370E+08  8.4939501344183242E+08  1.163760E+18  2.531141E+06  0.000000E+00  2.531141E+06  5.000000E-01 -4.440892E-16 -1.609624E+04 -6.359283E-03
     38  1.5002683147011370E-03  4.3041278050399339E+08  8.4925358180218899E+08  1.163760E+18  2.552785E+06  0.000000E+00  2.552785E+06  5.000000E-01 -4.440892E-16 -1.631403E+04 -6.390678E-03
     39  2.8987814094124497E-03  4.1999764526167470E+08  8.4897987451044202E+08  1.163760E+18  1.346209E+06  0.000000E+00  1.346209E+06  5.000000E-01 -6.661338E-16 -9.169559E+03 -6.811392E-03
     40  5.6958075988350742E-03  4.2031630052326220E+08  8.4990072199240601E+08  1.163760E+18  1.367290E+06  0.000000E+00  1.367290E+06  5.000000E-01 -6.661338E-16 -8.715688E+03 -6.374424E-03
     41  1.1289859977680325E-02  4.2030763159831601E+08  8.5001416261890817E+08  1.163760E+18  1.404487E+06  0.000000E+00  1.404487E+06  5.000000E-01 -8.881784E-16 -9.129358E+03 -6.500137E-03
     42  2.1289859754162907E-02  4.2031043739606053E+08  8.5007136706878245E+08  1.163760E+18  1.466984E+06  0.000000E+00  1.466984E+06  5.000000E-01 -8.881784E-16 -9.827903E+03 -6.699392E-03
     43  3.1289859530645489E-02  4.2021599110911131E+08  8.5024957182009804E+08  1.163760E+18  1.514936E+06  0.000000E+00  1.514936E+06  5.000000E-01 -8.881784E-16 -1.039919E+04 -6.864443E-03
     44  4.1289859307128071E-02  4.2002297553375560E+08  8.5061746050036311E+08  1.163760E+18  1.548393E+06  0.000000E+00  1.548393E+06  5.000000E-01 -1.110223E-15 -1.084128E+04 -7.001636E-03
     45  5.1289859083610653E-02  4.1918239682229137E+08  8.5026369144483185E+08  1.163760E+18  1.509069E+06  0.000000E+00  1.509069E+06  5.000000E-01 -8.881784E-16 -1.073768E+04 -7.115431E-03
     46  6.1289858860093235E-02  4.1796230490347159E+08  8.4931513071128678E+08  1.163760E+18  1.425690E+06  0.000000E+00  1.425690E+06  5.000000E-01 -8.881784E-16 -1.027276E+04 -7.205461E-03
     47  7.1289858636575817E-02  4.1785602162217015E+08  8.4906561712580097E+08  1.163760E+18  1.442561E+06  0.000000E+00  1.442561E+06  5.000000E-01 -1.110223E-15 -1.050294E+04 -7.280756E-03
     48  8.1289858413058400E-02  4.1748992232329232E+08  8.4853641324341130E+08  1.163760E+18  1.431749E+06  0.000000E+00  1.431749E+06  5.000000E-01 -1.110223E-15 -1.051857E+04 -7.346657E-03
     49  9.1289858189540982E-02  4.1708039418728209E+08  8.4834707935109985E+08  1.163760E+18  1.416270E+06  0.000000E+00  1.416270E+06  5.000000E-01 -1.110223E-15 -1.048423E+04 -7.402708E-03
     50  1.0128985796602356E-01  4.1658568089480352E+08  8.4806235323315346E+08  1.163760E+18  1.390461E+06  0.000000E+00  1.390461E+06  5.000000E-01 -1.110223E-15 -1.035995E+04 -7.450731E-03
     51  1.1128985774250615E-01  4.1596266027777123E+08  8.4767074398658454E+08  1.163760E+18  1.351679E+06  0.000000E+00  1.351679E+06  5.000000E-01 -1.110223E-15 -1.012678E+04 -7.492000E-03
     52  1.2128985751898873E-01  4.1513214649918199E+08  8.4682445514693844E+08  1.163760E+18  1.293098E+06  0.000000E+00  1.293098E+06  5.000000E-01 -1.110223E-15 -9.734284E+03 -7.527878E-03
     53  1.3128985729547132E-01  4.1436207652479428E+08  8.4536225538297284E+08  1.163760E+18  1.236316E+06  0.000000E+00  1.236316E+06  5.000000E-01 -1.110223E-15 -9.344555E+03 -7.558385E-03
     54  1.4128985707195391E-01  4.1436010670365191E+08  8.4803622168313253E+08  1.163760E+18  1.258612E+06  0.000000E+00  1.258612E+06  5.000000E-01 -1.110223E-15 -9.537111E+03 -7.577485E-03
     55  1.5128985684843649E-01  4.1299523795011485E+08  8.4605195518650150E+08  1.163760E+18  1.156485E+06  0.000000E+00  1.156485E+06  5.000000E-01 -1.110223E-15 -8.793289E+03 -7.603461E-03
     56  1.6128985662491907E-01  4.1206454036102480E+08  8.4549403970217276E+08  1.163760E+18  1.095744E+06  0.000000E+00  1.095744E+06  5.000000E-01 -1.110223E-15 -8.350240E+03 -7.620614E-03
     57  1.7128985640140165E-01  4.1083944035188967E+08  8.4480721255062699E+08  1.163760E+18  1.018380E+06  0.000000E+00  1.018380E+06  5.000000E-01 -1.110223E-15 -7.775697E+03 -7.635361E-03
     58  1.8128985617788423E-01  4.0937633161988407E+08  8.4340168005472422E+08  1.163760E+18  9.291618E+05  0.000000E+00  9.291618E+05  5.000000E-01 -1.110223E-15 -7.106292E+03 -7.648067E-03
     59  1.9128985595436682E-01  4.0820858797553688E+08  8.4350322403240192E+08  1.163760E+18  8.675555E+05  0.000000E+00  8.675555E+05  5.000000E-01 -8.881784E-16 -6.640832E+03 -7.654648E-03
     60  2.0128985573084940E-01  4.0624934307279611E+08  8.4244675320842648E+08  1.163760E+18  7.678002E+05  0.000000E+00  7.678002E+05  5.000000E-01 -1.110223E-15 -5.883042E+03 -7.662203E-03
     61  2.1128985550733198E-01  4.0407365906883717E+08  8.4126364387740862E+08  1.163760E+18  6.695071E+05  0.000000E+00  6.695071E+05  5.000000E-01 -1.110223E-15 -5.132620E+03 -7.666266E-03
     62  2.2128985528381456E-01  4.0166472781591183E+08  8.3997501750732851E+08  1.163760E+18  5.746876E+05  0.000000E+00  5.746876E+05  5.000000E-01 -1.110223E-15 -4.406703E+03 -7.667998E-03
     63  2.3128985506029714E-01  3.9888885102075297E+08  8.3861811519165480E+08  1.163760E+18  4.817162E+05  0.000000E+00  4.817162E+05  5.000000E-01 -4.897638E-12 -3.693258E+03 -7.666876E-03
     64  2.4128985483677973E-01  3.9581129639782399E+08  8.3703822257096958E+08  1.163760E+18  3.243379E+05  0.000000E+00  3.243379E+05  5.000000E-01 -4.897638E-12 -3.031793E+03 -9.347639E-03
     65  2.5128985461326231E-01  3.9231053437636727E+08  8.3499049694567299E+08  1.163760E+18  2.810937E+05  0.000000E+00  2.810937E+05  5.000000E-01 -4.897194E-12 -2.416379E+03 -8.596349E-03
     66  2.6128985438974489E-01  3.8847693905852026E+08  8.3279937125366879E+08  1.163760E+18  2.343181E+05  0.000000E+00  2.343181E+05  5.000000E-01 -4.897194E-12 -1.882695E+03 -8.034784E-03
     67  2.7128985416622747E-01  3.8447941863143867E+08  8.3092059994749093E+08  1.163760E+18  1.869796E+05  0.000000E+00  1.869796E+05  5.000000E-01 -4.897194E-12 -1.451189E+03 -7.761216E-03
     68  2.8128985394271006E-01  3.8760998875828493E+08  8.2725863089277196E+08  1.163760E+18  2.170126E+05  0.000000E+00  2.170126E+05  5.000000E-01 -4.897416E-12 -1.735342E+03 -7.996501E-03
     69  2.9128985371919264E-01  3.9356679281184614E+08  8.2352962499171484E+08  1.163760E+18  2.458930E+05  0.000000E+00  2.458930E+05  5.000000E-01 -4.897416E-12 -2.462757E+03 -1.001557E-02
     70  3.0128985349567522E-01  4.0052077471933806E+08  8.2261507687064886E+08  1.163760E+18  4.899425E+05  0.000000E+00  4.899425E+05  5.000000E-01 -4.897416E-12 -3.748423E+03 -7.650740E-03
     71  3.1128985327215780E-01  4.0662823966793454E+08  8.1694333279913378E+08  1.163760E+18  6.942444E+05  0.000000E+00  6.942444E+05  5.000000E-01 -4.897416E-12 -5.317998E+03 -7.660124E-03
     72  3.2128985304864038E-01  4.1377635382204801E+08  8.0993355267604625E+08  1.163760E+18  1.040445E+06  0.000000E+00  1.040445E+06  5.000000E-01 -4.897416E-12 -7.977123E+03 -7.667033E-03
     73  3.3128985282512297E-01  4.2260979632841861E+08  8.0699149958815575E+08  1.163760E+18  1.753645E+06  0.000000E+00  1.753645E+06  5.000000E-01 -4.897194E-12 -1.344970E+04 -7.669568E-03
     74  3.4128985260160555E-01  4.3089303685691297E+08  8.0179230461215949E+08  1.163760E+18  2.836356E+06  0.000000E+00  2.836356E+06  5.000000E-01 -4.897194E-12 -2.185785E+04 -7.706314E-03
     75  3.5128985237808813E-01  4.3836111355645084E+08  7.9123919532156777E+08  1.163760E+18  4.281697E+06  0.000000E+00  4.281697E+06  5.000000E-01 -4.896972E-12 -3.337865E+04 -7.795658E-03
     76  3.6128985215457071E-01  4.2437073497389585E+08  7.8412004524840510E+08  1.163760E+18  1.887589E+06  0.000000E+00  1.887589E+06  5.000000E-01 -4.896750E-12 -1.514556E+04 -8.023760E-03
     77  3.7128985193105329E-01  4.1021606406616688E+08  7.7702208435906005E+08  1.163760E+18  7.963537E+05  0.000000E+00  7.963537E+05  5.000000E-01 -4.896972E-12 -6.411392E+03 -8.050934E-03
     78  3.8128985170753588E-01  3.9584982742742443E+08  7.6615096949922955E+08  1.163760E+18  2.914002E+05  0.000000E+00  2.914002E+05  5.000000E-01 -4.896750E-12 -2.603737E+03 -8.935261E-03
     79  3.9128985148401846E-01  3.9575073518033493E+08  7.5541474373465109E+08  1.163760E+18  2.914722E+05  0.000000E+00  2.914722E+05  5.000000E-01 -4.896750E-12 -2.439088E+03 -8.368169E-03
     80  4.0128985126050104E-01  4.1041825271065634E+08  7.3837257345373666E+08  1.163760E+18  6.713148E+05  0.000000E+00  6.713148E+05  5.000000E-01 -4.896750E-12 -5.385955E+03 -8.022995E-03
     81  4.1128985103698362E-01  4.3366709128663635E+08  7.2188442625094688E+08  1.163760E+18  2.430589E+06  0.000000E+00  2.430589E+06  5.000000E-01 -4.896972E-12 -1.947574E+04 -8.012766E-03
     82  4.2128985081346620E-01  3.5526530017711711E+08  7.0857386127733445E+08  1.163760E+18  2.179295E+04  0.000000E+00  2.179295E+04  5.000000E-01 -4.897416E-12 -1.362785E+02 -6.253328E-03
     83  4.3128985058994879E-01  1.7291850337523058E+08  6.9258843896647191E+08  1.163760E+18  1.747929E+03  0.000000E+00  1.747929E+03  5.000000E-01 -4.896972E-12 -1.078931E-02 -6.172624E-06
     84  4.4128985036643137E-01  2.6426943813231148E+07  6.7096165759610355E+08  1.163760E+18  1.610879E+03  0.000000E+00  1.610879E+03  5.000000E-01 -4.896972E-12 -1.585749E-10 -9.844000E-14
     85  4.5128985014291395E-01  2.4589776938973728E+08  6.4380216722185445E+08  1.163760E+18  1.573485E+03  0.000000E+00  1.573485E+03  5.000000E-01 -4.897194E-12 -4.523610E-01 -2.874898E-04
     86  4.5128985114291392E-01  2.4589778020310262E+08  6.4380216403756177E+08  1.163760E+18  1.573474E+03  0.000000E+00  1.573474E+03  5.000000E-01 -4.897194E-12 -4.521769E-01 -2.873748E-04
     87  4.5128985314291387E-01  2.4589780182983330E+08  6.4380215766897643E+08  1.163760E+18  1.573453E+03  0.000000E+00  1.573453E+03  5.000000E-01 -4.897194E-12 -4.518164E-01 -2.871496E-04
     88  4.5128985714291375E-01  2.4589784508329466E+08  6.4380214493180561E+08  1.163760E+18  1.573411E+03  0.000000E+00  1.573411E+03  5.000000E-01 -4.897194E-12 -4.511258E-01 -2.867183E-04
     89  4.5128986514291358E-01  2.4589793159021798E+08  6.4380211945746386E+08  1.163760E+18  1.573335E+03  0.000000E+00  1.573335E+03  5.000000E-01 -4.897194E-12 -4.498583E-01 -2.859266E-04
     90  4.5128988114291324E-01  2.4589810460406464E+08  6.4380206850878024E+08  1.163760E+18  1.573206E+03  0.000000E+00  1.573206E+03  5.000000E-01 -4.897194E-12 -4.477216E-01 -2.845918E-04
     91  4.5128991314291250E-01  2.4589845063175735E+08  6.4380196661141336E+08  1.163760E+18  1.573023E+03  0.000000E+00  1.573023E+03  5.000000E-01 -4.897194E-12 -4.446748E-01 -2.826881E-04
     92  4.5128997714291108E-01  2.4589914268714339E+08  6.4380176281667936E+08  1.163760E+18  1.572833E+03  0.000000E+00  1.572833E+03  5.000000E-01 -4.897194E-12 -4.415344E-01 -2.807256E-04
     93  4.5129010514290824E-01  2.4590052679791546E+08  6.4380135522721148E+08  1.163760E+18  1.572727E+03  0.000000E+00  1.572727E+03  5.000000E-01 -4.897194E-12 -4.397872E-01 -2.796335E-04
     94  4.5129036114290250E-01  2.4590329501945898E+08  6.4380054004827571E+08  1.163760E+18  1.572712E+03  0.000000E+00  1.572712E+03  5.000000E-01 -4.897194E-12 -4.395112E-01 -2.794607E-04
     95  4.5129087314289107E-01  2.4590883146254665E+08  6.4379890969040406E+08  1.163760E+18  1.572724E+03  0.000000E+00  1.572724E+03  5.000000E-01 -4.897194E-12 -4.396081E-01 -2.795201E-04
     96  4.5129189714286816E-01  2.4591990434872136E+08  6.4379564897466087E+08  1.163760E+18  1.572753E+03  0.000000E+00  1.572753E+03  5.000000E-01 -4.897194E-12 -4.398236E-01 -2.796520E-04
     97  4.5129394514282239E-01  2.4594205012107137E+08  6.4378912754317451E+08  1.163760E+18  1.572812E+03  0.000000E+00  1.572812E+03  5.000000E-01 -4.897194E-12 -4.402573E-01 -2.799173E-04
     98  4.5129804114273087E-01  2.4598634166577139E+08  6.4377608468020153E+08  1.163760E+18  1.572930E+03  0.000000E+00  1.572930E+03  5.000000E-01 -4.897194E-12 -4.411259E-01 -2.804485E-04
     99  4.5130623314254775E-01  2.4607492475517085E+08  6.4374999895425582E+08  1.163760E+18  1.573167E+03  0.000000E+00  1.573167E+03  5.000000E-01 -4.897194E-12 -4.428680E-01 -2.815136E-04
    100  4.5132261714218153E-01  2.4625209093396977E+08  6.4369782750236452E+08  1.163760E+18  1.573645E+03  0.000000E+00  1.573645E+03  5.000000E-01 -4.897194E-12 -4.463718E-01 -2.836546E-04
    101  4.5135538514144913E-01  2.4660642329156822E+08  6.4359348459858167E+08  1.163760E+18  1.574615E+03  0.000000E+00  1.574615E+03  5.000000E-01 -4.897194E-12 -4.534567E-01 -2.879793E-04
    102  4.5142092113998428E-01  2.4731508800676450E+08  6.4338479879101622E+08  1.163760E+18  1.576612E+03  0.000000E+00  1.576612E+03  5.000000E-01 -4.897194E-12 -4.679394E-01 -2.968005E-04
    103  4.5155199313705457E-01  2.4873241743715706E+08  6.4296742717588532E+08  1.163760E+18  1.580842E+03  0.000000E+00  1.580842E+03  5.000000E-01 -4.897194E-12 -4.981973E-01 -3.151469E-04
    104  4.5181413713119523E-01  2.4406896071643716E+08  6.4213132273453152E+08  1.163760E+18  1.557260E+03  0.000000E+00  1.557260E+03  5.000000E-01 -4.897194E-12 -4.011018E-01 -2.575689E-04
    105  4.5233842511947647E-01  2.2162979444057867E+08  6.4045673344786751E+08  1.163760E+18  1.492520E+03  0.000000E+00  1.492520E+03  5.000000E-01 -4.897194E-12 -1.348038E-01 -9.031964E-05
    106  4.5338700109603897E-01  1.2361386637334727E+08  6.3757913713447702E+08  1.163760E+18  1.445365E+03  0.000000E+00  1.445365E+03  5.000000E-01 -4.897194E-12 -1.927892E-04 -1.333844E-07
    107  4.5548415304916395E-01  6.2431002830961764E+07  6.3121204695753002E+08  1.163760E+18  1.420901E+03  0.000000E+00  1.420901E+03  5.000000E-01 -4.897194E-12 -1.972930E-07 -1.388506E-10
    108  4.5548415346859433E-01  6.2431064189335786E+07  6.3121204553514802E+08  1.163760E+18  1.420901E+03  0.000000E+00  1.420901E+03  5.000000E-01 -4.897194E-12 -1.972946E-07 -1.388518E-10
    109  4.5548415430745509E-01  6.2431186906083837E+07  6.3121204269038391E+08  1.163760E+18  1.420901E+03  0.000000E+00  1.420901E+03  5.000000E-01 -4.897194E-12 -1.972980E-07 -1.388541E-10
    110  4.5548415598517666E-01  6.2431432339588046E+07  6.3121203700085557E+08  1.163760E+18  1.420901E+03  0.000000E+00  1.420901E+03  5.000000E-01 -4.897194E-12 -1.973047E-07 -1.388589E-10
    111  4.5548415934061981E-01  6.2431923206596464E+07  6.3121202562179899E+08  1.163760E+18  1.420901E+03  0.000000E+00  1.420901E+03  5.000000E-01 -4.897194E-12 -1.973181E-07 -1.388683E-10
    112  4.5548416605150605E-01  6.2432904940605186E+07  6.3121200286368597E+08  1.163760E+18  1.420901E+03  0.000000E+00  1.420901E+03  5.000000E-01 -4.897194E-12 -1.973450E-07 -1.388872E-10
    113  4.5548417947327857E-01  6.2434868408630751E+07  6.3121195734745979E+08  1.163760E+18  1.420901E+03  0.000000E+00  1.420901E+03  5.000000E-01 -4.897194E-12 -1.973987E-07 -1.389250E-10
    114  4.5548420631682357E-01  6.2438795344673760E+07  6.3121186631500745E+08  1.163760E+18  1.420900E+03  0.000000E+00  1.420900E+03  5.000000E-01 -4.897194E-12 -1.975061E-07 -1.390007E-10
    115  4.5548426000391357E-01  6.2446649216759786E+07  6.3121168425010300E+08  1.163760E+18  1.420899E+03  0.000000E+00  1.420899E+03  5.000000E-01 -4.897194E-12 -1.977212E-07 -1.391522E-10
    116  4.5548436737809356E-01  6.2462356960931823E+07  6.3121132012029386E+08  1.163760E+18  1.420898E+03  0.000000E+00  1.420898E+03  5.000000E-01 -4.897194E-12 -1.981520E-07 -1.394555E-10
    117  4.5548458212645354E-01  6.2493772449275896E+07  6.3121059186067581E+08  1.163760E+18  1.420895E+03  0.000000E+00  1.420895E+03  5.000000E-01 -4.897194E-12 -1.990163E-07 -1.400641E-10
    118  4.5548501162317356E-01  6.2556603425972171E+07  6.3120913534143925E+08  1.163760E+18  1.420889E+03  0.000000E+00  1.420889E+03  5.000000E-01 -4.897194E-12 -2.007558E-07 -1.412889E-10
    119  4.5548587061661355E-01  6.2682265379356600E+07  6.3120622230296659E+08  1.163760E+18  1.420876E+03  0.000000E+00  1.420876E+03  5.000000E-01 -4.897194E-12 -2.042781E-07 -1.437691E-10
    120  4.5548758860349353E-01  6.2933589286125459E+07  6.3120039622602105E+08  1.163760E+18  1.420851E+03  0.000000E+00  1.420851E+03  5.000000E-01 -4.897194E-12 -2.115002E-07 -1.488545E-10
    121  4.5549102457725354E-01  6.3436237099671304E+07  6.3118874407212996E+08  1.163760E+18  1.420802E+03  0.000000E+00  1.420802E+03  5.000000E-01 -4.897194E-12 -2.266796E-07 -1.595434E-10
    122  4.5549789652477357E-01  6.4441532726762980E+07  6.3116543976434779E+08  1.163760E+18  1.420703E+03  0.000000E+00  1.420703E+03  5.000000E-01 -4.897194E-12 -2.602020E-07 -1.831501E-10
    123  4.5551164041981357E-01  6.6452123980938219E+07  6.3111883114878345E+08  1.163760E+18  1.420505E+03  0.000000E+00  1.420505E+03  5.000000E-01 -4.897194E-12 -3.418806E-07 -2.406754E-10
    124  4.5553912820989356E-01  7.0473306489288688E+07  6.3102561391765499E+08  1.163760E+18  1.420110E+03  0.000000E+00  1.420110E+03  5.000000E-01 -4.897194E-12 -5.834740E-07 -4.108655E-10
    125  4.5559410379005355E-01  7.8515671505989626E+07  6.3083917945539796E+08  1.163760E+18  1.419319E+03  0.000000E+00  1.419319E+03  5.000000E-01 -4.897194E-12 -1.622874E-06 -1.143417E-09
    126  4.5570405495037353E-01  9.4600401539391518E+07  6.3046631053088379E+08  1.163760E+18  1.417743E+03  0.000000E+00  1.417743E+03  5.000000E-01 -4.897194E-12 -1.051932E-05 -7.419763E-09
    127  4.5592395727101354E-01  1.2676986160620341E+08  6.2972057268185532E+08  1.163760E+18  1.414686E+03  0.000000E+00  1.414686E+03  5.000000E-01 -4.897194E-12 -2.413628E-04 -1.706123E-07
    128  4.5596793773514155E-01  1.8800760294427910E+08  6.2962099665691006E+08  1.163760E+18  1.419989E+03  0.000000E+00  1.419989E+03  5.000000E-01 -4.897194E-12 -2.002316E-02 -1.410093E-05
    129  4.5605589866339757E-01  3.7759817695300972E+08  6.2948255199895978E+08  1.163760E+18  5.501648E+04  0.000000E+00  5.501648E+04  5.000000E-01 -4.897194E-12 -3.717232E+02 -6.756579E-03
    130  4.5623182051990957E-01  7.5677932497035134E+08  6.2920566268305922E+08  1.163760E+18  4.925853E+13  0.000000E+00  4.925853E+13  5.000000E-01 -6.004308E-12 -2.347786E+12 -4.766253E-02
    131  4.5623192064780838E-01  7.5699514017586601E+08  6.2920550508839786E+08  1.163760E+18  3.854562E+12  0.000000E+00  3.854562E+12  5.000000E-01 -6.011414E-12 -5.540163E+10 -1.437300E-02
    132  4.5623212090360599E-01  7.5742677058689523E+08  6.2920518989907515E+08  1.163760E+18  3.763399E+12  0.000000E+00  3.763399E+12  5.000000E-01 -6.011414E-12 -4.897552E+10 -1.301364E-02
    133  4.5623252141520121E-01  7.5829003140895355E+08  6.2920455952042973E+08  1.163760E+18  3.864917E+12  0.000000E+00  3.864917E+12  5.000000E-01 -6.011414E-12 -5.036454E+10 -1.303121E-02
    134  4.5623332243839160E-01  7.6001655305295074E+08  6.2920329876313889E+08  1.163760E+18  4.078330E+12  0.000000E+00  4.078330E+12  5.000000E-01 -6.011192E-12 -5.331111E+10 -1.307180E-02
    135  4.5623492448477243E-01  7.6346959634106481E+08  6.2920077724855733E+08  1.163760E+18  4.545684E+12  0.000000E+00  4.545684E+12  5.000000E-01 -6.011414E-12 -5.977252E+10 -1.314929E-02
    136  4.5623812857753410E-01  7.7037568291729283E+08  6.2919573421939397E+08  1.163760E+18  5.661791E+12  0.000000E+00  5.661791E+12  5.000000E-01 -6.011636E-12 -7.527543E+10 -1.329534E-02
    137  4.5624453676305737E-01  7.8418785606962931E+08  6.2918564816106737E+08  1.163760E+18  8.820030E+12  0.000000E+00  8.820030E+12  5.000000E-01 -6.011636E-12 -1.197822E+11 -1.358071E-02
    138  4.5625735313410393E-01  8.1181220237430215E+08  6.2916547604441416E+08  1.163760E+18  2.127064E+13  0.000000E+00  2.127064E+13  5.000000E-01 -6.011414E-12 -3.029251E+11 -1.424147E-02
    139  4.5628298587619709E-01  8.6706089498376763E+08  6.2912513181110764E+08  1.163760E+18  1.129624E+14  0.000000E+00  1.129624E+14  5.000000E-01 -6.012524E-12 -1.767242E+12 -1.564452E-02
    140  4.5633425136038341E-01  9.7755828020269847E+08  6.2904444334449470E+08  1.163760E+18  2.107991E+15  0.000000E+00  2.107991E+15  5.000000E-01 -3.758460E-11 -3.852609E+13 -1.827621E-02
    141  4.5634450445722069E-01  9.9965775724650860E+08  6.2902830565117204E+08  1.163760E+18  3.536376E+15  0.000000E+00  3.536376E+15  5.000000E-01 -4.576473E-11 -6.679384E+13 -1.888766E-02
    142  4.5636501065089524E-01  1.0438567113341287E+09  6.2899603026452684E+08  1.163760E+18  9.663264E+15  0.000000E+00  9.663264E+15  5.000000E-01 -4.577094E-11 -1.912373E+14 -1.979014E-02
    143  4.5640602303824429E-01  1.1322546195092497E+09  6.2893147949123657E+08  1.163761E+18  6.255229E+16  0.000000E+00  6.255229E+16  5.000000E-01 -4.589640E-11 -1.330638E+15 -2.127240E-02
    144  4.5641422551571409E-01  1.1499342011442499E+09  6.2891856933657849E+08  1.163762E+18  8.746841E+16  0.000000E+00  8.746841E+16  5.000000E-01 -4.595258E-11 -1.911385E+15 -2.185229E-02
    145  4.5643063047065369E-01  1.1852933644142504E+09  6.2889274902726233E+08  1.163764E+18  1.725398E+17  0.000000E+00  1.725398E+17  5.000000E-01 -4.595258E-11 -3.871166E+15 -2.243637E-02
    146  4.5646344038053294E-01  1.2560116909543707E+09  6.2884110840863001E+08  1.163775E+18  6.458587E+17  0.000000E+00  6.458587E+17  5.000000E-01 -4.604295E-11 -1.468537E+16 -2.273774E-02
    147  4.5647000236250879E-01  1.2701553562623949E+09  6.2883078028490365E+08  1.163780E+18  8.143382E+17  0.000000E+00  8.143382E+17  5.000000E-01 -4.608580E-11 -1.892176E+16 -2.323575E-02
    148  4.5648312632646049E-01  1.2984426868784432E+09  6.2881012403745067E+08  1.163794E+18  1.346451E+18  0.000000E+00  1.346451E+18  5.000000E-01 -4.608625E-11 -3.112757E+16 -2.311823E-02
    149  4.5648575111925083E-01  1.3041001530016527E+09  6.2880599278796005E+08  1.163798E+18  1.488726E+18  0.000000E+00  1.488726E+18  5.000000E-01 -4.608558E-11 -3.434610E+16 -2.307080E-02
    150  4.5649100070483151E-01  1.3154150852480721E+09  6.2879773028897893E+08  1.163806E+18  1.822371E+18  0.000000E+00  1.822371E+18  5.000000E-01 -4.608625E-11 -4.170702E+16 -2.288614E-02
    151  4.5650149987599287E-01  1.3380449497409105E+09  6.2878120529101658E+08  1.163830E+18  2.746313E+18  0.000000E+00  2.746313E+18  5.000000E-01 -4.608536E-11 -6.102870E+16 -2.222205E-02
    152  4.5652249821831559E-01  1.3833046787265878E+09  6.2874815529509199E+08  1.163921E+18  6.495948E+18  0.000000E+00  6.495948E+18  5.000000E-01 -4.608602E-11 -1.266566E+17 -1.949778E-02
    153  4.5655544880533788E-01  1.4543262201239038E+09  6.2869629325998151E+08  1.164360E+18  2.242076E+19  0.000000E+00  2.242076E+19  5.000000E-01 -4.386673E-10 -3.689351E+17 -1.645507E-02
    154  4.5656043093335774E-01  1.4650646755926862E+09  6.2868845172143424E+08  1.164482E+18  2.633096E+19  0.000000E+00  2.633096E+19  5.000000E-01 -4.381797E-10 -4.459661E+17 -1.693695E-02
    155  4.5656986493354867E-01  1.4853986755499339E+09  6.2867360323182142E+08  1.164769E+18  3.493458E+19  0.000000E+00  3.493458E+19  5.000000E-01 -4.381790E-10 -5.990116E+17 -1.714667E-02
    156  4.5658873293393054E-01  1.5260666754644294E+09  6.2864390625259602E+08  1.165646E+18  6.009266E+19  0.000000E+00  6.009266E+19  5.000000E-01 -4.381797E-10 -1.057139E+18 -1.759181E-02
    157  4.5661530731473920E-01  1.5833449717640827E+09  6.2860207994250309E+08  1.167997E+18  1.247464E+20  0.000000E+00  1.247464E+20  5.000000E-01 -1.872522E-09 -2.366281E+18 -1.896873E-02
    158  4.5661764365680924E-01  1.5883807125517261E+09  6.2859840269528484E+08  1.168294E+18  1.312579E+20  0.000000E+00  1.312579E+20  5.000000E-01 -1.872522E-09 -2.411679E+18 -1.837360E-02
    159  4.5662154785557918E-01  1.5967958043488860E+09  6.2859225774577165E+08  1.168833E+18  1.450851E+20  0.000000E+00  1.450851E+20  5.000000E-01 -1.872523E-09 -2.679014E+18 -1.846512E-02
    160  4.5662935625311907E-01  1.6136259879432061E+09  6.2857996784674501E+08  1.170086E+18  1.765291E+20  0.000000E+00  1.765291E+20  5.000000E-01 -1.872523E-09 -3.292744E+18 -1.865270E-02
    161  4.5664497304819890E-01  1.6472863551319656E+09  6.2855538804869175E+08  1.173436E+18  2.568065E+20  0.000000E+00  2.568065E+20  5.000000E-01 -1.872523E-09 -4.897040E+18 -1.906899E-02
    162  4.5664809640721488E-01  1.6540184285697412E+09  6.2855047208908117E+08  1.174266E+18  2.755488E+20  0.000000E+00  2.755488E+20  5.000000E-01 -1.872523E-09 -5.252054E+18 -1.906034E-02
    163  4.5665258224165817E-01  1.6636871751811481E+09  6.2854341168365526E+08  1.175567E+18  3.047492E+20  0.000000E+00  3.047492E+20  5.000000E-01 -1.872524E-09 -5.835663E+18 -1.914907E-02
    164  4.5666155391054480E-01  1.6830246684040809E+09  6.2852929087280345E+08  1.178587E+18  3.700899E+20  0.000000E+00  3.700899E+20  5.000000E-01 -1.872523E-09 -7.150129E+18 -1.931998E-02
    165  4.5667949724831808E-01  1.7216996548499467E+09  6.2850104925109982E+08  1.186581E+18  5.286995E+20  0.000000E+00  5.286995E+20  5.000000E-01 -1.872523E-09 -1.055763E+19 -1.996906E-02
    166  4.5670782794998988E-01  1.7827635169364426E+09  6.2845645860863841E+08  1.205593E+18  8.304389E+20  0.000000E+00  8.304389E+20  5.000000E-01 -1.626800E-08 -1.951173E+19 -2.349569E-02
    167  4.5671048313551765E-01  1.7884864914239998E+09  6.2845227952299798E+08  1.207809E+18  8.485950E+20  0.000000E+00  8.485950E+20  5.000000E-01 -1.002757E-08 -1.686858E+19 -1.987825E-02
    168  4.5671389751489511E-01  1.7958458287899125E+09  6.2844690551667047E+08  1.210769E+18  8.847824E+20  0.000000E+00  8.847824E+20  5.000000E-01 -1.002757E-08 -1.764344E+19 -1.994099E-02
    169  4.5672072627365001E-01  1.8105645035217378E+09  6.2843615750401533E+08  1.217048E+18  9.540093E+20  0.000000E+00  9.540093E+20  5.000000E-01 -1.002757E-08 -1.907605E+19 -1.999566E-02
    170  4.5673438379115983E-01  1.8400018529853888E+09  6.2841466147870529E+08  1.230925E+18  1.072728E+21  0.000000E+00  1.072728E+21  5.000000E-01 -1.002757E-08 -2.137055E+19 -1.992168E-02
    171  4.5675670330593265E-01  1.8881092309005029E+09  6.2837953204510772E+08  1.256349E+18  1.128936E+21  0.000000E+00  1.128936E+21  5.000000E-01 -1.002757E-08 -1.616519E+19 -1.431897E-02
    172  4.5675899951302990E-01  1.8930584649552152E+09  6.2837591796767068E+08  1.259077E+18  1.191213E+21  0.000000E+00  1.191213E+21  5.000000E-01 -1.002757E-08 -2.395916E+19 -2.011326E-02
    173  4.5676186836224497E-01  1.8992419691566226E+09  6.2837140258957982E+08  1.262498E+18  1.193905E+21  0.000000E+00  1.193905E+21  5.000000E-01 -1.002757E-08 -2.393012E+19 -2.004357E-02
    174  4.5676760606067518E-01  1.9116089775595570E+09  6.2836237183339822E+08  1.269354E+18  1.194861E+21  0.000000E+00  1.194861E+21  5.000000E-01 -1.002757E-08 -2.398691E+19 -2.007506E-02
    175  4.5677908145753554E-01  1.9363429943653059E+09  6.2834431032103503E+08  1.282953E+18  1.170780E+21  0.000000E+00  1.170780E+21  5.000000E-01 -1.002757E-08 -2.363472E+19 -2.018716E-02
    176  4.5679954801409667E-01  1.9949560687954185E+09  6.2815274233507586E+08  1.306367E+18  1.184862E+21  0.000000E+00  1.184862E+21  5.000000E-01 -1.002757E-08 -2.193668E+19 -1.851413E-02
    177  4.5680149200511833E-01  2.0029306370833180E+09  6.2810808970146096E+08  1.308693E+18  1.204505E+21  0.000000E+00  1.204505E+21  5.000000E-01 -1.002757E-08 -2.449890E+19 -2.033939E-02
    178  4.5680344662451938E-01  2.0109488047172852E+09  6.2806319293856454E+08  1.311061E+18  1.217262E+21  0.000000E+00  1.217262E+21  5.000000E-01 -1.002757E-08 -2.482759E+19 -2.039626E-02
    179  4.5680735586332155E-01  2.0269851399854469E+09  6.2797339941277051E+08  1.315848E+18  1.229624E+21  0.000000E+00  1.229624E+21  5.000000E-01 -1.002757E-08 -2.517275E+19 -2.047190E-02
    180  4.5681517434092583E-01  2.0590578105215430E+09  6.2779381236118352E+08  1.325426E+18  1.204437E+21  0.000000E+00  1.204437E+21  5.000000E-01 -1.002757E-08 -2.411559E+19 -2.002229E-02
    181  4.5682321402686876E-01  2.0920379137477784E+09  6.2760914424965966E+08  1.334905E+18  1.138404E+21  0.000000E+00  1.138404E+21  5.000000E-01 -1.002757E-08 -2.373774E+19 -2.085177E-02
    182  4.5683708631922670E-01  2.1489443199428892E+09  6.2729050368951404E+08  1.349340E+18  9.729770E+20  0.000000E+00  9.729770E+20  5.000000E-01 -1.002757E-08 -2.512592E+19 -2.582376E-02
    183  4.5684995297058539E-01  2.2017254227120571E+09  6.2699496226850426E+08  1.359891E+18  7.130282E+20  0.000000E+00  7.130282E+20  4.999999E-01 -1.002757E-08 -1.602468E+19 -2.247412E-02
    184  4.5686756936872153E-01  2.2739907615733514E+09  6.2659032121675837E+08  1.370000E+18  4.644117E+20  0.000000E+00  4.644117E+20  4.999999E-01 -1.002757E-08 -1.230770E+19 -2.650170E-02
    185  4.5688386391736591E-01  2.3408336581903801E+09  6.2621604247656214E+08  1.375883E+18  2.948565E+20  0.000000E+00  2.948565E+20  4.999999E-01 -1.002757E-08 -8.809951E+18 -2.987877E-02
    186  4.5690720972735238E-01  2.4366019790824680E+09  6.2567979931074655E+08  1.380722E+18  1.624902E+20  0.000000E+00  1.624902E+20  4.999999E-01 -4.555080E-08 -5.353172E+18 -3.294459E-02
    187  4.5692938587528770E-01  2.5275721554374585E+09  6.2517042277674246E+08  1.383242E+18  8.091910E+19  0.000000E+00  8.091910E+19  4.999999E-01 -5.171345E-08 -6.104354E+17 -7.543774E-03
    188  4.5695064869836405E-01  2.6147957242332048E+09  6.2468202492002881E+08  1.384850E+18  7.176770E+19  0.000000E+00  7.176770E+19  4.999999E-01 -5.554057E-08 -1.589037E+18 -2.214140E-02
    189  4.5698041341080320E-01  2.7368954300812674E+09  6.2399834233899140E+08  1.386975E+18  1.082381E+20  0.000000E+00  1.082381E+20  4.999999E-01 -5.553510E-08 -2.754554E+18 -2.544902E-02
    190  4.5698454922586490E-01  2.7538612181266928E+09  6.2390334445443749E+08  1.387333E+18  8.971131E+19  0.000000E+00  8.971131E+19  4.999999E-01 -5.558058E-08 -6.144385E+17 -6.849064E-03
    191  4.5699007457989810E-01  2.7765271217042618E+09  6.2377642946023810E+08  1.387859E+18  1.007279E+20  0.000000E+00  1.007279E+20  4.999999E-01 -5.558058E-08 -6.212333E+17 -6.167437E-03
    192  4.5700112528796449E-01  2.8218589288594003E+09  6.2352259947183919E+08  1.389123E+18  1.317040E+20  0.000000E+00  1.317040E+20  4.999999E-01 -5.558058E-08 -6.415264E+17 -4.870971E-03
    193  4.5700326380286821E-01  2.8306314658435616E+09  6.2347347870872259E+08  1.389408E+18  1.371022E+20  0.000000E+00  1.371022E+20  4.999999E-01 -5.558058E-08 -5.443168E+17 -3.970153E-03
    194  4.5700629155107170E-01  2.8430517828811827E+09  6.2340393264101827E+08  1.389839E+18  1.480002E+20  0.000000E+00  1.480002E+20  4.999999E-01 -5.558058E-08 -5.391338E+17 -3.642791E-03
    195  4.5701234704747873E-01  2.8678924169566526E+09  6.2326484050560844E+08  1.390809E+18  1.736573E+20  0.000000E+00  1.736573E+20  4.999999E-01 -5.558058E-08 -5.783527E+17 -3.330426E-03
    196  4.5702445804029274E-01  2.9175736851073647E+09  6.2298665623478997E+08  1.393278E+18  2.425806E+20  0.000000E+00  2.425806E+20  4.999999E-01 -5.558058E-08 -9.407133E+17 -3.877941E-03
    197  4.5702688023885552E-01  2.9275099387374158E+09  6.2293101938062680E+08  1.393874E+18  2.540441E+20  0.000000E+00  2.540441E+20  4.999999E-01 -5.558058E-08 -6.749950E+17 -2.657000E-03
    198  4.5703141700503214E-01  2.9461204936621227E+09  6.2282681182224584E+08  1.395097E+18  2.861129E+20  0.000000E+00  2.861129E+20  4.999999E-01 -5.558058E-08 -8.055016E+17 -2.815328E-03
    199  4.5704049053738544E-01  2.9833416035117650E+09  6.2261839670548272E+08  1.398010E+18  3.612648E+20  0.000000E+00  3.612648E+20  4.999999E-01 -5.558058E-08 -1.323954E+18 -3.664775E-03
    200  4.5705863760209203E-01  3.0577838232110491E+09  6.2220156647195625E+08  1.406019E+18  5.317469E+20  0.000000E+00  5.317469E+20  4.999998E-01 -5.557587E-08 -3.674897E+18 -6.910989E-03
    201  4.5706116354410598E-01  3.0681456494011097E+09  6.2214354667555559E+08  1.407383E+18  5.515185E+20  0.000000E+00  5.515185E+20  4.999998E-01 -5.557587E-08 -2.353214E+18 -4.266790E-03
    202  4.5706508329706763E-01  3.0842251154666309E+09  6.2205351164406216E+08  1.409623E+18  5.901864E+20  0.000000E+00  5.901864E+20  4.999998E-01 -5.557587E-08 -2.775735E+18 -4.703151E-03
    203  4.5707292280299094E-01  3.1163840475976725E+09  6.2187344158107507E+08  1.414540E+18  6.600508E+20  0.000000E+00  6.600508E+20  4.999998E-01 -5.557587E-08 -3.592689E+18 -5.443049E-03
    204  4.5708817284382836E-01  3.1789422028032856E+09  6.2152315473379040E+08  1.425650E+18  8.061867E+20  0.000000E+00  8.061867E+20  4.999998E-01 -5.557587E-08 -7.694681E+18 -9.544539E-03
    205  4.5709038084399561E-01  3.1879997796734104E+09  6.2147243792420030E+08  1.427415E+18  8.079242E+20  0.000000E+00  8.079242E+20  4.999998E-01 -5.557587E-08 -7.386050E+18 -9.142009E-03
    206  4.5709356311657978E-01  3.2010539809276505E+09  6.2139934249825394E+08  1.430024E+18  8.305275E+20  0.000000E+00  8.305275E+20  4.999998E-01 -5.557587E-08 -8.198800E+18 -9.871798E-03
    207  4.5709992766174817E-01  3.2271623834363580E+09  6.2125315164636016E+08  1.435477E+18  8.707558E+20  0.000000E+00  8.707558E+20  4.999998E-01 -5.557587E-08 -9.831678E+18 -1.129097E-02
    208  4.5711265675208496E-01  3.2793791884537735E+09  6.2096076994257247E+08  1.447421E+18  9.454585E+20  0.000000E+00  9.454585E+20  4.999998E-01 -5.557587E-08 -1.303791E+19 -1.379004E-02
    209  4.5713319200902908E-01  3.3636181622895665E+09  6.2048908396547711E+08  1.470967E+18  1.232035E+21  0.000000E+00  1.232035E+21  4.999998E-01 -5.557587E-08 -2.520055E+19 -2.045442E-02
    210  4.5713498230827160E-01  3.3709622618281975E+09  6.2044796156560659E+08  1.473376E+18  1.360945E+21  0.000000E+00  1.360945E+21  4.999998E-01 -5.557587E-08 -2.862762E+19 -2.103511E-02
    211  4.5713752613701725E-01  3.3813974623095250E+09  6.2038953091870892E+08  1.476922E+18  1.422709E+21  0.000000E+00  1.422709E+21  4.999998E-01 -5.557587E-08 -3.085067E+19 -2.168445E-02
    212  4.5714261379450855E-01  3.4022678632721806E+09  6.2027266962491357E+08  1.484471E+18  1.546796E+21  0.000000E+00  1.546796E+21  4.999998E-01 -5.557587E-08 -3.474137E+19 -2.246021E-02
    213  4.5715278910949109E-01  3.4440086651972637E+09  6.2003894703732419E+08  1.501566E+18  1.822456E+21  0.000000E+00  1.822456E+21  4.999998E-01 -5.557587E-08 -4.401713E+19 -2.415264E-02
    214  4.5717033792869338E-01  3.5159967842480197E+09  6.1963585824448228E+08  1.537481E+18  2.255568E+21  0.000000E+00  2.255568E+21  4.999998E-01 -5.557588E-08 -5.174660E+19 -2.294172E-02
    215  4.5718759805421966E-01  3.5868006347460604E+09  6.1923940062061119E+08  1.578798E+18  2.500102E+21  0.000000E+00  2.500102E+21  4.999998E-01 -5.557587E-08 -6.012909E+19 -2.405066E-02
    216  4.5720345006433832E-01  3.6518281661407132E+09  6.1887528679909468E+08  1.617940E+18  2.362246E+21  0.000000E+00  2.362246E+21  4.999998E-01 -5.557587E-08 -3.271433E+19 -1.384882E-02
    217  4.5721813804722883E-01  3.7120806679613934E+09  6.1853791017994070E+08  1.651814E+18  1.963037E+21  0.000000E+00  1.963037E+21  4.999998E-01 -5.557587E-08 -2.556977E+19 -1.302562E-02
    218  4.5723312201118199E-01  3.7735473323835487E+09  6.1819373500369430E+08  1.682066E+18  1.888106E+21  0.000000E+00  1.888106E+21  4.999998E-01 -5.557588E-08 -1.820707E+19 -9.643034E-03
    219  4.5724641108926378E-01  3.8280612984800024E+09  6.1788849062341881E+08  1.704568E+18  1.466345E+21  0.000000E+00  1.466345E+21  4.999998E-01 -5.703944E-08 -6.073812E+19 -4.142143E-02
    220  4.5724850689750718E-01  3.8366586457769327E+09  6.1784035081383276E+08  1.707734E+18  1.481917E+21  0.000000E+00  1.481917E+21  4.999998E-01 -5.703944E-08 -4.435098E+19 -2.992812E-02
    221  4.5725128367498530E-01  3.8480494399590387E+09  6.1777656943522584E+08  1.711770E+18  1.419695E+21  0.000000E+00  1.419695E+21  4.999998E-01 -5.703944E-08 -4.240744E+19 -2.987081E-02
    222  4.5725683722994154E-01  3.8708310283232493E+09  6.1764900667801201E+08  1.719311E+18  1.286616E+21  0.000000E+00  1.286616E+21  4.999998E-01 -5.703944E-08 -3.733295E+19 -2.901639E-02
    223  4.5726794433985402E-01  3.9163942050516710E+09  6.1739388116358447E+08  1.732379E+18  1.003448E+21  0.000000E+00  1.003448E+21  4.999998E-01 -5.703944E-08 -2.274962E+19 -2.267145E-02
    224  4.5728824160718040E-01  3.9996569066530271E+09  6.1692766170515430E+08  1.750257E+18  9.731093E+20  0.000000E+00  9.731093E+20  4.999998E-01 -5.703944E-08 -9.070555E+19 -9.321208E-02
    225  4.5729099762376951E-01  4.0109625362817640E+09  6.1686435719519556E+08  1.752179E+18  6.795125E+20  0.000000E+00  6.795125E+20  4.999998E-01 -5.703944E-08 -2.180277E+19 -3.208591E-02
    226  4.5729506584450080E-01  4.0276510413573980E+09  6.1677091192319822E+08  1.754827E+18  6.155604E+20  0.000000E+00  6.155604E+20  4.999998E-01 -5.703944E-08 -1.799817E+19 -2.923867E-02
    227  4.5730320228596338E-01  4.0610280515086641E+09  6.1658402137920356E+08  1.759499E+18  4.903755E+20  0.000000E+00  4.903755E+20  4.999997E-01 -5.703944E-08 -1.105498E+19 -2.254391E-02
    228  4.5731859154429344E-01  4.1241572995792141E+09  6.1623053676627970E+08  1.766392E+18  2.310215E+20  0.000000E+00  2.310215E+20  4.999997E-01 -5.703944E-08  3.162203E+19  1.368792E-01
    229  4.5732083632022735E-01  4.1333657366432672E+09  6.1617897523322320E+08  1.767214E+18  3.529886E+20  0.000000E+00  3.529886E+20  4.999997E-01 -5.703944E-08 -1.050050E+19 -2.974742E-02
    230  4.5732414268544802E-01  4.1469289861352654E+09  6.1610302945304680E+08  1.768350E+18  3.255862E+20  0.000000E+00  3.255862E+20  4.999997E-01 -5.703944E-08 -9.829961E+18 -3.019158E-02
    231  4.5733075541588930E-01  4.1740554851190348E+09  6.1595113789269519E+08  1.770370E+18  2.693507E+20  0.000000E+00  2.693507E+20  4.999997E-01 -5.703944E-08 -9.354857E+18 -3.473114E-02
    232  4.5734337900664296E-01  4.2258395136366606E+09  6.1566117946873724E+08  1.773403E+18 -1.968175E+20  0.000000E+00 -1.968175E+20  4.999997E-01 -5.703944E-08  1.054901E+20 -5.359792E-01
    233  4.5734528290012877E-01  4.2336495952915316E+09  6.1561744785819137E+08  1.773776E+18  1.843989E+20  0.000000E+00  1.843989E+20  4.999997E-01 -5.703944E-08 -4.881373E+18 -2.647181E-02
    234  4.5734787327993992E-01  4.2442757558372765E+09  6.1555794795343745E+08  1.774253E+18  1.779074E+20  0.000000E+00  1.779074E+20  4.999997E-01 -5.703944E-08 -6.820795E+18 -3.833901E-02
    235  4.5735305403956222E-01  4.2655280769287672E+09  6.1543894814392984E+08  1.775099E+18  1.820377E+20  0.000000E+00  1.820377E+20  4.999997E-01 -5.703944E-08 -1.928007E+19 -1.059125E-01
    236  4.5736341555880677E-01  4.3080327191115208E+09  6.1520094852491570E+08  1.776414E+18 -2.094030E+20  0.000000E+00 -2.094030E+20  4.999997E-01 -5.703944E-08  7.028181E+19 -3.356294E-01
    237  4.5737941215632089E-01  4.3736533715883713E+09  6.1483351359341347E+08  1.777643E+18 -2.004331E+21  0.000000E+00 -2.004331E+21  4.999997E-01 -5.703944E-08  5.923923E+20 -2.955562E-01
    238  4.5738159715804355E-01  4.3826166050871115E+09  6.1478332504815614E+08  1.777752E+18  1.715345E+19  0.000000E+00  1.715345E+19  4.999997E-01 -5.703944E-08  6.752966E+18  3.936797E-01
    239  4.5738458620716288E-01  4.3948781721686516E+09  6.1471466788169003E+08  1.777882E+18  3.736305E+19  0.000000E+00  3.736305E+19  4.999997E-01 -5.703944E-08 -2.072982E+18 -5.548214E-02
    240  4.5739056430540154E-01  4.4194013063317337E+09  6.1457735354875791E+08  1.778086E+18  2.073945E+19  0.000000E+00  2.073945E+19  4.999997E-01 -5.703944E-08 -1.495524E+19 -7.211010E-01
    241  4.5740197508706387E-01  4.4662101941150742E+09  6.1431525282547665E+08  1.778309E+18 -1.536813E+21  0.000000E+00 -1.536813E+21  4.999997E-01 -5.703944E-08  5.559775E+20 -3.617730E-01
    242  4.5740363230885756E-01  4.4730083882500706E+09  6.1427718715709257E+08  1.778328E+18 -7.248166E+18  0.000000E+00 -7.248166E+18  4.999997E-01 -5.703944E-08  6.211546E+18 -8.569818E-01
    243  4.5740625949305341E-01  4.4837855263856640E+09  6.1421684187152815E+08  1.778353E+18  5.014459E+18  0.000000E+00  5.014459E+18  4.999997E-01 -5.703944E-08 -1.292703E+18 -2.577952E-01
    244  4.5741151386144513E-01  4.5053398026568508E+09  6.1409615130039918E+08  1.778385E+18 -1.521430E+19  0.000000E+00 -1.521430E+19  4.999997E-01 -5.703944E-08 -1.842598E+19  1.211096E+00
    245  4.5741714289882601E-01  4.5284310322401590E+09  6.1396685474451327E+08  1.778400E+18 -5.203799E+19  0.000000E+00 -5.203799E+19  4.999997E-01 -5.703944E-08 -5.075582E+19  9.753609E-01
    246  4.5742840097358778E-01  4.5746134914067755E+09  6.1370826163274133E+08  1.778400E+18 -1.380872E+21  0.000000E+00 -1.380872E+21  4.999997E-01 -5.703944E-08  7.976279E+20 -5.776260E-01
    247  4.5742999350144853E-01  4.5811463004755650E+09  6.1367168195603728E+08  1.778399E+18 -1.724442E+19  0.000000E+00 -1.724442E+19  4.999997E-01 -5.703944E-08  1.007834E+19 -5.844403E-01
    248  4.5743223548118134E-01  4.5903432670665541E+09  6.1362018465051174E+08  1.778397E+18 -1.186164E+19  0.000000E+00 -1.186164E+19  4.999997E-01 -5.703944E-08 -2.852252E+18  2.404602E-01
    249  4.5743671944064690E-01  4.6087372002483044E+09  6.1351719003946185E+08  1.778394E+18 -1.176216E+20  0.000000E+00 -1.176216E+20  4.999997E-01 -5.703944E-08 -3.003926E+19  2.553889E-01
    250  4.5744568735957802E-01  4.6455250666118069E+09  6.1331120081736207E+08  1.778396E+18 -1.118664E+21  0.000000E+00 -1.118664E+21  4.999997E-01 -5.703944E-08  9.376840E+19 -8.382178E-02
    251  4.5744708589240846E-01  4.6512620764204426E+09  6.1327907712266386E+08  1.778397E+18 -1.510581E+19  0.000000E+00 -1.510581E+19  4.999997E-01 -5.703944E-08  1.705687E+17 -1.129159E-02
    252  4.5744899978210862E-01  4.6591131641772537E+09  6.1323511590339434E+08  1.778401E+18 -1.550752E+19  0.000000E+00 -1.550752E+19  4.999997E-01 -5.703944E-08 -1.981839E+18  1.277985E-01
    253  4.5745282756150896E-01  4.6748153396908760E+09  6.1314719346485543E+08  1.778411E+18 -1.517187E+20  0.000000E+00 -1.517187E+20  4.999997E-01 -5.703944E-08 -2.088372E+19  1.376476E-01
    254  4.5746048312030957E-01  4.7062196907178917E+09  6.1297134858777869E+08  1.778447E+18 -1.214295E+21  0.000000E+00 -1.214295E+21  4.999997E-01 -5.703944E-08  1.987979E+19 -1.637147E-02
    255  4.5747270680573521E-01  4.7563632423447018E+09  6.1269057581637454E+08  1.778568E+18 -1.723162E+20  0.000000E+00 -1.723162E+20  4.999997E-01 -5.703944E-08 -3.509733E+20  2.036798E+00
    256  4.5748435566584700E-01  4.8041487667646856E+09  6.1242300653400183E+08  1.778793E+18 -3.627245E+20  0.000000E+00 -3.627245E+20  4.999997E-01 -5.703944E-08  1.065051E+20 -2.936254E-01
    257  4.5749429614740567E-01  4.8449262436774120E+09  6.1219467796866870E+08  1.779111E+18  3.518537E+21  0.000000E+00  3.518537E+21  4.999997E-01 -5.703944E-08  9.932906E+20  2.823021E-01
    258  4.5749569463525469E-01  4.8506630689649773E+09  6.1216255530717397E+08  1.779168E+18  6.356687E+19  0.000000E+00  6.356687E+19  4.999997E-01 -5.703944E-08  1.241061E+19  1.952371E-01
    259  4.5749767146808951E-01  4.8587723597278309E+09  6.1211714831130433E+08  1.779254E+18 -3.225530E+19  0.000000E+00 -3.225530E+19  4.999997E-01 -5.703944E-08 -2.883666E+18  8.940131E-02
    260  4.5750162513375914E-01  4.8749909412535372E+09  6.1202633431956506E+08  1.779447E+18 -6.377413E+20  0.000000E+00 -6.377413E+20  4.999996E-01 -5.703944E-08 -1.256590E+19  1.970375E-02
    261  4.5750940539262636E-01  4.9069068322956963E+09  6.1184762513585114E+08  1.779923E+18 -3.944595E+21  0.000000E+00 -3.944595E+21  4.999996E-01 -5.703944E-08  3.694545E+19 -9.366094E-03
    262  4.5751066163520032E-01  4.9120601442609510E+09  6.1181876978684914E+08  1.780013E+18 -1.665267E+19  0.000000E+00 -1.665267E+19  4.999996E-01 -5.703944E-08 -6.787306E+18  4.075805E-01
    263  4.5751232587121071E-01  4.9188871118570881E+09  6.1178054300493860E+08  1.780139E+18 -9.904589E+18  0.000000E+00 -9.904589E+18  4.999996E-01 -5.703944E-08 -5.816358E+18  5.872387E-01
    264  4.5751565434323149E-01  4.9325410470493603E+09  6.1170408944111776E+08  1.780414E+18 -5.203572E+20  0.000000E+00 -5.203572E+20  4.999996E-01 -5.703944E-08 -3.821936E+19  7.344831E-02
    265  4.5752231128727311E-01  4.9598489174341335E+09  6.1155118231347466E+08  1.781063E+18 -4.087051E+21  0.000000E+00 -4.087051E+21  4.999996E-01 -5.703944E-08 -4.308245E+19  1.054120E-02
    266  4.5752343450590399E-01  4.9644565434850903E+09  6.1152538246695495E+08  1.781187E+18  1.286136E+19  0.000000E+00  1.286136E+19  4.999996E-01 -5.703944E-08 -8.974840E+18 -6.978140E-01
    267  4.5752498623144078E-01  4.9708219747650261E+09  6.1148974000199854E+08  1.781366E+18  9.695970E+18  0.000000E+00  9.695970E+18  4.999996E-01 -5.703944E-08 -8.253167E+18 -8.511956E-01
    268  4.5752808968251429E-01  4.9835528373246717E+09  6.1141845507208693E+08  1.781751E+18 -6.313599E+20  0.000000E+00 -6.313599E+20  4.999996E-01 -5.703944E-08 -4.183363E+19  6.625956E-02
    269  4.5752871037272902E-01  4.9860990098366909E+09  6.1140419808610404E+08  1.781833E+18  1.102164E+20  0.000000E+00  1.102164E+20  4.999996E-01 -5.703944E-08 -7.428935E+18 -6.740319E-02
    270  4.5752951393215630E-01  4.9893953416894655E+09  6.1138574067334127E+08  1.781941E+18  1.102756E+20  0.000000E+00  1.102756E+20  4.999996E-01 -5.703944E-08 -7.685086E+18 -6.968981E-02
    271  4.5753112105101090E-01  4.9959880053952408E+09  6.1134882584781420E+08  1.782165E+18  2.238808E+19  0.000000E+00  2.238808E+19  4.999996E-01 -5.703944E-08 -1.495422E+19 -6.679545E-01
    272  4.5753144247478184E-01  4.9973065381364412E+09  6.1134144288270855E+08  1.782211E+18  1.343869E+20  0.000000E+00  1.343869E+20  4.999996E-01 -5.703944E-08 -7.639254E+18 -5.684523E-02
    273  4.5753179333131178E-01  4.9987458088563643E+09  6.1133338385984874E+08  1.782262E+18  1.360899E+20  0.000000E+00  1.360899E+20  4.999996E-01 -5.703944E-08 -7.697636E+18 -5.656286E-02
    274  4.5753249504437166E-01  5.0016243502962103E+09  6.1131726581412911E+08  1.782365E+18 -1.540101E+22  0.000000E+00 -1.540101E+22  4.999996E-01 -5.703944E-08  3.633260E+21 -2.359106E-01
    275  4.5753368380266179E-01  5.0065008307207079E+09  6.1128996054996121E+08  1.782545E+18 -5.552261E+19  0.000000E+00 -5.552261E+19  4.999996E-01 -5.703944E-08  2.158735E+19 -3.888030E-01
    276  4.5753606131924213E-01  5.0162537915699310E+09  6.1123535002162421E+08  1.782926E+18 -3.415471E+20  0.000000E+00 -3.415471E+20  4.999996E-01 -5.703944E-08 -1.430932E+19  4.189560E-02
    277  4.5754081635240273E-01  5.0357597132681484E+09  6.1112612896495152E+08  1.783772E+18 -3.080411E+21  0.000000E+00 -3.080411E+21  4.999996E-01 -5.703944E-08 -1.328774E+20  4.313624E-02
    278  4.5754948188770089E-01  5.0713071526423445E+09  6.1092708536421704E+08  1.785645E+18  2.018279E+22  0.000000E+00  2.018279E+22  4.999996E-01 -5.703944E-08  1.679262E+21  8.320266E-02
    279  4.5755067783322068E-01  5.0762131162552748E+09  6.1089961501249051E+08  1.785942E+18  5.074206E+20  0.000000E+00  5.074206E+20  4.999996E-01 -5.703944E-08  1.839908E+19  3.626001E-02
    280  4.5755226579778785E-01  5.0827272059494190E+09  6.1086314015266776E+08  1.786351E+18  1.605171E+19  0.000000E+00  1.605171E+19  4.999996E-01 -5.703944E-08 -2.359267E+19 -1.469792E+00
    281  4.5755544172692225E-01  5.0957553853379345E+09  6.1079019043302107E+08  1.787224E+18 -1.506924E+21  0.000000E+00 -1.506924E+21  4.999996E-01 -5.703944E-08 -1.398946E+20  9.283454E-02
    282  4.5756179358519106E-01  5.1218117441149645E+09  6.1064429099372780E+08  1.789210E+18  7.417258E+21  0.000000E+00  7.417258E+21  4.999995E-01 -5.703944E-08  1.454264E+20  1.960649E-02
    283  4.5756272064396253E-01  5.1256146904236841E+09  6.1062299685440254E+08  1.789529E+18  3.751090E+20  0.000000E+00  3.751090E+20  4.999995E-01 -5.703944E-08 -1.329221E+19 -3.543560E-02
    284  4.5756401601038121E-01  5.1309284947821264E+09  6.1059324284759581E+08  1.789987E+18  1.545940E+20  0.000000E+00  1.545940E+20  4.999995E-01 -5.703944E-08 -2.671835E+19 -1.728292E-01
    285  4.5756660674321858E-01  5.1415561034990110E+09  6.1053373483398223E+08  1.790951E+18 -1.024203E+21  0.000000E+00 -1.024203E+21  4.999995E-01 -5.703944E-08 -1.087924E+20  1.062215E-01
    286  4.5757178820889327E-01  5.1628113209325542E+09  6.1041471880675650E+08  1.793080E+18 -5.906105E+21  0.000000E+00 -5.906105E+21  4.999995E-01 -5.703944E-08 -6.246349E+20  1.057609E-01
    287  4.5757262648102015E-01  5.1662500499416742E+09  6.1039546405828583E+08  1.793451E+18  2.198189E+20  0.000000E+00  2.198189E+20  4.999995E-01 -5.703944E-08 -3.180116E+19 -1.446699E-01
    288  4.5757382243217209E-01  5.1711560366586494E+09  6.1036799357719088E+08  1.793993E+18  2.435584E+20  0.000000E+00  2.435584E+20  4.999995E-01 -5.703944E-08 -3.317587E+19 -1.362132E-01
    289  4.5757621433447593E-01  5.1809680100923719E+09  6.1031305261500227E+08  1.795126E+18 -9.249817E+20  0.000000E+00 -9.249817E+20  4.999995E-01 -5.703944E-08 -1.168933E+20  1.263736E-01
    290  4.5758099813908365E-01  5.2005919569600449E+09  6.1020317069062388E+08  1.797595E+18 -6.194956E+21  0.000000E+00 -6.194956E+21  4.999995E-01 -5.703944E-08 -6.871359E+20  1.109186E-01
    291  4.5758899565778555E-01  5.2333990832849588E+09  6.1001947114240265E+08  1.802370E+18  4.475086E+22  0.000000E+00  4.475086E+22  4.999994E-01 -5.703944E-08  2.006601E+21  4.483939E-02
    292  4.5759009265442363E-01  5.2378991424439421E+09  6.0999427360372496E+08  1.803093E+18  1.318960E+21  0.000000E+00  1.318960E+21  4.999994E-01 -5.703944E-08  2.667154E+19  2.022165E-02
    293  4.5759145587067751E-01  5.2434912778944807E+09  6.0996296111552703E+08  1.804014E+18  3.629135E+20  0.000000E+00  3.629135E+20  4.999994E-01 -5.703944E-08 -6.761002E+19 -1.862979E-01
    294  4.5759418230318533E-01  5.2546755487957859E+09  6.0990033613913000E+08  1.805934E+18 -1.881616E+21  0.000000E+00 -1.881616E+21  4.999994E-01 -5.703944E-08 -3.078477E+20  1.636081E-01
    295  4.5759963516820090E-01  5.2770440905981684E+09  6.0977508618633711E+08  1.810097E+18 -6.814039E+21  0.000000E+00 -6.814039E+21  4.999994E-01 -5.703944E-08 -1.832668E+21  2.689547E-01
    296  4.5760048230847250E-01  5.2805191981835556E+09  6.0975562774041486E+08  1.810782E+18  4.538173E+20  0.000000E+00  4.538173E+20  4.999994E-01 -5.703944E-08 -6.468383E+19 -1.425328E-01
    297  4.5760171115306936E-01  5.2855601191773643E+09  6.0972740171110618E+08  1.811796E+18  4.942945E+20  0.000000E+00  4.942945E+20  4.999994E-01 -5.703944E-08 -6.879821E+19 -1.391846E-01
    298  4.5760416884226307E-01  5.2956419611649809E+09  6.0967094965248883E+08  1.813888E+18 -1.328880E+21  0.000000E+00 -1.328880E+21  4.999993E-01 -5.703944E-08 -2.649186E+20  1.993548E-01
    299  4.5760908422065050E-01  5.3158056451402140E+09  6.0955804553525400E+08  1.818337E+18 -1.363044E+22  0.000000E+00 -1.363044E+22  4.999993E-01 -5.703944E-08 -2.047798E+21  1.502372E-01
    300  4.5760996344312310E-01  5.3194123591475992E+09  6.0953785017503989E+08  1.819167E+18  4.562227E+20  0.000000E+00  4.562227E+20  4.999993E-01 -5.703944E-08 -9.049225E+19 -1.983510E-01
    301  4.5761105064843532E-01  5.3238722526906729E+09  6.0951287753888571E+08  1.820211E+18  7.448281E+20  0.000000E+00  7.448281E+20  4.999993E-01 -5.703944E-08 -8.223387E+19 -1.104065E-01
    302  4.5761322505905971E-01  5.3327920397765913E+09  6.0946293226657856E+08  1.822345E+18 -4.486096E+20  0.000000E+00 -4.486096E+20  4.999993E-01 -5.703944E-08 -2.736391E+20  6.099716E-01
    303  4.5761757388030849E-01  5.3506316139484301E+09  6.0936304172196424E+08  1.826797E+18 -1.180872E+22  0.000000E+00 -1.180872E+22  4.999992E-01 -5.703944E-08 -1.803821E+21  1.527533E-01
    304  4.5761844364455823E-01  5.3541995287827063E+09  6.0934306361304188E+08  1.827714E+18  6.528437E+20  0.000000E+00  6.528437E+20  4.999992E-01 -5.703944E-08 -9.780329E+19 -1.498112E-01
    305  4.5761939074796681E-01  5.3580847014626961E+09  6.0932130905706501E+08  1.828723E+18  9.190746E+20  0.000000E+00  9.190746E+20  4.999992E-01 -5.703944E-08 -8.271103E+19 -8.999381E-02
    306  4.5762128495478405E-01  5.3658550468229036E+09  6.0927779994510996E+08  1.830771E+18  2.160998E+20  0.000000E+00  2.160998E+20  4.999992E-01 -5.703944E-08 -2.334732E+20 -1.080395E+00
    307  4.5762507336841851E-01  5.3813957375433178E+09  6.0919078172119999E+08  1.834973E+18 -6.723817E+21  0.000000E+00 -6.723817E+21  4.999991E-01 -5.703945E-08 -1.412055E+21  2.100079E-01
    308  4.5762583105114540E-01  5.3845038756874008E+09  6.0917337807641792E+08  1.835828E+18  8.946686E+20  0.000000E+00  8.946686E+20  4.999991E-01 -5.703945E-08 -8.963768E+19 -1.001909E-01
    309  4.5762670141267298E-01  5.3880742406528015E+09  6.0915338624828172E+08  1.836816E+18  1.022970E+21  0.000000E+00  1.022970E+21  4.999991E-01 -5.703945E-08 -8.337113E+19 -8.149912E-02
    310  4.5762844213572818E-01  5.3952149705838318E+09  6.0911340259200811E+08  1.838809E+18  5.789829E+20  0.000000E+00  5.789829E+20  4.999991E-01 -5.703945E-08 -2.174910E+20 -3.756433E-01
    311  4.5763192358183852E-01  5.4094964304456644E+09  6.0903343527946222E+08  1.842848E+18 -4.059611E+21  0.000000E+00 -4.059611E+21  4.999991E-01 -5.703945E-08 -1.249401E+21  3.077638E-01
    312  4.5763888647405926E-01  5.4380593501695585E+09  6.0887350065436912E+08  1.851035E+18  4.008540E+21  0.000000E+00  4.008540E+21  4.999990E-01 -5.703945E-08 -7.035609E+21 -1.755155E+00
    313  4.5763994054287227E-01  5.4423833123874159E+09  6.0884928914928079E+08  1.852273E+18  1.208807E+21  0.000000E+00  1.208807E+21  4.999989E-01 -5.703945E-08 -1.804212E+20 -1.492555E-01
    314  4.5764151671589770E-01  5.4488490312538128E+09  6.0881308513607597E+08  1.854122E+18  9.269820E+20  0.000000E+00  9.269820E+20  4.999989E-01 -5.703945E-08 -1.775940E+20 -1.915830E-01
    315  4.5764466906194856E-01  5.4603113484207726E+09  6.0873477143322349E+08  1.857826E+18 -6.226691E+21  0.000000E+00 -6.226691E+21  4.999989E-01 -5.703945E-08 -2.660762E+21  4.273156E-01
    316  4.5765029471858448E-01  5.4735387004996815E+09  6.0856595675689626E+08  1.864238E+18 -2.021956E+21  0.000000E+00 -2.021956E+21  4.999988E-01 -5.703947E-08 -1.344048E+21  6.647263E-01
    317  4.5766154603185633E-01  5.4999934046574993E+09  6.0822832740424168E+08  1.875277E+18  6.396184E+22  0.000000E+00  6.396184E+22  4.999986E-01 -5.703945E-08 -9.681611E+21 -1.513654E-01
    318  4.5766328199927930E-01  5.5040751063658161E+09  6.0817623450245428E+08  1.876768E+18  1.517629E+21  0.000000E+00  1.517629E+21  4.999985E-01 -5.703945E-08 -2.341901E+20 -1.543132E-01
    319  4.5766595472949273E-01  5.5103593760667419E+09  6.0809603122751415E+08  1.878959E+18  1.239370E+21  0.000000E+00  1.239370E+21  4.999985E-01 -5.703945E-08 -2.131586E+20 -1.719895E-01
    320  4.5767130018991953E-01  5.5229279154684629E+09  6.0793562467763543E+08  1.882961E+18  2.826056E+21  0.000000E+00  2.826056E+21  4.999984E-01 -5.703946E-08 -1.224489E+21 -4.332855E-01
    321  4.5768199111077312E-01  5.5480649942719040E+09  6.0761481157787812E+08  1.889546E+18  1.365925E+22  0.000000E+00  1.365925E+22  4.999981E-01 -5.703945E-08 -8.483618E+21 -6.210897E-01
    322  4.5768412929494384E-01  5.5530924100325918E+09  6.0755064895792675E+08  1.890651E+18  8.632838E+20  0.000000E+00  8.632838E+20  4.999981E-01 -5.703945E-08 -2.970534E+20 -3.440970E-01
    323  4.5768665076086718E-01  5.5590210188477716E+09  6.0747498482105076E+08  1.891873E+18  1.019447E+21  0.000000E+00  1.019447E+21  4.999980E-01 -5.703945E-08 -1.584409E+20 -1.554184E-01
    324  4.5769169369271384E-01  5.5708782364781313E+09  6.0732365654729867E+08  1.894063E+18  3.726487E+21  0.000000E+00  3.726487E+21  4.999979E-01 -5.703946E-08 -9.280974E+20 -2.490543E-01
    325  4.5770177955640717E-01  5.5945926717388496E+09  6.0702099999979472E+08  1.897536E+18  1.861050E+22  0.000000E+00  1.861050E+22  4.999976E-01 -5.703948E-08 -5.954850E+21 -3.199726E-01
    326  4.5770379672914585E-01  5.5993355587910194E+09  6.0696046869029367E+08  1.898099E+18  7.295347E+20  0.000000E+00  7.295347E+20  4.999976E-01 -5.703948E-08 -2.072313E+20 -2.840595E-01
    327  4.5770630169811477E-01  5.6052253790632114E+09  6.0688529959394360E+08  1.898748E+18  6.976629E+20  0.000000E+00  6.976629E+20  4.999975E-01 -5.703948E-08 -1.204572E+20 -1.726582E-01
    328  4.5771131163605266E-01  5.6170050196077242E+09  6.0673496140124178E+08  1.899879E+18  2.923049E+21  0.000000E+00  2.923049E+21  4.999974E-01 -5.703948E-08 -7.192601E+20 -2.460650E-01
    329  4.5772133151192845E-01  5.6405643006967516E+09  6.0643428501583815E+08  1.901567E+18  1.326989E+22  0.000000E+00  1.326989E+22  4.999971E-01 -5.703950E-08 -4.377322E+21 -3.298689E-01
    330  4.5772333548710359E-01  5.6452761569145050E+09  6.0637414973875809E+08  1.901822E+18  5.484920E+20  0.000000E+00  5.484920E+20  4.999970E-01 -5.703950E-08 -1.628574E+20 -2.969184E-01
    331  4.5772598067643905E-01  5.6514956709943523E+09  6.0629477291034687E+08  1.902125E+18  4.692174E+20  0.000000E+00  4.692174E+20  4.999970E-01 -5.703950E-08 -1.076000E+20 -2.293180E-01
    332  4.5773127105510997E-01  5.6639346991540470E+09  6.0613601925352442E+08  1.902619E+18  2.145192E+21  0.000000E+00  2.145192E+21  4.999968E-01 -5.703949E-08 -6.495810E+20 -3.028079E-01
    333  4.5774185181245186E-01  5.6888127554735661E+09  6.0581851193987787E+08  1.903220E+18  8.001060E+21  0.000000E+00  8.001060E+21  4.999965E-01 -5.703950E-08 -3.634862E+21 -4.542975E-01
    334  4.5774396796392025E-01  5.6937883667374964E+09  6.0575501047714829E+08  1.903284E+18  4.916917E+20  0.000000E+00  4.916917E+20  4.999964E-01 -5.703950E-08 -1.648616E+20 -3.352947E-01
    335  4.5774696992750635E-01  5.7008467479810104E+09  6.0566492756879973E+08  1.903351E+18  3.685345E+20  0.000000E+00  3.685345E+20  4.999964E-01 -5.703950E-08 -1.250276E+20 -3.392562E-01
    336  4.5775297385467850E-01  5.7149635104679079E+09  6.0548476175210428E+08  1.903396E+18  1.807924E+21  0.000000E+00  1.807924E+21  4.999962E-01 -5.703950E-08 -7.553620E+20 -4.178062E-01
    337  4.5776498170902286E-01  5.7431970354418354E+09  6.0512443011871183E+08  1.903191E+18  2.975871E+21  0.000000E+00  2.975871E+21  4.999958E-01 -5.703949E-08 -3.479046E+21 -1.169085E+00
    338  4.5776738327989175E-01  5.7488437404366722E+09  6.0505236379203260E+08  1.903105E+18  6.438903E+20  0.000000E+00  6.438903E+20  4.999958E-01 -5.703949E-08 -2.339272E+20 -3.633029E-01
    339  4.5777110205439842E-01  5.7575875267864590E+09  6.0494077082514787E+08  1.902953E+18  4.240852E+20  0.000000E+00  4.240852E+20  4.999956E-01 -5.703949E-08 -2.021836E+20 -4.767523E-01
    340  4.5777853960341175E-01  5.7750750994860315E+09  6.0471758489137852E+08  1.902573E+18  1.449389E+21  0.000000E+00  1.449389E+21  4.999954E-01 -5.703949E-08 -9.815978E+20 -6.772492E-01
    341  4.5779341470143836E-01  5.8100502448850470E+09  6.0427121302384138E+08  1.901545E+18 -4.759929E+21  0.000000E+00 -4.759929E+21  4.999950E-01 -5.703950E-08 -3.119221E+21  6.553083E-01
    342  4.5779638972104369E-01  5.8170452739648762E+09  6.0418193865033364E+08  1.901294E+18  1.357970E+21  0.000000E+00  1.357970E+21  4.999949E-01 -5.703950E-08 -4.680967E+20 -3.447032E-01
    343  4.5780122665882178E-01  5.8284181470559893E+09  6.0403679184556615E+08  1.900872E+18  7.446397E+20  0.000000E+00  7.446397E+20  4.999947E-01 -5.703950E-08 -3.838274E+20 -5.154539E-01
    344  4.5781090053437795E-01  5.8511638932382154E+09  6.0374649823603141E+08  1.899945E+18  1.576260E+21  0.000000E+00  1.576260E+21  4.999944E-01 -5.703950E-08 -1.432391E+21 -9.087280E-01
    345  4.5783024828549035E-01  5.8966553856027985E+09  6.0316591101696002E+08  1.897791E+18 -7.838679E+22  0.000000E+00 -7.838679E+22  4.999938E-01 -5.703958E-08  1.584347E+22 -2.021192E-01
    346  4.5785955972088643E-01  5.9655740383066540E+09  6.0228633360950112E+08  1.893871E+18  1.066981E+23  0.000000E+00  1.066981E+23  4.999929E-01 -5.703966E-08 -6.042752E+22 -5.663409E-01
    347  4.5788435324127230E-01  6.0238699217285862E+09  6.0154232977317941E+08  1.890016E+18 -1.954842E+23  0.000000E+00 -1.954842E+23  4.999920E-01 -5.703963E-08  8.350366E+22 -4.271631E-01
    348  4.5788780017976272E-01  6.0319745523446693E+09  6.0143889406011736E+08  1.889448E+18 -3.647723E+21  0.000000E+00 -3.647723E+21  4.999919E-01 -5.703964E-08  1.096761E+21 -3.006701E-01
    349  4.5789321987997872E-01  6.0447176484059286E+09  6.0127625972301376E+08  1.888531E+18  2.338651E+21  0.000000E+00  2.338651E+21  4.999917E-01 -5.703965E-08 -7.942029E+20 -3.395987E-01
    350  4.5790405928041072E-01  6.0702038405284481E+09  6.0095099104880667E+08  1.886635E+18  2.492505E+22  0.000000E+00  2.492505E+22  4.999914E-01 -5.703962E-08 -2.302580E+21 -9.238016E-02
    351  4.5790622716049711E-01  6.0753010789529257E+09  6.0088593731396556E+08  1.886242E+18  2.948128E+20  0.000000E+00  2.948128E+20  4.999913E-01 -5.703962E-08 -2.461404E+20 -8.349041E-01
    352  4.5791056292066995E-01  6.0854955558020115E+09  6.0075582984428167E+08  1.885452E+18  9.661550E+20  0.000000E+00  9.661550E+20  4.999911E-01 -5.703963E-08 -5.962176E+20 -6.171034E-01
    353  4.5791923444101557E-01  6.1058845095000534E+09  6.0049561490491569E+08  1.883832E+18  1.621907E+22  0.000000E+00  1.621907E+22  4.999909E-01 -5.703962E-08 -2.378204E+21 -1.466301E-01
    354  4.5793657748170680E-01  6.1466624168961353E+09  5.9997518502618361E+08  1.880438E+18  1.633083E+23  0.000000E+00  1.633083E+23  4.999903E-01 -5.703938E-08  1.096654E+21  6.715236E-03
    355  4.5794004608984507E-01  6.1548179983754044E+09  5.9987109905043650E+08  1.879718E+18  6.144090E+21  0.000000E+00  6.144090E+21  4.999901E-01 -5.703938E-08 -1.724594E+21 -2.806915E-01
    356  4.5794698330612155E-01  6.1711291613338118E+09  5.9966292709894407E+08  1.878278E+18  1.024003E+22  0.000000E+00  1.024003E+22  4.999899E-01 -5.703938E-08 -2.369097E+21 -2.313565E-01
    357  4.5796060888082973E-01  6.2031663590525360E+09  5.9925405092092633E+08  1.875354E+18  1.165912E+23  0.000000E+00  1.165912E+23  4.999894E-01 -5.703923E-08 -5.377624E+21 -4.612377E-02
    358  4.5796333399577138E-01  6.2095737985963078E+09  5.9917227568532240E+08  1.874746E+18  1.507452E+21  0.000000E+00  1.507452E+21  4.999893E-01 -5.703924E-08 -8.798600E+20 -5.836738E-01
    359  4.5796878422565462E-01  6.2223886776837187E+09  5.9900872521411633E+08  1.873526E+18  3.296977E+21  0.000000E+00  3.296977E+21  4.999891E-01 -5.703919E-08 -1.739906E+21 -5.277276E-01
    360  4.5797968468542116E-01  6.2480184358586721E+09  5.9868162427170241E+08  1.871023E+18  7.046980E+22  0.000000E+00  7.046980E+22  4.999887E-01 -5.703920E-08 -6.736677E+21 -9.559665E-02
    361  4.5798186477737446E-01  6.2531443874936371E+09  5.9861620408322001E+08  1.870508E+18 -8.566835E+20  0.000000E+00 -8.566835E+20  4.999887E-01 -5.703919E-08 -3.165433E+20  3.694985E-01
    362  4.5798622496128105E-01  6.2633962907635660E+09  5.9848536370625520E+08  1.869475E+18 -9.947659E+20  0.000000E+00 -9.947659E+20  4.999885E-01 -5.703918E-08 -1.086964E+21  1.092683E+00
    363  4.5799494532909429E-01  6.2839000973035555E+09  5.9822368295232379E+08  1.867367E+18  3.509473E+22  0.000000E+00  3.509473E+22  4.999882E-01 -5.703911E-08 -5.901529E+21 -1.681600E-01
    364  4.5801238606472072E-01  6.3249077103834028E+09  5.9770032144446254E+08  1.862992E+18  4.800760E+23  0.000000E+00  4.800760E+23  4.999876E-01 -5.703903E-08 -1.231390E+22 -2.564989E-02
    365  4.5801587421184603E-01  6.3331092329994249E+09  5.9759564914288974E+08  1.862073E+18  6.904310E+21  0.000000E+00  6.904310E+21  4.999874E-01 -5.703906E-08 -3.205377E+21 -4.642574E-01
    366  4.5802285050609659E-01  6.3495122782313375E+09  5.9738630453974557E+08  1.860236E+18  1.233192E+22  0.000000E+00  1.233192E+22  4.999872E-01 -5.703910E-08 -5.141869E+21 -4.169560E-01
    367  4.5803680309459777E-01  6.3823183686952934E+09  5.9696761533345568E+08  1.856458E+18  2.868541E+23  0.000000E+00  2.868541E+23  4.999867E-01 -5.703896E-08 -1.948690E+22 -6.793312E-02
    368  4.5803959361229801E-01  6.3888795867881107E+09  5.9688387749219728E+08  1.855676E+18 -1.738446E+21  0.000000E+00 -1.738446E+21  4.999866E-01 -5.703895E-08 -1.469322E+21  8.451928E-01
    369  4.5804517464769851E-01  6.4020020229737453E+09  5.9671640180968070E+08  1.854108E+18 -3.892369E+21  0.000000E+00 -3.892369E+21  4.999864E-01 -5.703892E-08 -3.461084E+21  8.891974E-01
    370  4.5805633671849944E-01  6.4282468953448849E+09  5.9638145044464910E+08  1.850904E+18  1.376594E+23  0.000000E+00  1.376594E+23  4.999859E-01 -5.703884E-08 -1.819295E+22 -1.321592E-01
    371  4.5807866086010129E-01  6.4807366400871630E+09  5.9571154771458590E+08  1.844204E+18  1.636199E+24  0.000000E+00  1.636199E+24  4.999851E-01 -5.703785E-08  1.078182E+23  6.589556E-02
    372  4.5811244002827090E-01  6.5601600708488255E+09  5.9469790260429883E+08  1.833354E+18  2.081507E+24  0.000000E+00  2.081507E+24  4.999838E-01 -5.703785E-08 -4.828646E+23 -2.319784E-01
    373  4.5811553245844866E-01  6.5674311620987873E+09  5.9460510497491801E+08  1.832248E+18 -4.216804E+21  0.000000E+00 -4.216804E+21  4.999837E-01 -5.703779E-08 -2.500341E+22  5.929471E+00
    374  4.5812171731880424E-01  6.5819733445988407E+09  5.9441950971615469E+08  1.830136E+18 -4.217479E+22  0.000000E+00 -4.217479E+22  4.999834E-01 -5.703769E-08 -8.409921E+21  1.994064E-01
    375  4.5813408703951541E-01  6.6110577095989475E+09  5.9404831919862807E+08  1.825825E+18  2.468237E+23  0.000000E+00  2.468237E+23  4.999830E-01 -5.703751E-08 -4.835947E+22 -1.959272E-01
    376  4.5813656098365763E-01  6.6168745825989170E+09  5.9397408109512341E+08  1.824942E+18 -1.915311E+22  0.000000E+00 -1.915311E+22  4.999829E-01 -5.703750E-08 -7.675340E+19  4.007361E-03
    377  4.5814150887194210E-01  6.6285083285989857E+09  5.9382560488811243E+08  1.823171E+18 -5.366295E+22  0.000000E+00 -5.366295E+22  4.999827E-01 -5.703746E-08 -3.316196E+21  6.179675E-02
    378  4.5815136105767224E-01  6.6516733274307880E+09  5.9352996054776502E+08  1.819585E+18  6.298495E+21  0.000000E+00  6.298495E+21  4.999823E-01 -5.703756E-08 -3.347657E+22 -5.315012E+00
    379  4.5817106542913250E-01  6.6980033250943918E+09  5.9293867186707008E+08  1.812188E+18  2.423265E+24  0.000000E+00  2.423265E+24  4.999815E-01 -5.704114E-08 -1.055781E+23 -4.356855E-02
    380  4.5817480321896953E-01  6.7067918213306723E+09  5.9282650828824651E+08  1.810726E+18 -4.106233E+22  0.000000E+00 -4.106233E+22  4.999814E-01 -5.704135E-08 -1.012859E+22  2.466637E-01
    381  4.5818227879864365E-01  6.7243688138033638E+09  5.9260218113059747E+08  1.807806E+18 -1.401824E+23  0.000000E+00 -1.401824E+23  4.999811E-01 -5.704134E-08 -1.928061E+22  1.375394E-01
    382  4.5819722995799184E-01  6.7595227987486153E+09  5.9215352681530118E+08  1.801832E+18  5.377011E+23  0.000000E+00  5.377011E+23  4.999805E-01 -5.704098E-08 -1.197925E+23 -2.227864E-01
    383  4.5820022018986145E-01  6.7665535957376137E+09  5.9206379595224261E+08  1.800605E+18 -5.868609E+22  0.000000E+00 -5.868609E+22  4.999803E-01 -5.704100E-08 -1.858917E+21  3.167559E-02
    384  4.5820620065360074E-01  6.7806151897157402E+09  5.9188433422612369E+08  1.798144E+18 -1.741923E+23  0.000000E+00 -1.741923E+23  4.999801E-01 -5.704105E-08 -8.674042E+21  4.979579E-02
    385  4.5821816158107931E-01  6.8087383776719942E+09  5.9152541077388597E+08  1.793135E+18 -1.434523E+23  0.000000E+00 -1.434523E+23  4.999796E-01 -5.704102E-08 -8.361843E+22  5.829007E-01
    386  4.5824208343603640E-01  6.8649847535843706E+09  5.9080756386941218E+08  1.782753E+18  8.307027E+24  0.000000E+00  8.307027E+24  4.999786E-01 -5.704285E-08  1.471315E+23  1.771169E-02
    387  4.5824575723911926E-01  6.8736228006587830E+09  5.9069732040478921E+08  1.781100E+18 -2.299138E+22  0.000000E+00 -2.299138E+22  4.999785E-01 -5.704270E-08 -3.093915E+21  1.345685E-01
    388  4.5825310484528498E-01  6.8908988948076077E+09  5.9047683347554338E+08  1.777784E+18 -4.282387E+23  0.000000E+00 -4.282387E+23  4.999782E-01 -5.704278E-08 -2.200043E+22  5.137423E-02
    389  4.5826780005761641E-01  6.9254510831052561E+09  5.9003585961705148E+08  1.771012E+18 -2.614858E+23  0.000000E+00 -2.614858E+23  4.999775E-01 -5.704107E-08 -1.651665E+23  6.316461E-01
    390  4.5827073910008270E-01  6.9323615207647858E+09  5.8994766484535313E+08  1.769628E+18 -1.086166E+23  0.000000E+00 -1.086166E+23  4.999774E-01 -5.704086E-08  3.494654E+21 -3.217423E-02
    391  4.5827661718501528E-01  6.9461823960838451E+09  5.8977127530195642E+08  1.766846E+18 -4.039608E+23  0.000000E+00 -4.039608E+23  4.999772E-01 -5.704073E-08 -5.192806E+21  1.285473E-02
    392  4.5828837335488043E-01  6.9738241467219648E+09  5.8941849621516299E+08  1.761186E+18 -1.048005E+24  0.000000E+00 -1.048005E+24  4.999767E-01 -5.704130E-08 -1.079432E+23  1.029988E-01
    393  4.5831188569461073E-01  7.0291076479982023E+09  5.8871293804157603E+08  1.749476E+18  9.757890E+24  0.000000E+00  9.757890E+24  4.999757E-01 -5.704059E-08  1.855726E+22  1.901769E-03
    394  4.5831550196220117E-01  7.0376104144707928E+09  5.8860442110172343E+08  1.747612E+18 -1.004010E+23  0.000000E+00 -1.004010E+23  4.999755E-01 -5.704079E-08 -6.126726E+19  6.102255E-04
    395  4.5832273449738209E-01  7.0546159474161034E+09  5.8838738722201645E+08  1.743869E+18 -9.471897E+23  0.000000E+00 -9.471897E+23  4.999752E-01 -5.704098E-08 -1.800829E+22  1.901233E-02
    396  4.5833719956774394E-01  7.0886270133067255E+09  5.8795331946260250E+08  1.736222E+18 -2.415962E+24  0.000000E+00 -2.415962E+24  4.999746E-01 -5.703806E-08 -2.190196E+23  9.065524E-02
    397  4.5834009258181629E-01  7.0954292264848242E+09  5.8786650591072011E+08  1.734661E+18 -1.558050E+23  0.000000E+00 -1.558050E+23  4.999745E-01 -5.703793E-08  1.302705E+22 -8.361121E-02
    398  4.5834587860996101E-01  7.1090336528410206E+09  5.8769287880695522E+08  1.731520E+18 -7.592125E+23  0.000000E+00 -7.592125E+23  4.999742E-01 -5.703785E-08  5.195033E+21 -6.842659E-03
    399  4.5835745066625050E-01  7.1362425055535440E+09  5.8734562459942377E+08  1.725130E+18 -2.884120E+24  0.000000E+00 -2.884120E+24  4.999737E-01 -5.703808E-08 -1.269176E+23  4.400566E-02
    400  4.5838059477882942E-01  7.1906602109784613E+09  5.8665111618436253E+08  1.711905E+18  7.301912E+24  0.000000E+00  7.301912E+24  4.999727E-01 -5.703520E-08 -1.361008E+23 -1.863906E-02
    401  4.5838413569249853E-01  7.1989858011830349E+09  5.8654486046460593E+08  1.709814E+18 -1.952891E+23  0.000000E+00 -1.952891E+23  4.999725E-01 -5.703517E-08  8.731223E+21 -4.470922E-02
    402  4.5839076991145983E-01  7.2145845402545500E+09  5.8634578085503912E+08  1.705878E+18 -1.503774E+24  0.000000E+00 -1.503774E+24  4.999722E-01 -5.703599E-08  3.776484E+21 -2.511338E-03
    403  4.5840403834938237E-01  7.2457820183974495E+09  5.8594762163590729E+08  1.697848E+18 -5.913034E+24  0.000000E+00 -5.913034E+24  4.999716E-01 -5.703674E-08 -2.068317E+23  3.497894E-02
    404  4.5843000486548308E-01  7.3068359136056223E+09  5.8516841855001378E+08  1.681499E+18  1.111691E+25  0.000000E+00  1.111691E+25  4.999705E-01 -5.705721E-08  8.845329E+23  7.956646E-02
    405  4.5843365486440069E-01  7.3154179910226088E+09  5.8505888940066314E+08  1.679129E+18  3.508196E+22  0.000000E+00  3.508196E+22  4.999703E-01 -5.705718E-08  4.747320E+22  1.353208E+00
    406  4.5843918307862958E-01  7.3284162311758089E+09  5.8489299877560103E+08  1.675510E+18 -1.363373E+24  0.000000E+00 -1.363373E+24  4.999700E-01 -5.705840E-08  3.554509E+22 -2.607144E-02
    407  4.5845023950708735E-01  7.3544127114822102E+09  5.8456121752547681E+08  1.668150E+18 -7.115374E+24  0.000000E+00 -7.115374E+24  4.999695E-01 -5.706147E-08 -1.096541E+23  1.541087E-02
    408  4.5847235236400297E-01  7.4064056720951433E+09  5.8389765502522683E+08  1.652934E+18 -3.724340E+24  0.000000E+00 -3.724340E+24  4.999685E-01 -5.704888E-08  1.694232E+23 -4.549081E-02
    409  4.5847564515465322E-01  7.4141478618645945E+09  5.8379884497978485E+08  1.650607E+18  5.156466E+22  0.000000E+00  5.156466E+22  4.999684E-01 -5.704912E-08  4.449602E+22  8.629170E-01
    410  4.5848108619449751E-01  7.4269411328289537E+09  5.8363557028322184E+08  1.646732E+18 -1.710917E+24  0.000000E+00 -1.710917E+24  4.999681E-01 -5.705050E-08  5.321923E+22 -3.110567E-02
    411  4.5849196827418609E-01  7.4525276747576723E+09  5.8330902089009595E+08  1.638855E+18 -9.501324E+24  0.000000E+00 -9.501324E+24  4.999676E-01 -5.704827E-08 -7.725606E+22  8.131084E-03
    412  4.5851224112481881E-01  7.4605111003522472E+09  5.8279665029257476E+08  1.635944E+18 -1.727790E+25  0.000000E+00 -1.727790E+25  4.999667E-01 -5.704972E-08  1.137885E+24 -6.585784E-02
    413  4.5854129742053906E-01  7.4594991786434326E+09  5.8209241086990559E+08  1.635990E+18  3.944804E+21  0.000000E+00  3.944804E+21  4.999653E-01 -5.704843E-08 -2.576858E+21 -6.532285E-01
    414  4.5859256002964893E-01  7.4577138943970098E+09  5.8084995551387465E+08  1.636082E+18 -5.101192E+22  0.000000E+00 -5.101192E+22  4.999629E-01 -5.704372E-08 -3.350555E+21  6.568180E-02
    415  4.5866413533619704E-01  7.4552211951483364E+09  5.7911517992354810E+08  1.636209E+18 -9.383303E+22  0.000000E+00 -9.383303E+22  4.999596E-01 -5.703870E-08 -6.088500E+21  6.488653E-02
    416  4.5880728594929332E-01  7.4502357966509876E+09  5.7564562874289346E+08  1.636457E+18 -2.199802E+23  0.000000E+00 -2.199802E+23  4.999530E-01 -5.703656E-08 -1.429263E+22  6.497236E-02
    417  4.5909358717548582E-01  7.4402649996562920E+09  5.6870652638158560E+08  1.636934E+18 -4.729808E+23  0.000000E+00 -4.729808E+23  4.999401E-01 -5.705452E-08 -3.576044E+22  7.560653E-02
    418  4.5966618962787081E-01  7.4203645326805553E+09  5.5719438230889130E+08  1.638778E+18  2.695241E+25  0.000000E+00  2.695241E+25  4.999149E-01 -5.711232E-08  1.196839E+24  4.440564E-02
    419  4.6069550374730606E-01  7.3878533017026091E+09  5.4169592517792332E+08  1.642932E+18 -1.481317E+25  0.000000E+00 -1.481317E+25  4.998716E-01 -5.716487E-08 -1.084620E+24  7.321997E-02
    420  4.6272418396096815E-01  7.3442482675005474E+09  5.2179237879263765E+08  1.649020E+18 -7.477047E+24  0.000000E+00 -7.477047E+24  4.997913E-01 -5.707205E-08 -4.211481E+22  5.632545E-03
    421  4.6637591066253137E-01  7.3547336737939205E+09  5.2492489111884665E+08  1.648923E+18  1.597204E+24  0.000000E+00  1.597204E+24  4.996522E-01 -5.689393E-08 -1.137800E+23 -7.123703E-02
    422  4.7268476100017248E-01  7.3434346747458200E+09  5.1296148645771146E+08  1.650346E+18  4.579757E+24  0.000000E+00  4.579757E+24  4.994153E-01 -5.684715E-08 -1.207359E+23 -2.636296E-02
    423  4.7368476097782075E-01  7.3648992772686939E+09  5.2211716171442413E+08  1.648153E+18  5.391483E+23  0.000000E+00  5.391483E+23  4.993780E-01 -5.683321E-08 -3.574320E+22 -6.629568E-02
    424  4.7448286939442313E-01  7.3878692710076990E+09  5.3234218953232765E+08  1.645800E+18 -8.498529E+23  0.000000E+00 -8.498529E+23  4.993474E-01 -5.686210E-08  5.537835E+21 -6.516228E-03
    425  4.7464249107774359E-01  7.3927106675356216E+09  5.3447870737940764E+08  1.645285E+18  1.195991E+23  0.000000E+00  1.195991E+23  4.993411E-01 -5.685733E-08  1.769640E+22  1.479644E-01
    426  4.7480584092583733E-01  7.3980221368576393E+09  5.3677642127363116E+08  1.644691E+18  1.894277E+23  0.000000E+00  1.894277E+23  4.993347E-01 -5.686067E-08  2.641505E+22  1.394466E-01
    427  4.7513254062202481E-01  7.4086450755016737E+09  5.4137184906207824E+08  1.643494E+18 -1.031117E+23  0.000000E+00 -1.031117E+23  4.993216E-01 -5.687463E-08  3.842288E+22 -3.726335E-01
    428  4.7578594001439983E-01  7.4240654634419689E+09  5.4787128775417399E+08  1.641759E+18 -4.572658E+23  0.000000E+00 -4.572658E+23  4.992951E-01 -5.693181E-08  2.349593E+23 -5.138353E-01
    429  4.7707401621278023E-01  7.4458322824724360E+09  5.5827090409272921E+08  1.639967E+18  5.516669E+24  0.000000E+00  5.516669E+24  4.992416E-01 -5.698271E-08  1.383368E+22  2.507616E-03
    430  4.7965016860954107E-01  7.5061064916833000E+09  5.8852878530837500E+08  1.634817E+18 -1.013106E+24  0.000000E+00 -1.013106E+24  4.991287E-01 -5.779176E-08 -2.485620E+23  2.453465E-01
    431  4.8340975911936712E-01  7.5810693192304125E+09  6.2736998412813652E+08  1.628750E+18  7.988101E+25  0.000000E+00  7.988101E+25  4.989456E-01 -5.879435E-08  6.028819E+23  7.547249E-03
    432  4.8393655882396114E-01  7.5825783005728064E+09  6.2812903704013419E+08  1.628903E+18  5.343610E+24  0.000000E+00  5.343610E+24  4.989189E-01 -5.875964E-08  3.411343E+23  6.383966E-02
    433  4.8459809148035043E-01  7.5760603581925278E+09  6.2501645830783141E+08  1.630196E+18 -2.880418E+24  0.000000E+00 -2.880418E+24  4.988855E-01 -5.885129E-08 -1.260943E+23  4.377640E-02
    434  4.8592115679312903E-01  7.5498226311855402E+09  6.0940472354261446E+08  1.633270E+18 -3.562938E+24  0.000000E+00 -3.562938E+24  4.988204E-01 -5.857378E-08  1.831009E+23 -5.139044E-02
    435  4.8618576985568474E-01  7.5431788820132189E+09  6.0547736050177705E+08  1.633984E+18 -1.454626E+24  0.000000E+00 -1.454626E+24  4.988077E-01 -5.858414E-08 -6.966932E+22  4.789501E-02
    436  4.8668343689757676E-01  7.5283847354940796E+09  5.9687012478511453E+08  1.635548E+18 -3.003795E+24  0.000000E+00 -3.003795E+24  4.987844E-01 -5.857336E-08 -1.231376E+23  4.099401E-02
    437  4.8678297030595519E-01  7.5252263493088856E+09  5.9504270168182576E+08  1.635878E+18 -3.735356E+23  0.000000E+00 -3.735356E+23  4.987798E-01 -5.857107E-08 -1.976648E+22  5.291726E-02
    438  4.8693380813097481E-01  7.5204399754620733E+09  5.9227333478500760E+08  1.636372E+18 -8.294663E+23  0.000000E+00 -8.294663E+23  4.987729E-01 -5.856869E-08 -4.149617E+22  5.002756E-02
    439  4.8723548378101411E-01  7.5104773997029676E+09  5.8658556465382314E+08  1.637405E+18 -3.923266E+24  0.000000E+00 -3.923266E+24  4.987592E-01 -5.855460E-08 -2.125923E+23  5.418758E-02
    440  4.8783883508109271E-01  7.4875446426341705E+09  5.7406017768789566E+08  1.639890E+18 -1.148224E+25  0.000000E+00 -1.148224E+25  4.987327E-01 -5.854033E-08 -4.299647E+23  3.744608E-02
    441  4.8904553768124992E-01  7.4319918359540005E+09  5.4640418496924388E+08  1.646543E+18  2.210475E+25  0.000000E+00  2.210475E+25  4.986827E-01 -5.866128E-08  1.079673E+24  4.884348E-02
    442  4.8925939906205818E-01  7.4214517937353172E+09  5.4133521500208867E+08  1.647784E+18 -2.605376E+24  0.000000E+00 -2.605376E+24  4.986743E-01 -5.865177E-08 -1.143776E+23  4.390059E-02
    443  4.8949487471875736E-01  7.4098465036464682E+09  5.3575394068648672E+08  1.649155E+18 -2.600102E+24  0.000000E+00 -2.600102E+24  4.986652E-01 -5.865912E-08 -1.166909E+23  4.487935E-02
    444  4.8996582603215566E-01  7.3878048465579891E+09  5.2491002992546415E+08  1.651606E+18 -5.834606E+24  0.000000E+00 -5.834606E+24  4.986475E-01 -5.872995E-08 -2.219280E+23  3.803650E-02
    445  4.9090772865895227E-01  7.3452449390148745E+09  5.0433929149751496E+08  1.656260E+18 -2.235634E+25  0.000000E+00 -2.235634E+25  4.986138E-01 -5.870641E-08 -9.652264E+23  4.317461E-02
    446  4.9109610918431157E-01  7.3367275332700510E+09  5.0042239495079923E+08  1.657271E+18 -3.090987E+23  0.000000E+00 -3.090987E+23  4.986074E-01 -5.870893E-08 -2.143494E+22  6.934659E-02
    447  4.9128809927874723E-01  7.3280469250693026E+09  4.9643044654496294E+08  1.658261E+18 -1.306944E+24  0.000000E+00 -1.306944E+24  4.986009E-01 -5.870865E-08 -6.790072E+22  5.195379E-02
    448  4.9167207946761854E-01  7.3117790437562475E+09  4.8895051675944757E+08  1.660092E+18 -3.808089E+24  0.000000E+00 -3.808089E+24  4.985882E-01 -5.868863E-08 -1.416560E+23  3.719871E-02
    449  4.9244003984536111E-01  7.2801982220361300E+09  4.7471798524200547E+08  1.663656E+18 -7.902962E+24  0.000000E+00 -7.902962E+24  4.985638E-01 -5.867790E-08 -3.614330E+23  4.573386E-02
    450  4.9397596060084631E-01  7.2237487523308907E+09  4.5095290891024554E+08  1.670450E+18 -2.571295E+25  0.000000E+00 -2.571295E+25  4.985182E-01 -5.842589E-08 -7.604021E+23  2.957273E-02
    451  4.9704146930564075E-01  7.1465434348318481E+09  4.1855503555652714E+08  1.679343E+18  1.125961E+26  0.000000E+00  1.125961E+26  4.984370E-01 -5.711222E-08  1.894295E+24  1.682380E-02
    452  5.0148422735655918E-01  7.0948280218635406E+09  3.9802843443407857E+08  1.685957E+18  1.065941E+26  0.000000E+00  1.065941E+26  4.983318E-01 -5.745159E-08  1.153656E+24  1.082290E-02
    453  5.0545439365313016E-01  7.0752885066471338E+09  3.9083844554871863E+08  1.689139E+18 -1.203049E+25  0.000000E+00 -1.203049E+25  4.982430E-01 -5.707793E-08 -3.155578E+23  2.622984E-02
    454  5.1273594747401141E-01  7.0012008378955002E+09  3.6396595045220351E+08  1.698817E+18 -8.023169E+24  0.000000E+00 -8.023169E+24  4.980915E-01 -5.676245E-08 -2.556466E+24  3.186354E-01
    455  5.1373594745165962E-01  6.9901576982561731E+09  3.6028776874947572E+08  1.700465E+18  1.978661E+24  0.000000E+00  1.978661E+24  4.980723E-01 -5.672067E-08  1.498475E+23  7.573178E-02
    456  5.1458831522328841E-01  6.9826934029590416E+09  3.5732627538270491E+08  1.701261E+18 -4.170694E+23  0.000000E+00 -4.170694E+23  4.980562E-01 -5.672287E-08 -3.340470E+22  8.009388E-02
    457  5.1629305076654597E-01  6.9663286300529203E+09  3.5123610304783601E+08  1.703142E+18 -3.551542E+24  0.000000E+00 -3.551542E+24  4.980247E-01 -5.673229E-08 -3.710698E+23  1.044813E-01
    458  5.1968282809696631E-01  6.9237945301100760E+09  3.3702230726461190E+08  1.708484E+18  3.148494E+23  0.000000E+00  3.148494E+23  4.979651E-01 -5.676548E-08  3.383863E+23  1.074756E+00
    459  5.2020231889513713E-01  6.9169638439204464E+09  3.3456292415826237E+08  1.709196E+18 -4.024806E+22  0.000000E+00 -4.024806E+22  4.979563E-01 -5.676121E-08 -8.705913E+21  2.163064E-01
    460  5.2090485921255902E-01  6.9061501085655956E+09  3.3115792078842849E+08  1.710549E+18 -9.473127E+23  0.000000E+00 -9.473127E+23  4.979447E-01 -5.675862E-08 -8.539027E+22  9.013948E-02
    461  5.2154884729276429E-01  6.8937563858025751E+09  3.2797812543660522E+08  1.712459E+18 -5.405561E+23  0.000000E+00 -5.405561E+23  4.979342E-01 -5.676073E-08 -3.813022E+22  7.053887E-02
    462  5.2283682345317473E-01  6.8740557893591557E+09  3.2176874678155047E+08  1.714874E+18  7.106068E+23  0.000000E+00  7.106068E+23  4.979137E-01 -5.681126E-08  1.334539E+23  1.878027E-01
    463  5.2405691132119137E-01  6.8574588913169317E+09  3.1586905493466008E+08  1.716492E+18 -6.223492E+23  0.000000E+00 -6.223492E+23  4.978950E-01 -5.682753E-08 -5.323282E+22  8.553530E-02
    464  5.2649708705722453E-01  6.8170507500163889E+09  3.0481829362670851E+08  1.721996E+18 -3.748591E+24  0.000000E+00 -3.748591E+24  4.978591E-01 -5.678020E-08 -1.057724E+23  2.821658E-02
    465  5.3041807477573799E-01  6.7640044550403671E+09  2.8936222565131801E+08  1.728377E+18 -1.151447E+25  0.000000E+00 -1.151447E+25  4.978057E-01 -5.689295E-08 -1.009859E+24  8.770351E-02
    466  5.3100516720411139E-01  6.7557855250408373E+09  2.8722635464039129E+08  1.729546E+18  3.594784E+21  0.000000E+00  3.594784E+21  4.977981E-01 -5.689292E-08 -5.885320E+21 -1.637183E+00
    467  5.3177419189537878E-01  6.7480043480622530E+09  2.8445168808020639E+08  1.730182E+18 -4.678075E+22  0.000000E+00 -4.678075E+22  4.977883E-01 -5.688362E-08 -6.887140E+21  1.472217E-01
    468  5.3299990886795912E-01  6.7347966125141335E+09  2.8002825469871342E+08  1.731369E+18 -6.569810E+23  0.000000E+00 -6.569810E+23  4.977730E-01 -5.688583E-08 -1.215233E+23  1.849724E-01
    469  5.3545134281311968E-01  6.6989290869199648E+09  2.7131278686446762E+08  1.736236E+18 -8.667619E+24  0.000000E+00 -8.667619E+24  4.977436E-01 -5.683419E-08 -5.638735E+23  6.505518E-02
    470  5.3985515746956725E-01  6.6410593431629286E+09  2.5602911520675817E+08  1.743158E+18  3.073672E+24  0.000000E+00  3.073672E+24  4.976947E-01 -5.672463E-08 -2.438798E+22 -7.934476E-03
    471  5.4388064450802054E-01  6.5916739613550720E+09  2.4386188205559522E+08  1.749122E+18  1.889713E+24  0.000000E+00  1.889713E+24  4.976538E-01 -5.671401E-08 -1.092315E+23 -5.780321E-02
    472  5.4760286478145281E-01  6.5450837008257685E+09  2.3299480150172639E+08  1.754878E+18  4.693523E+24  0.000000E+00  4.693523E+24  4.976189E-01 -5.664637E-08  9.693032E+23  2.065193E-01
    473  5.5076491736182698E-01  6.4987989184898586E+09  2.2315717757511318E+08  1.760703E+18  5.185707E+24  0.000000E+00  5.185707E+24  4.975913E-01 -5.661446E-08  3.465725E+23  6.683226E-02
    474  5.5379377590840706E-01  6.4611856035628080E+09  2.1394338515228519E+08  1.764454E+18  2.201714E+24  0.000000E+00  2.201714E+24  4.975667E-01 -5.660862E-08  1.018506E+23  4.625968E-02
    475  5.5405860202113677E-01  6.4555327387120962E+09  2.1314674949675739E+08  1.765351E+18 -4.966794E+22  0.000000E+00 -4.966794E+22  4.975647E-01 -5.661085E-08 -7.360907E+21  1.482024E-01
    476  5.5441948093631610E-01  6.4492688041238699E+09  2.1208554937321255E+08  1.766293E+18  6.967730E+21  0.000000E+00  6.967730E+21  4.975619E-01 -5.661163E-08  3.922992E+21  5.630230E-01
    477  5.5504047623017005E-01  6.4415149439695072E+09  2.1030628281275770E+08  1.767143E+18  2.210052E+22  0.000000E+00  2.210052E+22  4.975571E-01 -5.661020E-08  1.854518E+22  8.391289E-01
    478  5.5621841316570819E-01  6.4301878639354210E+09  2.0697224808190364E+08  1.767868E+18  7.184232E+21  0.000000E+00  7.184232E+21  4.975483E-01 -5.660844E-08 -8.882980E+21 -1.236455E+00
    479  5.5837860848649534E-01  6.3943230538602219E+09  2.0095684256802851E+08  1.772890E+18 -3.847054E+23  0.000000E+00 -3.847054E+23  4.975326E-01 -5.660885E-08  1.091722E+23 -2.837813E-01
    480  5.6172306045131060E-01  6.3490811922877789E+09  1.9173667670775378E+08  1.777888E+18  6.673753E+23  0.000000E+00  6.673753E+23  4.975120E-01 -5.659274E-08  1.923117E+23  2.881613E-01
    481  5.6203165111423747E-01  6.3435613873855762E+09  1.9090095001049396E+08  1.778667E+18 -5.947799E+22  0.000000E+00 -5.947799E+22  4.975102E-01 -5.658835E-08 -1.653724E+22  2.780397E-01
    482  5.6234870991058439E-01  6.3404525174270773E+09  1.9004964647904348E+08  1.778914E+18  3.409338E+20  0.000000E+00  3.409338E+20  4.975083E-01 -5.658867E-08 -3.080867E+19 -9.036555E-02
    483  5.6298282750327810E-01  6.3338077610053940E+09  1.8832942320643708E+08  1.779384E+18 -1.773059E+21  0.000000E+00 -1.773059E+21  4.975046E-01 -5.658770E-08  3.055176E+21 -1.723110E+00
    484  5.6425106268866565E-01  6.3168222493602142E+09  1.8485625293117744E+08  1.781126E+18  3.027825E+22  0.000000E+00  3.027825E+22  4.974973E-01 -5.658447E-08  7.302708E+22  2.411866E+00
    485  5.6670984294687932E-01  6.2806468301696482E+09  1.7853180890744090E+08  1.785577E+18  1.024850E+24  0.000000E+00  1.024850E+24  4.974837E-01 -5.659249E-08  2.116034E+23  2.064726E-01
    486  5.6713940126278117E-01  6.2757682117031326E+09  1.7745244062961006E+08  1.785942E+18 -1.402015E+22  0.000000E+00 -1.402015E+22  4.974814E-01 -5.658915E-08 -2.461213E+21  1.755482E-01
    487  5.6772118213907363E-01  6.2676007332813578E+09  1.7598662078585273E+08  1.786838E+18 -1.050211E+22  0.000000E+00 -1.050211E+22  4.974783E-01 -5.658914E-08 -8.589654E+21  8.178982E-01
    488  5.6888474389165844E-01  6.2444517845681448E+09  1.7310502717471540E+08  1.790190E+18 -1.088346E+23  0.000000E+00 -1.088346E+23  4.974722E-01 -5.658575E-08 -1.085239E+22  9.971449E-02
    489  5.7121186739682817E-01  6.2172052633177843E+09  1.6743578625986105E+08  1.792724E+18 -1.286438E+23  0.000000E+00 -1.286438E+23  4.974604E-01 -5.657621E-08 -9.468815E+21  7.360494E-02
    490  5.7165280993526724E-01  6.2092252611828766E+09  1.6635430363536555E+08  1.793778E+18 -6.743383E+21  0.000000E+00 -6.743383E+21  4.974582E-01 -5.657640E-08 -4.169996E+21  6.183833E-01
    491  5.7230983652923095E-01  6.1951632912060041E+09  1.6477701781076616E+08  1.795849E+18 -3.498958E+22  0.000000E+00 -3.498958E+22  4.974550E-01 -5.657550E-08 -6.122575E+21  1.749828E-01
    492  5.7362388971715839E-01  6.1814492479471169E+09  1.6172430396064249E+08  1.797026E+18 -7.911401E+22  0.000000E+00 -7.911401E+22  4.974487E-01 -5.656901E-08  1.126326E+21 -1.423674E-02
    493  5.7388670035474387E-01  6.1782674896702976E+09  1.6110959975589225E+08  1.797311E+18  1.730245E+20  0.000000E+00  1.730245E+20  4.974474E-01 -5.656924E-08 -8.355146E+20 -4.828881E+00
    494  5.7428346960322063E-01  6.1728560105362320E+09  1.6018192012019780E+08  1.797867E+18 -1.764968E+21  0.000000E+00 -1.764968E+21  4.974456E-01 -5.656924E-08 -1.326621E+21  7.516401E-01
    495  5.7507700810017426E-01  6.1591901117981119E+09  1.5834690511438709E+08  1.799592E+18 -2.176710E+22  0.000000E+00 -2.176710E+22  4.974419E-01 -5.656961E-08 -5.291055E+21  2.430757E-01
    496  5.7666408509408140E-01  6.1366429804185152E+09  1.5488491683862343E+08  1.802349E+18  1.120188E+23  0.000000E+00  1.120188E+23  4.974347E-01 -5.657522E-08 -1.685268E+22 -1.504452E-01
    497  5.7923252429014893E-01  6.0982922417904539E+09  1.4952029564116549E+08  1.806922E+18 -6.104187E+22  0.000000E+00 -6.104187E+22  4.974234E-01 -5.657364E-08 -1.328469E+23  2.176323E+00
    498  5.8343203175588731E-01  6.0461271052056122E+09  1.4149881467042997E+08  1.812698E+18  1.221831E+24  0.000000E+00  1.221831E+24  4.974060E-01 -5.655004E-08 -2.759480E+22 -2.258480E-02
    499  5.8654596999999997E-01  6.0052092000000000E+09  1.3589779000000000E+08  1.817386E+18  6.846226E+23  0.000000E+00  6.846226E+23  4.973938E-01 -5.654109E-08  6.907489E+22  1.008948E-01
