    1   2  1.661984E-09 h2   
    1   3  1.050219E-13 h3   
    2   3  8.050974E-10 he3  
    3   6  4.417677E-13 li6  
    3   7  1.743598E-16 li7  
    4   7  2.932124E-13 be7  
    4   9  2.072386E-15 be9  
    5   8  4.624381E-18 b8   
    5   9  2.045260E-12 b9   
    5  10  2.163689E-14 b10  
    5  11  1.483377E-16 b11  
    6  11  1.730508E-12 c11  
    6  12  5.727970E-07 c12  
    6  13  3.953305E-12 c13  
    6  14  3.214472E-15 c14  
    7  12  3.680140E-17 n12  
    7  13  4.279532E-10 n13  
    7  14  1.106373E-10 n14  
    7  15  2.240561E-11 n15  
    8  14  1.430222E-11 o14  
    8  15  9.268243E-10 o15  
    8  16  1.431279E-06 o16  
    8  17  5.998817E-12 o17  
    8  18  1.336118E-15 o18  
    8  19  4.422298E-15 o19  
    9  17  2.363807E-10 f17  
    9  18  1.291725E-12 f18  
    9  19  1.171792E-13 f19  
    9  20  9.195679E-12 f20  
    9  21  4.123770E-14 f21  
   10  17  4.581996E-19 ne17 
   10  18  4.240485E-13 ne18 
   10  19  4.354858E-12 ne19 
   10  20  2.999642E-08 ne20 
   10  21  1.072095E-11 ne21 
   10  22  3.568226E-13 ne22 
   10  23  7.615809E-18 ne23 
   10  24  7.292479E-21 ne24 
   11  19  3.123298E-17 na19 
   11  20  3.623449E-15 na20 
   11  21  1.050260E-10 na21 
   11  22  9.512648E-11 na22 
   11  23  3.072406E-10 na23 
   11  24  9.001290E-14 na24 
   11  25  6.343675E-16 na25 
   11  26  9.888800E-21 na26 
   11  27  5.805786E-25 na27 
   12  20  6.991918E-21 mg20 
   12  21  1.109492E-17 mg21 
   12  22  9.950201E-12 mg22 
   12  23  1.162390E-09 mg23 
   12  24  3.490142E-06 mg24 
   12  25  7.333573E-09 mg25 
   12  26  4.774642E-10 mg26 
   12  27  7.108948E-14 mg27 
   12  28  8.706194E-17 mg28 
   12  29  1.293910E-22 mg29 
   13  22  6.331325E-23 al22 
   13  23  5.404373E-16 al23 
   13  24  7.278572E-13 al24 
   13  25  1.553530E-08 al25 
   13  26  2.519252E-08 al26 
   13  27  2.326836E-07 al27 
   13  28  2.821173E-10 al28 
   13  29  2.507686E-12 al29 
   13  30  6.109032E-17 al30 
   13  31  7.624241E-21 al31 
   14  23  6.186267E-27 si23 
   14  24  4.191586E-19 si24 
   14  25  2.693573E-15 si25 
   14  26  9.039215E-10 si26 
   14  27  1.804665E-07 si27 
   14  28  1.763026E-03 si28 
   14  29  1.070275E-05 si29 
   14  30  7.821370E-07 si30 
   14  31  2.636563E-10 si31 
   14  32  6.823039E-13 si32 
   14  33  3.689084E-18 si33 
   14  34  3.556570E-22 si34 
   15  27  2.028704E-13 p27  
   15  28  1.063276E-10 p28  
   15  29  6.429627E-06 p29  
   15  30  8.312091E-06 p30  
   15  31  2.219574E-05 p31  
   15  32  7.788996E-08 p32  
   15  33  1.376909E-09 p33  
   15  34  1.395617E-13 p34  
   15  35  1.075996E-16 p35  
   15  36  1.067162E-22 p36  
   15  37  3.339123E-27 p37  
   15  38  3.276254E-30 p38  
   16  28  4.546124E-17 s28  
   16  29  3.506307E-13 s29  
   16  30  1.277910E-07 s30  
   16  31  5.910438E-06 s31  
   16  32  2.346380E-03 s32  
   16  33  3.907445E-05 s33  
   16  34  7.800937E-06 s34  
   16  35  4.805621E-09 s35  
   16  36  4.674197E-11 s36  
   16  37  4.114415E-16 s37  
   16  38  7.164484E-20 s38  
   16  39  3.143510E-25 s39  
   16  40  3.849273E-29 s40  
   16  41  3.645305E-30 s41  
   16  42  3.764554E-30 s42  
   17  31  1.112475E-11 cl31 
   17  32  3.604496E-09 cl32 
   17  33  7.771378E-06 cl33 
   17  34  1.550072E-05 cl34 
   17  35  6.477510E-05 cl35 
   17  36  3.690530E-07 cl36 
   17  37  1.955920E-08 cl37 
   17  38  1.577457E-12 cl38 
   17  39  1.334864E-15 cl39 
   17  40  4.032888E-20 cl40 
   17  41  1.670110E-23 cl41 
   17  42  3.614645E-28 cl42 
   17  43  4.007721E-30 cl43 
   17  44  3.947204E-30 cl44 
   17  45  4.105304E-30 cl45 
   18  32  2.081807E-15 ar32 
   18  33  1.325435E-11 ar33 
   18  34  1.405176E-07 ar34 
   18  35  6.295662E-06 ar35 
   18  36  2.052236E-03 ar36 
   18  37  4.486511E-05 ar37 
   18  38  1.893338E-05 ar38 
   18  39  1.167054E-08 ar39 
   18  40  7.562813E-11 ar40 
   18  41  2.276374E-14 ar41 
   18  42  4.117711E-17 ar42 
   18  43  2.261705E-21 ar43 
   18  44  7.657262E-25 ar44 
   18  45  2.584822E-29 ar45 
   18  46  4.277334E-30 ar46 
   19  35  8.059088E-12 k35  
   19  36  3.252620E-09 k36  
   19  37  3.139533E-06 k37  
   19  38  1.748012E-05 k38  
   19  39  1.522067E-04 k39  
   19  40  5.557378E-07 k40  
   19  41  1.215578E-08 k41  
   19  42  2.901598E-11 k42  
   19  43  2.170665E-13 k43  
   19  44  9.983670E-17 k44  
   19  45  2.528008E-19 k45  
   19  46  5.148905E-23 k46  
   19  47  3.574595E-26 k47  
   19  48  4.609450E-30 k48  
   19  49  4.596485E-30 k49  
   20  36  1.987216E-15 ca36 
   20  37  6.839323E-12 ca37 
   20  38  4.389465E-08 ca38 
   20  39  5.038458E-06 ca39 
   20  40  3.538744E-03 ca40 
   20  41  6.590239E-05 ca41 
   20  42  1.057211E-05 ca42 
   20  43  1.050686E-07 ca43 
   20  44  5.736354E-09 ca44 
   20  45  1.587031E-11 ca45 
   20  46  1.922826E-13 ca46 
   20  47  2.757408E-16 ca47 
   20  48  1.572943E-18 ca48 
   20  49  2.723915E-23 ca49 
   21  40  5.343203E-10 sc40 
   21  41  2.369128E-06 sc41 
   21  42  2.571542E-06 sc42 
   21  43  1.889273E-05 sc43 
   21  44  1.381726E-06 sc44 
   21  45  4.424542E-07 sc45 
   21  46  5.682688E-09 sc46 
   21  47  2.126830E-10 sc47 
   21  48  1.090827E-12 sc48 
   21  49  1.489534E-14 sc49 
   21  50  9.702998E-19 sc50 
   21  51  5.824393E-23 sc51 
   22  41  3.185695E-13 ti41 
   22  42  5.667563E-09 ti42 
   22  43  1.830568E-07 ti43 
   22  44  3.169704E-04 ti44 
   22  45  8.932493E-05 ti45 
   22  46  1.965605E-04 ti46 
   22  47  7.954428E-06 ti47 
   22  48  1.317949E-06 ti48 
   22  49  9.923760E-09 ti49 
   22  50  3.916423E-10 ti50 
   22  51  7.573384E-14 ti51 
   22  52  2.012918E-17 ti52 
   22  53  5.146939E-22 ti53 
   23  43  1.062398E-13 v43  
   23  44  2.723867E-11 v44  
   23  45  8.186857E-07 v45  
   23  46  1.004724E-05 v46  
   23  47  4.743422E-04 v47  
   23  48  1.137575E-04 v48  
   23  49  6.980148E-05 v49  
   23  50  1.838490E-06 v50  
   23  51  2.244304E-07 v51  
   23  52  2.231661E-10 v52  
   23  53  2.572884E-13 v53  
   23  54  1.007525E-17 v54  
   23  55  1.879083E-21 v55  
   24  44  4.072214E-17 cr44 
   24  45  1.037008E-13 cr45 
   24  46  5.559179E-09 cr46 
   24  47  1.284526E-06 cr47 
   24  48  3.095682E-03 cr48 
   24  49  2.682571E-03 cr49 
   24  50  8.517210E-03 cr50 
   24  51  5.656535E-04 cr51 
   24  52  1.779030E-04 cr52 
   24  53  8.206463E-07 cr53 
   24  54  7.748959E-09 cr54 
   24  55  1.477857E-12 cr55 
   24  56  4.511480E-16 cr56 
   24  57  1.176434E-20 cr57 
   24  58  7.324583E-25 cr58 
   25  46  2.429226E-18 mn46 
   25  47  1.214395E-12 mn47 
   25  48  3.462659E-09 mn48 
   25  49  9.418682E-06 mn49 
   25  50  2.295197E-04 mn50 
   25  51  1.303408E-02 mn51 
   25  52  4.594616E-03 mn52 
   25  53  4.846555E-03 mn53 
   25  54  9.951965E-05 mn54 
   25  55  3.148467E-06 mn55 
   25  56  3.086583E-09 mn56 
   25  57  3.112148E-12 mn57 
   25  58  2.967660E-16 mn58 
   25  59  9.412280E-20 mn59 
   25  60  1.345397E-24 mn60 
   25  61  1.077360E-28 mn61 
   26  47  3.699669E-22 fe47 
   26  48  5.183259E-16 fe48 
   26  49  3.622038E-12 fe49 
   26  50  4.024567E-08 fe50 
   26  51  2.457509E-05 fe51 
   26  52  3.240379E-02 fe52 
   26  53  3.507221E-02 fe53 
   26  54  1.620273E-01 fe54 
   26  55  1.109500E-02 fe55 
   26  56  1.676910E-03 fe56 
   26  57  7.561822E-06 fe57 
   26  58  5.865071E-08 fe58 
   26  59  2.055717E-11 fe59 
   26  60  1.887489E-14 fe60 
   26  61  8.716996E-19 fe61 
   26  62  2.036390E-22 fe62 
   26  63  3.077843E-27 fe63 
   27  50  2.309867E-16 co50 
   27  51  3.322265E-11 co51 
   27  52  6.689814E-09 co52 
   27  53  2.933990E-05 co53 
   27  54  2.013024E-03 co54 
   27  55  1.662964E-01 co55 
   27  56  3.158531E-02 co56 
   27  57  9.768884E-03 co57 
   27  58  1.604177E-04 co58 
   27  59  4.460316E-06 co59 
   27  60  8.112578E-09 co60 
   27  61  2.434803E-11 co61 
   27  62  5.496259E-15 co62 
   27  63  5.368574E-18 co63 
   27  64  2.794314E-22 co64 
   27  65  6.769708E-26 co65 
   28  51  8.925129E-21 ni51 
   28  52  2.658920E-15 ni52 
   28  53  8.528386E-12 ni53 
   28  54  7.728954E-08 ni54 
   28  55  1.039073E-04 ni55 
   28  56  2.288548E-01 ni56 
   28  57  1.070875E-01 ni57 
   28  58  1.024205E-01 ni58 
   28  59  5.698422E-03 ni59 
   28  60  6.240033E-04 ni60 
   28  61  4.885127E-06 ni61 
   28  62  8.339651E-08 ni62 
   28  63  8.746997E-11 ni63 
   28  64  2.151664E-13 ni64 
   28  65  5.836621E-17 ni65 
   28  66  3.762559E-20 ni66 
   28  67  2.022905E-24 ni67 
   29  55  6.201231E-13 cu55 
   29  56  1.559786E-09 cu56 
   29  57  4.418131E-05 cu57 
   29  58  4.894749E-04 cu58 
   29  59  4.193755E-03 cu59 
   29  60  1.100451E-03 cu60 
   29  61  3.918015E-04 cu61 
   29  62  1.261610E-05 cu62 
   29  63  6.041423E-07 cu63 
   29  64  2.321281E-09 cu64 
   29  65  2.113793E-11 cu65 
   29  66  1.530463E-14 cu66 
   29  67  4.704088E-17 cu67 
   29  68  6.327736E-21 cu68 
   29  69  2.396879E-24 cu69 
   30  57  1.710212E-13 zn57 
   30  58  1.052435E-08 zn58 
   30  59  1.279358E-06 zn59 
   30  60  2.284054E-04 zn60 
   30  61  1.884835E-04 zn61 
   30  62  3.169207E-04 zn62 
   30  63  2.608333E-05 zn63 
   30  64  5.330080E-06 zn64 
   30  65  6.426508E-08 zn65 
   30  66  2.101264E-09 zn66 
   30  67  5.084322E-12 zn67 
   30  68  2.625948E-14 zn68 
   30  69  1.533445E-17 zn69 
   30  70  2.230234E-20 zn70 
   30  71  3.633034E-24 zn71 
   30  72  1.934677E-27 zn72 
   31  59  2.934302E-14 ga59 
   31  60  2.243445E-11 ga60 
   31  61  6.060838E-09 ga61 
   31  62  8.811826E-07 ga62 
   31  63  5.277505E-06 ga63 
   31  64  1.451254E-06 ga64 
   31  65  1.038720E-06 ga65 
   31  66  3.308840E-08 ga66 
   31  67  5.077903E-09 ga67 
   31  68  2.978234E-11 ga68 
   31  69  7.955084E-13 ga69 
   31  70  8.895707E-16 ga70 
   31  71  6.219527E-18 ga71 
   31  72  2.615648E-21 ga72 
   31  73  4.911698E-24 ga73 
   31  74  8.508706E-28 ga74 
   31  75  8.827473E-30 ga75 
   32  62  5.004287E-12 ge62 
   32  63  3.273280E-09 ge63 
   32  64  1.478292E-07 ge64 
   32  65  4.468879E-08 ge65 
   32  66  2.659360E-07 ge66 
   32  67  3.382313E-08 ge67 
   32  68  1.279578E-08 ge68 
   32  69  3.234293E-10 ge69 
   32  70  2.087820E-11 ge70 
   32  71  1.319233E-13 ge71 
   32  72  2.301242E-15 ge72 
   32  73  4.328379E-18 ge73 
   32  74  1.978660E-20 ge74 
   32  75  1.185059E-23 ge75 
   32  76  1.760531E-26 ge76 
   32  77  1.084074E-29 ge77 
   32  78  8.465069E-30 ge78 
   33  65  1.901242E-11 as65 
   33  66  6.047841E-10 as66 
   33  67  1.003398E-09 as67 
   33  68  6.375293E-10 as68 
   33  69  1.382220E-09 as69 
   33  70  7.824809E-11 as70 
   33  71  2.170559E-11 as71 
   33  72  2.700719E-13 as72 
   33  73  2.094271E-14 as73 
   33  74  7.025691E-17 as74 
   33  75  1.459312E-18 as75 
   33  76  2.009345E-21 as76 
   33  77  9.343205E-24 as77 
   33  78  2.148819E-27 as78 
   33  79  1.469964E-29 as79 
   34  67  2.232145E-12 se67 
   34  68  2.685059E-11 se68 
   34  69  1.951824E-11 se69 
   34  70  1.818143E-10 se70 
   34  71  8.597200E-11 se71 
   34  72  4.425849E-11 se72 
   34  73  2.410886E-12 se73 
   34  74  3.720725E-13 se74 
   34  75  4.922237E-15 se75 
   34  76  2.022867E-16 se76 
   34  77  8.262238E-19 se77 
   34  78  6.510867E-21 se78 
   34  79  1.208000E-23 se79 
   34  80  3.035175E-26 se80 
   34  81  3.767086E-29 se81 
   34  82  1.102435E-29 se82 
   34  83  6.539878E-30 se83 
   35  68  5.743413E-17 br68 
   35  69  3.670288E-15 br69 
   35  70  2.770119E-14 br70 
   35  71  1.642623E-12 br71 
   35  72  6.409433E-13 br72 
   35  73  2.722630E-12 br73 
   35  74  3.679283E-13 br74 
   35  75  2.322311E-13 br75 
   35  76  6.662426E-15 br76 
   35  77  1.071463E-15 br77 
   35  78  5.876877E-18 br78 
   35  79  2.228007E-19 br79 
   35  80  8.528020E-22 br80 
   35  81  7.547281E-24 br81 
   35  82  1.094109E-26 br82 
   35  83  5.745756E-29 br83 
   36  69  4.368730E-21 kr69 
   36  70  1.014090E-18 kr70 
   36  71  5.693876E-17 kr71 
   36  72  1.770271E-14 kr72 
   36  73  6.469201E-14 kr73 
   36  74  3.610315E-13 kr74 
   36  75  1.802117E-13 kr75 
   36  76  2.505863E-13 kr76 
   36  77  2.886447E-14 kr77 
   36  78  8.191391E-15 kr78 
   36  79  2.065661E-16 kr79 
   36  80  9.891557E-18 kr80 
   36  81  1.004946E-19 kr81 
   36  82  1.994785E-21 kr82 
   36  83  8.741316E-24 kr83 
   36  84  6.830839E-26 kr84 
   36  85  1.526983E-28 kr85 
   36  86  1.073701E-29 kr86 
   36  87  6.333698E-30 kr87 
   37  73  1.700821E-18 rb73 
   37  74  1.083064E-16 rb74 
   37  75  1.866423E-15 rb75 
   37  76  2.365007E-15 rb76 
   37  77  9.314325E-15 rb77 
   37  78  9.653316E-16 rb78 
   37  79  2.747835E-15 rb79 
   37  80  7.546494E-17 rb80 
   37  81  2.394079E-17 rb81 
   37  82  3.763182E-19 rb82 
   37  83  3.673570E-20 rb83 
   37  84  2.400682E-22 rb84 
   37  85  9.783308E-24 rb85 
   38  74  4.499451E-22 sr74 
   38  75  2.096700E-19 sr75 
   38  76  4.757674E-17 sr76 
   38  77  1.561097E-16 sr77 
   38  78  9.576772E-16 sr78 
   38  79  9.315238E-16 sr79 
   38  80  1.105330E-15 sr80 
   38  81  2.423308E-16 sr81 
   38  82  8.695233E-17 sr82 
   38  83  4.520509E-18 sr83 
   38  84  6.581865E-19 sr84 
   39  75  1.529394E-27 y75  
   39  76  2.427242E-24 y76  
   39  77  1.115504E-21 y77  
   39  78  4.988779E-20 y78  
   39  79  6.125661E-18 y79  
   39  80  2.333407E-16 y80  
   39  81  2.695755E-17 y81  
   39  82  1.033132E-17 y82  
   39  83  1.733997E-17 y83  
   39  84  1.361753E-18 y84  
   39  85  8.530798E-19 y85  
   39  86  5.175278E-20 y86  
   39  87  1.055973E-20 y87  
   40  78  1.152934E-25 zr78 
   40  79  2.437777E-23 zr79 
   40  80  1.041506E-19 zr80 
   40  81  9.567734E-20 zr81 
   40  82  2.161009E-18 zr82 
   40  83  2.146760E-18 zr83 
   40  84  1.719402E-18 zr84 
   40  85  9.482073E-19 zr85 
   40  86  9.510067E-19 zr86 
   40  87  2.262637E-19 zr87 
   40  88  7.420756E-20 zr88 
   40  89  6.902930E-21 zr89 
   40  90  9.875351E-22 zr90 
   41  82  1.244641E-22 nb82 
   41  83  9.375469E-21 nb83 
   41  84  8.848166E-21 nb84 
   41  85  1.166698E-20 nb85 
   41  86  7.785004E-20 nb86 
   41  87  1.455552E-19 nb87 
   41  88  4.571229E-20 nb88 
   41  89  5.342198E-20 nb89 
   41  90  1.142555E-20 nb90 
   42  83  7.782265E-27 mo83 
   42  84  8.505274E-25 mo84 
   42  85  1.576078E-23 mo85 
   42  86  1.004291E-22 mo86 
   42  87  7.360226E-21 mo87 
   42  88  1.072163E-20 mo88 
   42  89  1.814552E-20 mo89 
   42  90  3.066881E-20 mo90 
   43  89  9.045850E-23 tc89 
   43  90  2.770770E-22 tc90 
   43  91  1.289140E-21 tc91 
    0   1  4.237544E-07 neut 
    1   1  1.393433E-02 prot 
    2   4  3.270886E-02 he4  
