                           time                    temp                     den                    ener                    sdot                   sneut                   s-snu                      ye                   1-sum
      1  1.0175522000000001E-04  9.8688104000000000E+07  7.8888152999999998E+06  1.382835E+17 -3.841752E-07  0.000000E+00 -3.841752E-07  5.000000E-01  0.000000E+00  7.126061E-09 -1.854899E-02
      2  1.0175522001017553E-04  9.8688103999999985E+07  7.8888152999999980E+06  1.382835E+17 -3.841752E-07  0.000000E+00 -3.841752E-07  5.000000E-01  0.000000E+00  7.126061E-09 -1.854899E-02
      3  1.0175522003052657E-04  9.8688103999999955E+07  7.8888152999999933E+06  1.382835E+17 -3.841752E-07  0.000000E+00 -3.841752E-07  5.000000E-01  0.000000E+00  7.126061E-09 -1.854899E-02
      4  1.0175522007122866E-04  9.8688103999999896E+07  7.8888152999999849E+06  1.382835E+17 -3.841752E-07  0.000000E+00 -3.841752E-07  5.000000E-01  0.000000E+00  7.126061E-09 -1.854899E-02
      5  1.0175522015263284E-04  9.8688103999999791E+07  7.8888152999999691E+06  1.382835E+17 -3.841752E-07  0.000000E+00 -3.841752E-07  5.000000E-01  0.000000E+00  7.126061E-09 -1.854899E-02
      6  1.0175522031544119E-04  9.8688103999999568E+07  7.8888152999999356E+06  1.382835E+17 -3.841752E-07  0.000000E+00 -3.841752E-07  5.000000E-01  0.000000E+00  7.126061E-09 -1.854899E-02
      7  1.0175522064105789E-04  9.8688103999999121E+07  7.8888152999998694E+06  1.382835E+17 -3.841752E-07  0.000000E+00 -3.841752E-07  5.000000E-01  0.000000E+00  7.126061E-09 -1.854899E-02
      8  1.0175522129229130E-04  9.8688103999998227E+07  7.8888152999997372E+06  1.382835E+17 -3.841752E-07  0.000000E+00 -3.841752E-07  5.000000E-01  0.000000E+00  7.126061E-09 -1.854899E-02
      9  1.0175522259475811E-04  9.8688103999996439E+07  7.8888152999994727E+06  1.382835E+17 -3.841752E-07  0.000000E+00 -3.841752E-07  5.000000E-01  0.000000E+00  7.126061E-09 -1.854899E-02
     10  1.0175522519969174E-04  9.8688103999992862E+07  7.8888152999989437E+06  1.382835E+17 -3.841752E-07  0.000000E+00 -3.841752E-07  5.000000E-01  0.000000E+00  7.126061E-09 -1.854899E-02
     11  1.0175523040955900E-04  9.8688103999985710E+07  7.8888152999978866E+06  1.382835E+17 -3.841752E-07  0.000000E+00 -3.841752E-07  5.000000E-01  0.000000E+00  7.126061E-09 -1.854899E-02
     12  1.0175524082929354E-04  9.8688103999971405E+07  7.8888152999957707E+06  1.382835E+17 -3.841752E-07  0.000000E+00 -3.841752E-07  5.000000E-01  0.000000E+00  7.126061E-09 -1.854899E-02
     13  1.0175526166876259E-04  9.8688103999942809E+07  7.8888152999915387E+06  1.382835E+17 -3.841752E-07  0.000000E+00 -3.841752E-07  5.000000E-01  0.000000E+00  7.126061E-09 -1.854899E-02
     14  1.0175530334770070E-04  9.8688103999885604E+07  7.8888152999830758E+06  1.382835E+17 -3.841752E-07  0.000000E+00 -3.841752E-07  5.000000E-01  0.000000E+00  7.126061E-09 -1.854899E-02
     15  1.0175538670557692E-04  9.8688103999771178E+07  7.8888152999661509E+06  1.382835E+17 -3.841752E-07  0.000000E+00 -3.841752E-07  5.000000E-01  0.000000E+00  7.126061E-09 -1.854899E-02
     16  1.0175555342132937E-04  9.8688103999542341E+07  7.8888152999322992E+06  1.382835E+17 -3.841752E-07  0.000000E+00 -3.841752E-07  5.000000E-01  0.000000E+00  7.126061E-09 -1.854899E-02
     17  1.0175588685283427E-04  9.8688103999084681E+07  7.8888152998645967E+06  1.382835E+17 -3.841752E-07  0.000000E+00 -3.841752E-07  5.000000E-01  0.000000E+00  7.126061E-09 -1.854899E-02
     18  1.0175655371584406E-04  9.8688103998169333E+07  7.8888152997291917E+06  1.382835E+17 -3.841751E-07  0.000000E+00 -3.841751E-07  5.000000E-01  0.000000E+00  7.126061E-09 -1.854899E-02
     19  1.0175788744186364E-04  9.8688103996338665E+07  7.8888152994583817E+06  1.382835E+17 -3.841751E-07  0.000000E+00 -3.841751E-07  5.000000E-01  0.000000E+00  7.126061E-09 -1.854899E-02
     20  1.0176055489390281E-04  9.8688103992677316E+07  7.8888152989167627E+06  1.382835E+17 -3.841749E-07  0.000000E+00 -3.841749E-07  5.000000E-01  0.000000E+00  7.126060E-09 -1.854900E-02
     21  1.0176588979798114E-04  9.8688103985354617E+07  7.8888152978335228E+06  1.382835E+17 -3.841747E-07  0.000000E+00 -3.841747E-07  5.000000E-01  0.000000E+00  7.126059E-09 -1.854901E-02
     22  1.0177655960613782E-04  9.8688103970709220E+07  7.8888152956670430E+06  1.382835E+17 -3.841741E-07  0.000000E+00 -3.841741E-07  5.000000E-01  0.000000E+00  7.126057E-09 -1.854903E-02
     23  1.0179789922245117E-04  9.8688103941418409E+07  7.8888152913340852E+06  1.382835E+17 -3.841730E-07  0.000000E+00 -3.841730E-07  5.000000E-01  0.000000E+00  7.126053E-09 -1.854907E-02
     24  1.0184057845507785E-04  9.8688103882836819E+07  7.8888152826681677E+06  1.382835E+17 -3.841709E-07  0.000000E+00 -3.841709E-07  5.000000E-01  0.000000E+00  7.126044E-09 -1.854915E-02
     25  1.0192593692033123E-04  9.8688103765673622E+07  7.8888152653363338E+06  1.382835E+17 -3.841666E-07  0.000000E+00 -3.841666E-07  5.000000E-01  0.000000E+00  7.126026E-09 -1.854931E-02
     26  1.0209665385083798E-04  9.8688103531347215E+07  7.8888152306726649E+06  1.382835E+17 -3.841580E-07  0.000000E+00 -3.841580E-07  5.000000E-01  0.000000E+00  7.125990E-09 -1.854963E-02
     27  1.0243808771185149E-04  9.8688103062694415E+07  7.8888151613453282E+06  1.382835E+17 -3.841408E-07  0.000000E+00 -3.841408E-07  5.000000E-01  0.000000E+00  7.125919E-09 -1.855028E-02
     28  1.0312095543387850E-04  9.8688102125388831E+07  7.8888150226906547E+06  1.382835E+17 -3.841064E-07  0.000000E+00 -3.841064E-07  5.000000E-01  0.000000E+00  7.125776E-09 -1.855157E-02
     29  1.0448669087793252E-04  9.8688100250777647E+07  7.8888147453813078E+06  1.382835E+17 -3.840376E-07  0.000000E+00 -3.840376E-07  5.000000E-01  0.000000E+00  7.125491E-09 -1.855415E-02
     30  1.0721816176604055E-04  9.8688096501555279E+07  7.8888141907626148E+06  1.382835E+17 -3.839000E-07  0.000000E+00 -3.839000E-07  5.000000E-01  0.000000E+00  7.124920E-09 -1.855931E-02
     31  1.1268110354225661E-04  9.8688089003110543E+07  7.8888130815252271E+06  1.382835E+17 -3.838582E-07  0.000000E+00 -3.838582E-07  5.000000E-01  0.000000E+00  7.125954E-09 -1.856403E-02
     32  1.2360698709468874E-04  9.8688074006221056E+07  7.8888108630504524E+06  1.382835E+17 -3.878498E-07  0.000000E+00 -3.878498E-07  5.000000E-01  0.000000E+00  7.167485E-09 -1.848005E-02
     33  1.4545875419955299E-04  9.8688044012442112E+07  7.8888064261009041E+06  1.382835E+17 -3.982196E-07  0.000000E+00 -3.982196E-07  5.000000E-01  0.000000E+00  7.296801E-09 -1.832356E-02
     34  1.8916228840928150E-04  9.8687984024884209E+07  7.8887975522018056E+06  1.382835E+17 -4.071737E-07  0.000000E+00 -4.071737E-07  5.000000E-01  0.000000E+00  7.471721E-09 -1.835020E-02
     35  2.7656935682873854E-04  9.8687864913707107E+07  7.8887798217522511E+06  1.382835E+17 -3.857609E-07  0.000000E+00 -3.857609E-07  5.000000E-01  0.000000E+00  7.385000E-09 -1.914398E-02
     36  4.5138349366765263E-04  9.8687628495947972E+07  7.8887444028893039E+06  1.382835E+17 -3.652893E-07  0.000000E+00 -3.652893E-07  5.000000E-01  0.000000E+00  7.150889E-09 -1.957596E-02
     37  8.0101176734548069E-04  9.8687161506702796E+07  7.8886739561140621E+06  1.382835E+17 -3.635470E-07  0.000000E+00 -3.635470E-07  5.000000E-01  0.000000E+00  7.041098E-09 -1.936778E-02
     38  1.5002683147011370E-03  9.8686267575223491E+07  7.8885360812666323E+06  1.382835E+17 -3.548429E-07  0.000000E+00 -3.548429E-07  5.000000E-01  0.000000E+00  7.005882E-09 -1.974361E-02
     39  2.8987814094124497E-03  9.8684639158405647E+07  7.8882789549682904E+06  1.382835E+17 -3.455025E-07  0.000000E+00 -3.455025E-07  5.000000E-01  0.000000E+00  6.969521E-09 -2.017213E-02
     40  5.6958075988350742E-03  9.8682157722559616E+07  7.8878956565465499E+06  1.382835E+17 -3.364721E-07  0.000000E+00 -3.364721E-07  5.000000E-01  0.000000E+00  6.937418E-09 -2.061811E-02
     41  1.1289859977680325E-02  9.8680975256189898E+07  7.8877641573002636E+06  1.382835E+17 -3.292780E-07  0.000000E+00 -3.292780E-07  5.000000E-01  0.000000E+00  6.919303E-09 -2.101356E-02
     42  2.1289859754162907E-02  9.8664480175300926E+07  7.8871472726725368E+06  1.382835E+17 -3.248879E-07  0.000000E+00 -3.248879E-07  5.000000E-01  0.000000E+00  6.910563E-09 -2.127060E-02
     43  3.1289859530645489E-02  9.8880560749767363E+07  7.8807048289962998E+06  1.382835E+17 -3.281728E-07  0.000000E+00 -3.281728E-07  5.000000E-01  0.000000E+00  7.062205E-09 -2.151978E-02
     44  4.1289859307128071E-02  1.0166091176773205E+08  7.9090658524866542E+06  1.382835E+17 -4.226201E-07  0.000000E+00 -4.226201E-07  5.000000E-01  0.000000E+00  9.161481E-09 -2.167782E-02
     45  5.1289859083610653E-02  1.0198954504460242E+08  7.8590965721871993E+06  1.382835E+17 -4.330256E-07  0.000000E+00 -4.330256E-07  5.000000E-01  0.000000E+00  9.450763E-09 -2.182495E-02
     46  6.1289858860093235E-02  1.0148381968118031E+08  7.7998934239021633E+06  1.382835E+17 -4.109609E-07  0.000000E+00 -4.109609E-07  5.000000E-01  0.000000E+00  9.045029E-09 -2.200947E-02
     47  7.1289858636575817E-02  1.0232854935992256E+08  7.9862743368477998E+06  1.382835E+17 -4.391829E-07  0.000000E+00 -4.391829E-07  5.000000E-01  0.000000E+00  9.748207E-09 -2.219624E-02
     48  8.1289858413058400E-02  1.0308951722152875E+08  7.7745893629441215E+06  1.382835E+17 -4.683284E-07  0.000000E+00 -4.683284E-07  5.000000E-01  0.000000E+00  1.043244E-08 -2.227590E-02
     49  9.1289858189540982E-02  1.0183102023402730E+08  7.6671824873505021E+06  1.382835E+17 -4.151336E-07  0.000000E+00 -4.151336E-07  5.000000E-01  0.000000E+00  9.354220E-09 -2.253303E-02
     50  1.0128985796602356E-01  1.0495116418115348E+08  8.0324910188564444E+06  1.382835E+17 -5.398034E-07  0.000000E+00 -5.398034E-07  5.000000E-01  0.000000E+00  1.218214E-08 -2.256774E-02
     51  1.1128985774250615E-01  1.0570732092234336E+08  8.0211886671156110E+06  1.382835E+17 -5.732171E-07  0.000000E+00 -5.732171E-07  5.000000E-01  0.000000E+00  1.296927E-08 -2.262540E-02
     52  1.2128985751898873E-01  1.0272996793993907E+08  7.6658815879118908E+06  1.382835E+17 -4.421430E-07  0.000000E+00 -4.421430E-07  5.000000E-01  0.000000E+00  1.015054E-08 -2.295759E-02
     53  1.3128985729547132E-01  1.0935368162943552E+08  7.8890695733335037E+06  1.382835E+17 -7.503511E-07  0.000000E+00 -7.503511E-07  5.000000E-01  0.000000E+00  1.710493E-08 -2.279590E-02
     54  1.4128985707195391E-01  1.1065752381311284E+08  8.0534105656995140E+06  1.382835E+17 -8.241036E-07  0.000000E+00 -8.241036E-07  5.000000E-01  0.000000E+00  1.880860E-08 -2.282310E-02
     55  1.5128985684843649E-01  1.0872665505819200E+08  7.6348963361241985E+06  1.382835E+17 -7.193700E-07  0.000000E+00 -7.193700E-07  5.000000E-01  0.000000E+00  1.643422E-08 -2.284530E-02
     56  1.6128985662491907E-01  1.1339768086736749E+08  7.7806024140872266E+06  1.382835E+17 -9.879439E-07  0.000000E+00 -9.879439E-07  5.000000E-01  0.000000E+00  2.267564E-08 -2.295236E-02
     57  1.7128985640140165E-01  1.1581223614778306E+08  7.9315456203484135E+06  1.382835E+17 -1.147986E-06  0.000000E+00 -1.147986E-06  5.000000E-01  0.000000E+00  2.646654E-08 -2.305476E-02
     58  1.8128985617788423E-01  1.1628078740054584E+08  7.8135127923298776E+06  1.382835E+17 -1.182973E-06  0.000000E+00 -1.182973E-06  5.000000E-01  0.000000E+00  2.729320E-08 -2.307171E-02
     59  1.9128985595436682E-01  1.1674995238368650E+08  7.8661431764924265E+06  1.382835E+17 -1.213848E-06  0.000000E+00 -1.213848E-06  5.000000E-01  0.000000E+00  2.809710E-08 -2.314714E-02
     60  2.0128985573084940E-01  1.1865704729060018E+08  7.9402043008134207E+06  1.382835E+17 -1.349738E-06  0.000000E+00 -1.349738E-06  5.000000E-01  0.000000E+00  3.145212E-08 -2.330239E-02
     61  2.1128985550733198E-01  1.1714682865241322E+08  7.6604195937809665E+06  1.382835E+17 -1.238322E-06  0.000000E+00 -1.238322E-06  5.000000E-01  0.000000E+00  2.881601E-08 -2.327021E-02
     62  2.2128985528381456E-01  1.1924836672798474E+08  7.9167331788707189E+06  1.382835E+17 -1.387736E-06  0.000000E+00 -1.387736E-06  5.000000E-01  0.000000E+00  3.255167E-08 -2.345667E-02
     63  2.3128985506029714E-01  1.2770614427190685E+08  8.1951569748460706E+06  1.382835E+17 -2.100291E-06  0.000000E+00 -2.100291E-06  5.000000E-01  0.000000E+00  5.074120E-08 -2.415912E-02
     64  2.4128985483677973E-01  1.3126187824899024E+08  8.0726130469703395E+06  1.382835E+17 -2.455975E-06  0.000000E+00 -2.455975E-06  5.000000E-01  0.000000E+00  6.014040E-08 -2.448738E-02
     65  2.5128985461326231E-01  1.2466770434319505E+08  7.6355537289591925E+06  1.382835E+17 -1.837896E-06  0.000000E+00 -1.837896E-06  5.000000E-01  0.000000E+00  4.380836E-08 -2.383615E-02
     66  2.6128985438974489E-01  1.2655178643620966E+08  7.7889304642534535E+06  1.382835E+17 -1.995223E-06  0.000000E+00 -1.995223E-06  5.000000E-01  0.000000E+00  4.808777E-08 -2.410145E-02
     67  2.7128985416622747E-01  1.2868503266708335E+08  7.9210292921512499E+06  1.382835E+17 -2.190967E-06  0.000000E+00 -2.190967E-06  5.000000E-01  0.000000E+00  5.333494E-08 -2.434310E-02
     68  2.8128985394271006E-01  1.3065232693225603E+08  8.1135179434114918E+06  1.382835E+17 -2.381200E-06  0.000000E+00 -2.381200E-06  5.000000E-01  0.000000E+00  5.850507E-08 -2.456958E-02
     69  2.9128985371919264E-01  1.3269310318277782E+08  8.0488838384495126E+06  1.382835E+17 -2.585869E-06  0.000000E+00 -2.585869E-06  5.000000E-01  0.000000E+00  6.420276E-08 -2.482831E-02
     70  3.0128985349567522E-01  1.2908573161355977E+08  7.5758347696424983E+06  1.382835E+17 -2.225833E-06  0.000000E+00 -2.225833E-06  5.000000E-01  0.000000E+00  5.445139E-08 -2.446338E-02
     71  3.1128985327215780E-01  1.2903699936037414E+08  7.6622368417254966E+06  1.382835E+17 -2.214035E-06  0.000000E+00 -2.214035E-06  5.000000E-01  0.000000E+00  5.428560E-08 -2.451885E-02
     72  3.2128985304864038E-01  1.3226746168231359E+08  7.9706954690533318E+06  1.382835E+17 -2.528438E-06  0.000000E+00 -2.528438E-06  5.000000E-01  0.000000E+00  6.296876E-08 -2.490421E-02
     73  3.3128985282512297E-01  1.3366032091671821E+08  8.0911039044535588E+06  1.382835E+17 -2.673779E-06  0.000000E+00 -2.673779E-06  5.000000E-01  0.000000E+00  6.703216E-08 -2.507020E-02
     74  3.4128985260160555E-01  1.3342621554930086E+08  7.9441300954333059E+06  1.382835E+17 -2.648796E-06  0.000000E+00 -2.648796E-06  5.000000E-01  0.000000E+00  6.637539E-08 -2.505870E-02
     75  3.5128985237808813E-01  1.2858676435357012E+08  7.4300031979329148E+06  1.382835E+17 -2.160686E-06  0.000000E+00 -2.160686E-06  5.000000E-01  0.000000E+00  5.318863E-08 -2.461655E-02
     76  3.6128985215457071E-01  1.2865625895940286E+08  7.5417887845638003E+06  1.382835E+17 -2.160102E-06  0.000000E+00 -2.160102E-06  5.000000E-01  0.000000E+00  5.331219E-08 -2.468040E-02
     77  3.7128985193105329E-01  1.3494737672493163E+08  7.8396408987644147E+06  1.382835E+17 -2.790823E-06  0.000000E+00 -2.790823E-06  5.000000E-01  0.000000E+00  7.083100E-08 -2.537997E-02
     78  3.8128985170753588E-01  1.3812915672224298E+08  7.8241999077843297E+06  1.382835E+17 -3.148981E-06  0.000000E+00 -3.148981E-06  5.000000E-01  0.000000E+00  8.110990E-08 -2.575751E-02
     79  3.9128985148401846E-01  1.3870714894717523E+08  7.7436638508756896E+06  1.382835E+17 -3.217152E-06  0.000000E+00 -3.217152E-06  5.000000E-01  0.000000E+00  8.311560E-08 -2.583515E-02
     80  4.0128985126050104E-01  1.3730724070365262E+08  7.5571280298738489E+06  1.382835E+17 -3.057304E-06  0.000000E+00 -3.057304E-06  5.000000E-01  0.000000E+00  7.845988E-08 -2.566309E-02
     81  4.1128985103698362E-01  1.3748759787542069E+08  7.5910613186889691E+06  1.382835E+17 -3.071788E-06  0.000000E+00 -3.071788E-06  5.000000E-01  0.000000E+00  7.902814E-08 -2.572708E-02
     82  4.2128985081346620E-01  1.3951302309364176E+08  7.8198159456754467E+06  1.382835E+17 -3.299011E-06  0.000000E+00 -3.299011E-06  5.000000E-01  0.000000E+00  8.586987E-08 -2.602898E-02
     83  4.3128985058994879E-01  1.4108667560783160E+08  7.8130565620968966E+06  1.382835E+17 -3.482396E-06  0.000000E+00 -3.482396E-06  5.000000E-01  0.000000E+00  9.148875E-08 -2.627178E-02
     84  4.4128985036643137E-01  1.4058503190074137E+08  7.6336192138547339E+06  1.382835E+17 -3.424507E-06  0.000000E+00 -3.424507E-06  5.000000E-01  0.000000E+00  8.971358E-08 -2.619752E-02
     85  4.5128985014291395E-01  1.4492734475559309E+08  7.6360874120223848E+06  1.382835E+17 -3.944967E-06  0.000000E+00 -3.944967E-06  5.000000E-01  0.000000E+00  1.061890E-07 -2.691759E-02
     86  4.6128984991939653E-01  1.4442094516082743E+08  7.4316851175483139E+06  1.382835E+17 -3.887086E-06  0.000000E+00 -3.887086E-06  5.000000E-01  0.000000E+00  1.042452E-07 -2.681835E-02
     87  4.7128984969587912E-01  1.4573009125585964E+08  7.4996154424476810E+06  1.382835E+17 -4.048708E-06  0.000000E+00 -4.048708E-06  5.000000E-01  0.000000E+00  1.095390E-07 -2.705530E-02
     88  4.8128984947236170E-01  1.4864838580474159E+08  7.7492712742966330E+06  1.382835E+17 -4.420686E-06  0.000000E+00 -4.420686E-06  5.000000E-01  0.000000E+00  1.220272E-07 -2.760368E-02
     89  4.9128984924884428E-01  1.4642556425212178E+08  7.4870522707354985E+06  1.382835E+17 -4.135730E-06  0.000000E+00 -4.135730E-06  5.000000E-01  0.000000E+00  1.124767E-07 -2.719633E-02
     90  5.0128984902532681E-01  1.4520221607105488E+08  7.4599499838243518E+06  1.382835E+17 -3.978231E-06  0.000000E+00 -3.978231E-06  5.000000E-01  0.000000E+00  1.074164E-07 -2.700103E-02
     91  5.1128984880180939E-01  1.4854474383858934E+08  7.4611461905947300E+06  1.382835E+17 -4.399653E-06  0.000000E+00 -4.399653E-06  5.000000E-01  0.000000E+00  1.215635E-07 -2.763024E-02
     92  5.2128984857829197E-01  1.5780097846713871E+08  7.4085221257242830E+06  1.382835E+17 -5.683427E-06  0.000000E+00 -5.683427E-06  5.000000E-01  0.000000E+00  1.681065E-07 -2.957836E-02
     93  5.3128984835477455E-01  1.7473964415411311E+08  7.7190722621780010E+06  1.382835E+17 -8.253825E-06  0.000000E+00 -8.253825E-06  5.000000E-01  0.000000E+00  2.869118E-07 -3.476108E-02
     94  5.3128985922607130E-01  1.7473964951089463E+08  7.7190725200610971E+06  1.382835E+17 -8.253151E-06  0.000000E+00 -8.253151E-06  5.000000E-01  0.000000E+00  2.869056E-07 -3.476315E-02
     95  5.3128988096866492E-01  1.7473966022445768E+08  7.7190730358272931E+06  1.382835E+17 -8.252063E-06  0.000000E+00 -8.252063E-06  5.000000E-01  0.000000E+00  2.868930E-07 -3.476621E-02
     96  5.3128992445385204E-01  1.7473968165158379E+08  7.7190740673596831E+06  1.382835E+17 -8.249887E-06  0.000000E+00 -8.249887E-06  5.000000E-01  0.000000E+00  2.868679E-07 -3.477234E-02
     97  5.3129001142422638E-01  1.7473972450583601E+08  7.7190761304244651E+06  1.382835E+17 -8.245536E-06  0.000000E+00 -8.245536E-06  5.000000E-01  0.000000E+00  2.868176E-07 -3.478459E-02
     98  5.3129018536497508E-01  1.7473981021434048E+08  7.7190802565540280E+06  1.382835E+17 -8.236833E-06  0.000000E+00 -8.236833E-06  5.000000E-01  0.000000E+00  2.867170E-07 -3.480913E-02
     99  5.3129053324647246E-01  1.7473998163134938E+08  7.7190885088131558E+06  1.382835E+17 -8.243510E-06  0.000000E+00 -8.243510E-06  5.000000E-01  0.000000E+00  2.869134E-07 -3.480477E-02
    100  5.3129122900946724E-01  1.7474032446536723E+08  7.7191050133314105E+06  1.382835E+17 -8.358258E-06  0.000000E+00 -8.358258E-06  5.000000E-01  0.000000E+00  2.891446E-07 -3.459388E-02
    101  5.3129262053545667E-01  1.7474101013340285E+08  7.7191380223679161E+06  1.382835E+17 -8.559458E-06  0.000000E+00 -8.559458E-06  5.000000E-01  0.000000E+00  2.941049E-07 -3.436023E-02
    102  5.3129540358743566E-01  1.7474238146947417E+08  7.7192040404409310E+06  1.382835E+17 -8.581769E-06  0.000000E+00 -8.581769E-06  5.000000E-01  0.000000E+00  2.980604E-07 -3.473181E-02
    103  5.3130096969139351E-01  1.7474512414161673E+08  7.7193360765869580E+06  1.382835E+17 -7.871301E-06  0.000000E+00 -7.871301E-06  5.000000E-01  0.000000E+00  2.901824E-07 -3.686588E-02
    104  5.3131210189930933E-01  1.7475060948590192E+08  7.7196001488790149E+06  1.382835E+17 -7.416858E-06  0.000000E+00 -7.416858E-06  5.000000E-01  0.000000E+00  2.809171E-07 -3.787549E-02
    105  5.3133436631514086E-01  1.7476158017447224E+08  7.7201282934631258E+06  1.382835E+17 -7.048919E-06  0.000000E+00 -7.048919E-06  5.000000E-01  0.000000E+00  2.734008E-07 -3.878621E-02
    106  5.3137889514680392E-01  1.7478352155161291E+08  7.7211845826313468E+06  1.382835E+17 -6.602741E-06  0.000000E+00 -6.602741E-06  5.000000E-01  0.000000E+00  2.687104E-07 -4.069679E-02
    107  5.3146795281013004E-01  1.7482740430589420E+08  7.7232971609677905E+06  1.382835E+17 -6.257123E-06  0.000000E+00 -6.257123E-06  5.000000E-01  0.000000E+00  2.650951E-07 -4.236694E-02
    108  5.3164606813678239E-01  1.7491516981445685E+08  7.7275223176406799E+06  1.382835E+17 -6.218292E-06  0.000000E+00 -6.218292E-06  5.000000E-01  0.000000E+00  2.649732E-07 -4.261189E-02
    109  5.3200229879008709E-01  1.7543584836577517E+08  7.7391623697845293E+06  1.382835E+17 -6.700199E-06  0.000000E+00 -6.700199E-06  5.000000E-01  0.000000E+00  2.738719E-07 -4.087519E-02
    110  5.3271476009669649E-01  1.7745278832629925E+08  7.7689406172181424E+06  1.382835E+17 -7.704753E-06  0.000000E+00 -7.704753E-06  5.000000E-01  0.000000E+00  2.999717E-07 -3.893333E-02
    111  5.3413968270991530E-01  1.9743246708889034E+08  7.8866645592863495E+06  1.382835E+17 -1.104155E-05  0.000000E+00 -1.104155E-05  5.000000E-01  0.000000E+00  5.361390E-07 -4.855649E-02
    112  5.3442466723255910E-01  2.1376670579988906E+08  7.9327647820107816E+06  1.382835E+17 -1.081061E-05  0.000000E+00 -1.081061E-05  5.000000E-01  0.000000E+00  7.916049E-07 -7.322482E-02
    113  5.3499463627784660E-01  2.5816697386934227E+08  8.0455172839295818E+06  1.382835E+17 -4.429196E-06  0.000000E+00 -4.429196E-06  5.000000E-01  0.000000E+00  2.205208E-06 -4.978799E-01
    114  5.3613457436842160E-01  5.5311434388110363E+08  8.6273224169057198E+06  1.382835E+17  8.330829E+04  0.000000E+00  8.330829E+04  5.000000E-01  2.220446E-16 -1.316131E-01 -1.579832E-06
    115  5.3613457464214265E-01  5.5311447594133127E+08  8.6273226759959403E+06  1.382835E+17  8.346576E+04  0.000000E+00  8.346576E+04  5.000000E-01  2.220446E-16 -5.918230E+00 -7.090608E-05
    116  5.3613457518958485E-01  5.5311474006184018E+08  8.6273231941764858E+06  1.382835E+17  8.377757E+04  0.000000E+00  8.377757E+04  5.000000E-01  2.220446E-16 -1.737622E+01 -2.074090E-04
    117  5.3613457628446926E-01  5.5311526830285811E+08  8.6273242305375785E+06  1.382835E+17  8.438889E+04  0.000000E+00  8.438889E+04  5.000000E-01  2.220446E-16 -3.983835E+01 -4.720805E-04
    118  5.3613457847423807E-01  5.5311632478489375E+08  8.6273263032597620E+06  1.382835E+17  8.556384E+04  0.000000E+00  8.556384E+04  5.000000E-01  2.220446E-16 -8.300280E+01 -9.700686E-04
    119  5.3613458285377569E-01  5.5311843774896502E+08  8.6273304487041291E+06  1.382835E+17  8.773440E+04  0.000000E+00  8.773440E+04  5.000000E-01  2.220446E-16 -1.627156E+02 -1.854639E-03
    120  5.3613459161285082E-01  5.5312266367705417E+08  8.6273387395927571E+06  1.382835E+17  9.144141E+04  0.000000E+00  9.144141E+04  5.000000E-01  2.220446E-16 -2.987461E+02 -3.267077E-03
    121  5.3613460913100119E-01  5.5313111553328598E+08  8.6273553213701174E+06  1.382835E+17  9.686690E+04  0.000000E+00  9.686690E+04  5.000000E-01  2.220446E-16 -4.974427E+02 -5.135322E-03
    122  5.3613464416730183E-01  5.5314801924569595E+08  8.6273884849247374E+06  1.382835E+17  1.027657E+05  0.000000E+00  1.027657E+05  5.000000E-01  2.220446E-16 -7.121260E+02 -6.929609E-03
    123  5.3613471423990322E-01  5.5318182667056942E+08  8.6274548120340779E+06  1.382835E+17  1.064930E+05  0.000000E+00  1.064930E+05  5.000000E-01  2.220446E-16 -8.437295E+02 -7.922863E-03
    124  5.3613485438510600E-01  5.5324944152031648E+08  8.6275874662527610E+06  1.382835E+17  1.076399E+05  0.000000E+00  1.076399E+05  5.000000E-01  2.220446E-16 -8.741657E+02 -8.121206E-03
    125  5.3613513467551155E-01  5.5338467121981061E+08  8.6278527746901270E+06  1.382835E+17  1.084914E+05  0.000000E+00  1.084914E+05  5.000000E-01  2.220446E-16 -8.816848E+02 -8.126775E-03
    126  5.3613569525632265E-01  5.5365513061879873E+08  8.6283833915648609E+06  1.382835E+17  1.101849E+05  0.000000E+00  1.101849E+05  5.000000E-01  2.220446E-16 -8.958475E+02 -8.130398E-03
    127  5.3613681641794475E-01  5.5419604941672158E+08  8.6294446253142208E+06  1.382835E+17  1.136466E+05  0.000000E+00  1.136466E+05  5.000000E-01  2.220446E-16 -9.247615E+02 -8.137170E-03
    128  5.3613905874118895E-01  5.5527788701256728E+08  8.6315670928129442E+06  1.382835E+17  1.208891E+05  0.000000E+00  1.208891E+05  5.000000E-01  2.220446E-16 -9.854470E+02 -8.151662E-03
    129  5.3614354338767745E-01  5.5744156220431221E+08  8.6358120278104916E+06  1.382835E+17  1.367317E+05  0.000000E+00  1.367317E+05  5.000000E-01  2.220446E-16 -1.118798E+03 -8.182436E-03
    130  5.3615251268065434E-01  5.6176891258774853E+08  8.6443018978054840E+06  1.382835E+17  1.745940E+05  0.000000E+00  1.745940E+05  5.000000E-01  2.220446E-16 -1.439508E+03 -8.244885E-03
    131  5.3617045126660812E-01  5.7042361335462117E+08  8.6612816377954669E+06  1.382835E+17  2.825451E+05  0.000000E+00  2.825451E+05  5.000000E-01  1.110223E-16 -2.363683E+03 -8.365685E-03
    132  5.3620632843851568E-01  5.8773301488836634E+08  8.6952411177754346E+06  1.382835E+17  7.187300E+05  0.000000E+00  7.187300E+05  5.000000E-01  0.000000E+00 -6.168780E+03 -8.582889E-03
    133  5.3627808278233080E-01  6.2235181795585668E+08  8.7631600777353682E+06  1.382835E+17  4.183074E+06  0.000000E+00  4.183074E+06  5.000000E-01  0.000000E+00 -3.751720E+04 -8.968812E-03
    134  5.3642159146996116E-01  6.9158942409089100E+08  8.8989979976553414E+06  1.382835E+17  9.946099E+07  0.000000E+00  9.946099E+07  5.000000E-01  0.000000E+00 -9.897463E+05 -9.951101E-03
    135  5.3670860884522176E-01  8.3006463636090612E+08  9.1706738374951817E+06  1.382835E+17  1.915173E+10  0.000000E+00  1.915173E+10  5.000000E-01 -1.731948E-14 -2.478713E+08 -1.294250E-02
    136  5.3676601232027388E-01  8.5775967881490910E+08  9.2250090054631513E+06  1.382835E+17  4.703702E+10  0.000000E+00  4.703702E+10  5.000000E-01 -1.731948E-14 -6.011281E+08 -1.277989E-02
    137  5.3688081927037812E-01  9.3740413925886154E+08  9.3982846340309344E+06  1.382835E+17  5.296629E+11  0.000000E+00  5.296629E+11  5.000000E-01 -1.709743E-14 -7.442484E+09 -1.405136E-02
    138  5.3711043317058660E-01  1.1078690728862646E+09  9.7746049352065120E+06  1.382835E+17  5.198467E+13  0.000000E+00  5.198467E+13  5.000000E-01 -1.044054E-11 -1.048870E+12 -2.017652E-02
    139  5.3715635595062827E-01  1.1419620596117287E+09  9.8498689954415914E+06  1.382835E+17  1.121508E+14  0.000000E+00  1.121508E+14  5.000000E-01 -1.044054E-11 -2.139849E+12 -1.908011E-02
    140  5.3724820151071162E-01  1.2101480330626571E+09  1.0000397115911748E+07  1.382835E+17  5.202924E+14  0.000000E+00  5.202924E+14  5.000000E-01 -1.162426E-11 -1.056956E+13 -2.031464E-02
    141  5.3743189263087843E-01  1.3465199799645960E+09  1.0301453356852246E+07  1.382840E+17  6.846124E+15  0.000000E+00  6.846124E+15  5.000000E-01 -7.289547E-11  1.072255E+14  1.566222E-02
    142  5.3746863085491181E-01  1.3737943693450003E+09  1.0361664605040383E+07  1.382844E+17  1.195283E+16  0.000000E+00  1.195283E+16  5.000000E-01 -1.694076E-10 -2.650023E+14 -2.217067E-02
    143  5.3753561920279014E-01  1.4235263945600255E+09  1.0471453582214402E+07  1.382857E+17  2.857835E+16  0.000000E+00  2.857835E+16  5.000000E-01 -1.699749E-10 -6.975402E+14 -2.440799E-02
    144  5.3754901687236578E-01  1.4334727996030140E+09  1.0493411377649169E+07  1.382861E+17  3.395227E+16  0.000000E+00  3.395227E+16  5.000000E-01 -1.706197E-10 -8.693595E+14 -2.560534E-02
    145  5.3757289827030241E-01  1.4512023051360033E+09  1.0532551233101506E+07  1.382870E+17  4.595215E+16  0.000000E+00  4.595215E+16  5.000000E-01 -1.706195E-10 -1.154481E+15 -2.512355E-02
    146  5.3762066106617556E-01  1.4866613162018993E+09  1.0610830944005996E+07  1.382901E+17  8.440980E+16  0.000000E+00  8.440980E+16  5.000000E-01 -1.706197E-10 -1.855119E+15 -2.197753E-02
    147  5.3771618665792198E-01  1.5656799652251787E+09  1.0812649019979473E+07  1.383081E+17  3.093485E+17  0.000000E+00  3.093485E+17  5.000000E-01 -1.689120E-10 -3.139764E+15 -1.014960E-02
    148  5.3773344297699077E-01  1.5802369073120515E+09  1.0850685202901462E+07  1.383149E+17  4.363182E+17  0.000000E+00  4.363182E+17  5.000000E-01 -1.689338E-10 -8.611136E+15 -1.973591E-02
    149  5.3776795561512825E-01  1.6093507914857032E+09  1.0926757568745194E+07  1.383338E+17  6.607265E+17  0.000000E+00  6.607265E+17  5.000000E-01 -1.689331E-10 -1.242541E+16 -1.880568E-02
    150  5.3783698089140330E-01  1.6675785598331006E+09  1.1078902300432904E+07  1.384051E+17  1.331715E+18  0.000000E+00  1.331715E+18  5.000000E-01 -1.689326E-10 -1.364455E+16 -1.024584E-02
    151  5.3785078594665836E-01  1.6792241135026174E+09  1.1109331246770544E+07  1.384273E+17  1.730759E+18  0.000000E+00  1.730759E+18  5.000000E-01 -1.689320E-10 -3.642799E+16 -2.104741E-02
    152  5.3786975274290372E-01  1.6952239656968486E+09  1.1151137644099923E+07  1.384639E+17  2.130926E+18  0.000000E+00  2.130926E+18  5.000000E-01 -1.689313E-10 -4.538586E+16 -2.129866E-02
    153  5.3790768633539443E-01  1.7272236700853107E+09  1.1234750438758681E+07  1.385641E+17  3.157203E+18  0.000000E+00  3.157203E+18  5.000000E-01 -1.689315E-10 -6.444956E+16 -2.041350E-02
    154  5.3791527305389253E-01  1.7336236109629657E+09  1.1251472997690335E+07  1.385895E+17  3.478654E+18  0.000000E+00  3.478654E+18  5.000000E-01 -1.689313E-10 -7.661426E+16 -2.202411E-02
    155  5.3792859682477778E-01  1.7448631667675500E+09  1.1280841102474552E+07  1.386392E+17  3.999012E+18  0.000000E+00  3.999012E+18  5.000000E-01 -1.689313E-10 -8.848566E+16 -2.212688E-02
    156  5.3795524436654840E-01  1.7673422783768122E+09  1.1339577312043233E+07  1.387621E+17  5.244710E+18  0.000000E+00  5.244710E+18  5.000000E-01 -1.689315E-10 -1.152294E+17 -2.197061E-02
    157  5.3800853945008953E-01  1.8123005015952430E+09  1.1457049731180348E+07  1.391349E+17  8.480603E+18  0.000000E+00  8.480603E+18  5.000000E-01 -1.689322E-10 -1.411162E+17 -1.663988E-02
    158  5.3801759738997323E-01  1.8199415231704600E+09  1.1477015139616499E+07  1.392205E+17  9.861445E+18  0.000000E+00  9.861445E+18  5.000000E-01 -1.689331E-10 -2.269363E+17 -2.301248E-02
    159  5.3803384881796212E-01  1.8336507675997124E+09  1.1512836353008805E+07  1.393944E+17  1.156032E+19  0.000000E+00  1.156032E+19  5.000000E-01 -1.689324E-10 -2.675789E+17 -2.314633E-02
    160  5.3806635167393979E-01  1.8610692564581234E+09  1.1584478779793169E+07  1.398365E+17  1.559886E+19  0.000000E+00  1.559886E+19  5.000000E-01 -1.689318E-10 -3.438601E+17 -2.204392E-02
    161  5.3813135738589524E-01  1.9159062341750388E+09  1.1727763633362146E+07  1.412553E+17  3.059243E+19  0.000000E+00  3.059243E+19  5.000000E-01 -1.689322E-10 -8.846835E+17 -2.891838E-02
    162  5.3814141228850543E-01  1.9243882652734549E+09  1.1749926535741230E+07  1.415613E+17  3.185904E+19  0.000000E+00  3.185904E+19  5.000000E-01 -1.689324E-10 -7.652498E+17 -2.401987E-02
    163  5.3815696896837684E-01  1.9375114398652868E+09  1.1784216393206710E+07  1.420932E+17  3.661006E+19  0.000000E+00  3.661006E+19  5.000000E-01 -1.689326E-10 -8.760001E+17 -2.392785E-02
    164  5.3818808232811965E-01  1.9637577890489504E+09  1.1852796108137671E+07  1.434070E+17  4.757578E+19  0.000000E+00  4.757578E+19  5.000000E-01 -1.689315E-10 -1.069238E+18 -2.247441E-02
    165  5.3819353574682682E-01  1.9683581386356297E+09  1.1864816471847286E+07  1.436768E+17  5.064143E+19  0.000000E+00  5.064143E+19  5.000000E-01 -1.689318E-10 -1.218851E+18 -2.406826E-02
    166  5.3820317475099932E-01  1.9764893295897875E+09  1.1886062655603480E+07  1.441861E+17  5.505447E+19  0.000000E+00  5.505447E+19  5.000000E-01 -1.689322E-10 -1.324189E+18 -2.405234E-02
    167  5.3822245275934422E-01  1.9927517114980097E+09  1.1928555023115624E+07  1.453409E+17  6.475571E+19  0.000000E+00  6.475571E+19  5.000000E-01 -1.689311E-10 -1.536256E+18 -2.372387E-02
    168  5.3822630836101315E-01  1.9960041878796167E+09  1.1937053496617954E+07  1.455955E+17  6.712460E+19  0.000000E+00  6.712460E+19  5.000000E-01 -1.689320E-10 -1.615947E+18 -2.407384E-02
    169  5.3823083810368322E-01  1.9998253505188644E+09  1.1947037904074803E+07  1.459055E+17  6.974088E+19  0.000000E+00  6.974088E+19  5.000000E-01 -1.689318E-10 -1.678572E+18 -2.406870E-02
    170  5.3823989758902346E-01  2.0074676757974536E+09  1.1967006718988746E+07  1.465639E+17  7.533043E+19  0.000000E+00  7.533043E+19  5.000000E-01 -1.689313E-10 -1.806807E+18 -2.398508E-02
    171  5.3825632569134962E-01  2.0213259576944091E+09  1.2003217355952978E+07  1.478897E+17  8.616509E+19  0.000000E+00  8.616509E+19  5.000000E-01 -1.689306E-10 -2.054562E+18 -2.384448E-02
    172  5.3828918189600206E-01  2.0490425214884138E+09  1.2075638629881686E+07  1.511335E+17  1.105928E+20  0.000000E+00  1.105928E+20  5.000000E-01 -1.689300E-10 -2.468203E+18 -2.231795E-02
    173  5.3829434557778200E-01  2.0533984572083075E+09  1.2087020358739953E+07  1.517241E+17  1.166521E+20  0.000000E+00  1.166521E+20  5.000000E-01 -1.689304E-10 -2.779633E+18 -2.382841E-02
    174  5.3830317276822282E-01  2.0608448250880704E+09  1.2106477151869226E+07  1.527897E+17  1.247936E+20  0.000000E+00  1.247936E+20  5.000000E-01 -1.689318E-10 -2.967752E+18 -2.378128E-02
    175  5.3832082714910445E-01  2.0757375608475962E+09  1.2145390738127770E+07  1.551462E+17  1.419297E+20  0.000000E+00  1.419297E+20  5.000000E-01 -1.689322E-10 -3.311760E+18 -2.333380E-02
    176  5.3835350098177248E-01  2.1033002808001282E+09  1.2217410029795315E+07  1.603890E+17  1.833374E+20  0.000000E+00  1.833374E+20  5.000000E-01 -1.689315E-10 -4.774463E+18 -2.604195E-02
    177  5.3838567792456582E-01  2.1304438385257339E+09  1.2288334082432425E+07  1.668223E+17  2.246562E+20  0.000000E+00  2.246562E+20  5.000000E-01 -1.689311E-10 -5.671260E+18 -2.524417E-02
    178  5.3841637314980584E-01  2.1563374612839351E+09  1.2355992150031118E+07  1.742746E+17  2.694822E+20  0.000000E+00  2.694822E+20  5.000000E-01 -1.689318E-10 -6.839382E+18 -2.537972E-02
    179  5.3844577799510152E-01  2.1811425560631995E+09  1.2420805976780640E+07  1.827020E+17  3.129851E+20  0.000000E+00  3.129851E+20  5.000000E-01 -1.689324E-10 -7.810399E+18 -2.495454E-02
    180  5.3847458837337947E-01  2.2054461753009510E+09  1.2484309486066913E+07  1.922051E+17  3.562571E+20  0.000000E+00  3.562571E+20  5.000000E-01 -1.689322E-10 -8.891510E+18 -2.495813E-02
    181  5.3850260662857319E-01  2.2269070559946852E+09  1.2552689376338687E+07  2.025306E+17  3.828589E+20  0.000000E+00  3.828589E+20  5.000000E-01 -1.689324E-10 -8.788268E+18 -2.295432E-02
    182  5.3853036506518948E-01  2.2469711081268225E+09  1.2624083038840273E+07  2.134966E+17  3.992008E+20  0.000000E+00  3.992008E+20  5.000000E-01 -1.689324E-10 -8.229187E+18 -2.061416E-02
    183  5.3857354044111427E-01  2.2781786651428928E+09  1.2735128493588455E+07  2.316058E+17  4.674702E+20  0.000000E+00  4.674702E+20  5.000000E-01 -1.689331E-10 -1.563770E+19 -3.345176E-02
    184  5.3861311743376195E-01  2.3067852777808022E+09  1.2836919040908320E+07  2.488028E+17  4.599714E+20  0.000000E+00  4.599714E+20  5.000000E-01 -1.689326E-10 -1.366022E+19 -2.969799E-02
    185  5.3864994102594332E-01  2.3334017073525681E+09  1.2931627945038421E+07  2.647854E+17  4.106406E+20  0.000000E+00  4.106406E+20  5.000000E-01 -1.689333E-10 -6.842129E+18 -1.666209E-02
    186  5.3870653173554361E-01  2.3743059903750725E+09  1.3077177137083258E+07  2.882693E+17  3.809046E+20  0.000000E+00  3.809046E+20  5.000000E-01 -1.689329E-10 -6.360023E+18 -1.669715E-02
    187  5.3871485263298835E-01  2.3803204112311587E+09  1.3098578174616158E+07  2.915430E+17  3.897192E+20  0.000000E+00  3.897192E+20  5.000000E-01 -1.689326E-10 -8.934425E+18 -2.292529E-02
    188  5.3872490473652079E-01  2.3875861636977167E+09  1.3124431809564935E+07  2.954226E+17  3.817324E+20  0.000000E+00  3.817324E+20  5.000000E-01 -1.689313E-10 -8.819752E+18 -2.310454E-02
    189  5.3874500894358568E-01  2.4021176686308322E+09  1.3176139079462489E+07  3.029169E+17  3.635350E+20  0.000000E+00  3.635350E+20  5.000000E-01 -1.689320E-10 -8.411468E+18 -2.313798E-02
    190  5.3878016595755673E-01  2.4275294802136078E+09  1.3266561606664194E+07  3.151008E+17  3.262842E+20  0.000000E+00  3.262842E+20  5.000000E-01 -1.689324E-10 -7.192627E+18 -2.204406E-02
    191  5.3883513591263144E-01  2.4672622670259929E+09  1.3407942278586760E+07  3.316469E+17  2.800328E+20  0.000000E+00  2.800328E+20  5.000000E-01 -1.689340E-10 -7.439005E+18 -2.656476E-02
    192  5.3889293582766173E-01  2.5090405748043408E+09  1.3556601501846917E+07  3.458032E+17  2.211530E+20  0.000000E+00  2.211530E+20  5.000000E-01 -1.689342E-10 -5.516362E+18 -2.494364E-02
    193  5.3895099460656548E-01  2.5510059917604780E+09  1.3705926513323834E+07  3.570631E+17  1.662056E+20  0.000000E+00  1.662056E+20  5.000000E-01 -1.689338E-10 -3.087455E+18 -1.857612E-02
    194  5.3903765424567984E-01  2.6136443723356481E+09  1.3928811869331596E+07  3.696116E+17  1.364565E+20  0.000000E+00  1.364565E+20  5.000000E-01 -1.689342E-10 -5.029063E+18 -3.685470E-02
    195  5.3912109443121459E-01  2.6739557023873553E+09  1.4143416910944134E+07  3.785529E+17  1.112757E+20  0.000000E+00  1.112757E+20  5.000000E-01 -1.689344E-10 -4.360350E+18 -3.918512E-02
    196  5.3912910207552489E-01  2.6797437010098457E+09  1.4164012273111871E+07  3.793116E+17  9.427669E+19  0.000000E+00  9.427669E+19  5.000000E-01 -1.689338E-10 -1.781552E+18 -1.889705E-02
    197  5.3913986111267131E-01  2.6875204315650091E+09  1.4191684114919530E+07  3.803127E+17  9.214991E+19  0.000000E+00  9.214991E+19  5.000000E-01 -1.689338E-10 -1.647509E+18 -1.787857E-02
    198  5.3916137918696416E-01  2.7030738926753359E+09  1.4247027798534848E+07  3.822627E+17  8.925807E+19  0.000000E+00  8.925807E+19  5.000000E-01 -1.689342E-10 -1.485807E+18 -1.664619E-02
    199  5.3920441533554986E-01  2.7341808148959899E+09  1.4357715165765483E+07  3.860336E+17  8.635361E+19  0.000000E+00  8.635361E+19  5.000000E-01 -1.689353E-10 -1.200695E+18 -1.390439E-02
    200  5.3928467063799634E-01  2.7921900822919030E+09  1.4564128806995742E+07  3.930729E+17  8.766598E+19  0.000000E+00  8.766598E+19  5.000000E-01 -1.689342E-10 -4.822308E+17 -5.500774E-03
    201  5.3929735614801799E-01  2.8013592850793452E+09  1.4596755465105683E+07  3.942289E+17  9.175640E+19  0.000000E+00  9.175640E+19  5.000000E-01 -1.689338E-10 -7.924099E+17 -8.636018E-03
    202  5.3931235616941076E-01  2.8122014378766322E+09  1.4635334960040322E+07  3.956196E+17  9.362740E+19  0.000000E+00  9.362740E+19  5.000000E-01 -1.689338E-10 -7.509010E+17 -8.020099E-03
    203  5.3934235621219617E-01  2.8321759451740184E+09  1.4708499994598724E+07  3.984811E+17  9.596912E+19  0.000000E+00  9.596912E+19  5.000000E-01 -1.689335E-10 -6.236862E+17 -6.498822E-03
    204  5.3939321670732798E-01  2.8596039834942799E+09  1.4817506875314370E+07  4.033792E+17  9.627540E+19  0.000000E+00  9.627540E+19  5.000000E-01 -1.689333E-10 -5.082378E+17 -5.279000E-03
    205  5.3949244123992390E-01  2.9131137709097939E+09  1.5030170097737156E+07  4.128200E+17  9.193463E+19  0.000000E+00  9.193463E+19  5.000000E-01 -1.689342E-10 -2.532909E+17 -2.755120E-03
    206  5.3950937582896519E-01  2.9222462529267001E+09  1.5066465197161723E+07  4.143747E+17  9.095457E+19  0.000000E+00  9.095457E+19  5.000000E-01 -1.689349E-10 -3.185591E+17 -3.502398E-03
    207  5.3953246563074375E-01  2.9346981169195380E+09  1.5115952471355591E+07  4.164451E+17  8.823273E+19  0.000000E+00  8.823273E+19  5.000000E-01 -1.689349E-10 -2.962674E+17 -3.357795E-03
    208  5.3957864523430077E-01  2.9596018449051542E+09  1.5214927019743090E+07  4.203625E+17  8.107825E+19  0.000000E+00  8.107825E+19  5.000000E-01 -1.689340E-10 -2.452984E+17 -3.025453E-03
    209  5.3965814381863475E-01  3.0024738266243253E+09  1.5385312555257412E+07  4.261611E+17  6.370696E+19  0.000000E+00  6.370696E+19  5.000000E-01 -1.689346E-10 -2.586804E+17 -4.060473E-03
    210  5.3973370822948419E-01  3.0432241880011668E+09  1.5547266163818743E+07  4.303176E+17  4.492890E+19  0.000000E+00  4.492890E+19  5.000000E-01 -1.689358E-10 -2.202798E+17 -4.902853E-03
    211  5.3980491449387435E-01  3.0816242889690127E+09  1.5699879164310966E+07  4.330013E+17  2.933993E+19  0.000000E+00  2.933993E+19  5.000000E-01 -1.689349E-10 -1.922962E+17 -6.554080E-03
    212  5.3987403687568192E-01  3.1189005941267223E+09  1.5848025878355943E+07  4.346348E+17  1.781934E+19  0.000000E+00  1.781934E+19  5.000000E-01 -1.689344E-10 -1.958933E+17 -1.099330E-02
    213  5.3994203875729341E-01  3.1555726361478643E+09  1.5993771077612309E+07  4.355782E+17  1.069912E+19  0.000000E+00  1.069912E+19  5.000000E-01 -1.689355E-10 -2.096632E+17 -1.959631E-02
    214  5.4001643120756071E-01  3.1956909828407483E+09  1.6153212878786605E+07  4.361987E+17  6.569696E+18  0.000000E+00  6.569696E+18  5.000000E-01 -1.829568E-09 -1.173407E+17 -1.786090E-02
    215  5.4014090857526553E-01  3.2628191144596987E+09  1.6419999301884374E+07  4.370358E+17  8.451947E+18  0.000000E+00  8.451947E+18  5.000000E-01 -3.186087E-09 -4.883865E+17 -5.778390E-02
    216  5.4026113641342854E-01  3.3212447580250773E+09  1.6632380542680861E+07  4.381695E+17  1.905198E+19  0.000000E+00  1.905198E+19  5.000000E-01 -3.186087E-09 -1.777715E+18 -9.330872E-02
    217  5.4037938479336234E-01  3.3754862472629566E+09  1.6818497559865262E+07  4.398881E+17  2.197609E+19  0.000000E+00  2.197609E+19  5.000000E-01 -3.186087E-09 -1.368446E+18 -6.226979E-02
    218  5.4049618745630768E-01  3.4290645744134197E+09  1.7002339091045246E+07  4.424522E+17  2.779593E+19  0.000000E+00  2.779593E+19  5.000000E-01 -3.186085E-09 -1.065653E+18 -3.833846E-02
    219  5.4061130776882427E-01  3.4818711938015766E+09  1.7183532687058318E+07  4.461615E+17  3.749973E+19  0.000000E+00  3.749973E+19  5.000000E-01 -3.186085E-09 -2.572125E+16 -6.859050E-04
    220  5.4062820931672839E-01  3.4896240706634698E+09  1.7210134875464417E+07  4.468323E+17  4.073373E+19  0.000000E+00  4.073373E+19  5.000000E-01 -3.186085E-09 -9.203951E+17 -2.259540E-02
    221  5.4064948986404771E-01  3.4993856300103545E+09  1.7243629389244139E+07  4.477308E+17  4.360351E+19  0.000000E+00  4.360351E+19  5.000000E-01 -3.186084E-09 -9.938676E+17 -2.279329E-02
    222  5.4068835129709436E-01  3.5172116839786954E+09  1.7304795335079543E+07  4.495397E+17  4.895379E+19  0.000000E+00  4.895379E+19  5.000000E-01 -3.186085E-09 -1.029911E+18 -2.103844E-02
    223  5.4076002372034804E-01  3.5500884047992568E+09  1.7417604133287355E+07  4.535292E+17  6.084876E+19  0.000000E+00  6.084876E+19  5.000000E-01 -3.186083E-09 -1.077858E+18 -1.771373E-02
    224  5.4077183436078180E-01  3.5555060411875024E+09  1.7436193488759287E+07  4.542782E+17  6.456667E+19  0.000000E+00  6.456667E+19  5.000000E-01 -3.186083E-09 -1.515898E+18 -2.347802E-02
    225  5.4078747300547769E-01  3.5626796141230655E+09  1.7460807930878796E+07  4.553137E+17  6.780273E+19  0.000000E+00  6.780273E+19  5.000000E-01 -3.186082E-09 -1.596046E+18 -2.353955E-02
    226  5.4081709031187419E-01  3.5762653123547049E+09  1.7507424085168939E+07  4.574181E+17  7.407065E+19  0.000000E+00  7.407065E+19  5.000000E-01 -3.186083E-09 -1.700760E+18 -2.296133E-02
    227  5.4087632492466731E-01  3.6034367088180346E+09  1.7600656393749401E+07  4.622426E+17  8.749422E+19  0.000000E+00  8.749422E+19  5.000000E-01 -3.186080E-09 -1.782783E+18 -2.037601E-02
    228  5.4097838723452196E-01  3.6502535166649919E+09  1.7761297348726831E+07  4.727884E+17  1.291314E+20  0.000000E+00  1.291314E+20  5.000000E-01 -3.186080E-09 -5.079674E+18 -3.933725E-02
    229  5.4106754179308780E-01  3.6879849725741105E+09  1.7891626369311437E+07  4.846685E+17  1.489826E+20  0.000000E+00  1.489826E+20  5.000000E-01 -3.186078E-09 -4.011223E+18 -2.692410E-02
    230  5.4114511001368892E-01  3.7169857176113105E+09  1.7992928859101120E+07  4.968643E+17  1.652317E+20  0.000000E+00  1.652317E+20  5.000000E-01 -3.186078E-09 -3.337898E+18 -2.020131E-02
    231  5.4115766712217728E-01  3.7216804946585741E+09  1.8009328182749018E+07  4.989972E+17  1.715569E+20  0.000000E+00  1.715569E+20  5.000000E-01 -3.186077E-09 -4.272190E+18 -2.490247E-02
    232  5.4117330556725640E-01  3.7275273035063639E+09  1.8029751668174848E+07  5.017154E+17  1.759941E+20  0.000000E+00  1.759941E+20  5.000000E-01 -3.186077E-09 -4.397752E+18 -2.498806E-02
    233  5.4120458245741465E-01  3.7392209212019439E+09  1.8070598639026508E+07  5.073576E+17  1.845951E+20  0.000000E+00  1.845951E+20  5.000000E-01 -3.186077E-09 -4.595758E+18 -2.489642E-02
    234  5.4126528439212940E-01  3.7619157995720387E+09  1.8149874108722739E+07  5.190783E+17  1.998532E+20  0.000000E+00  1.998532E+20  5.000000E-01 -3.186076E-09 -4.702435E+18 -2.352944E-02
    235  5.4136851861249380E-01  3.8005123959706788E+09  1.8284695862700935E+07  5.411851E+17  2.202359E+20  0.000000E+00  2.202359E+20  5.000000E-01 -3.186076E-09 -3.781327E+18 -1.716944E-02
    236  5.4138372987838435E-01  3.8061994936037836E+09  1.8304561460952688E+07  5.446479E+17  2.290071E+20  0.000000E+00  2.290071E+20  5.000000E-01 -3.186076E-09 -5.958373E+18 -2.601829E-02
    237  5.4140369091005502E-01  3.8136624054209523E+09  1.8330630154953144E+07  5.492609E+17  2.329302E+20  0.000000E+00  2.329302E+20  5.000000E-01 -3.186076E-09 -6.104468E+18 -2.620728E-02
    238  5.4144361297339627E-01  3.8285882290552478E+09  1.8382767542953912E+07  5.586953E+17  2.391913E+20  0.000000E+00  2.391913E+20  5.000000E-01 -3.186077E-09 -6.284413E+18 -2.627358E-02
    239  5.4151796024904886E-01  3.8563847463493409E+09  1.8479863545341495E+07  5.768082E+17  2.405600E+20  0.000000E+00  2.405600E+20  5.000000E-01 -3.186075E-09 -5.826583E+18 -2.422091E-02
    240  5.4152940881095468E-01  3.8606650665926113E+09  1.8494815130108863E+07  5.796366E+17  2.472062E+20  0.000000E+00  2.472062E+20  5.000000E-01 -3.186075E-09 -6.839680E+18 -2.766792E-02
    241  5.4154535170679552E-01  3.8666257016806884E+09  1.8515636221924793E+07  5.835841E+17  2.478461E+20  0.000000E+00  2.478461E+20  5.000000E-01 -3.186075E-09 -6.918527E+18 -2.791461E-02
    242  5.4157723749847730E-01  3.8785469718568840E+09  1.8557278405556802E+07  5.914940E+17  2.482737E+20  0.000000E+00  2.482737E+20  5.000000E-01 -3.186075E-09 -7.000705E+18 -2.819753E-02
    243  5.4164012084717716E-01  3.9020574243153443E+09  1.8639402756743953E+07  6.070692E+17  2.404036E+20  0.000000E+00  2.404036E+20  5.000000E-01 -3.186075E-09 -6.573787E+18 -2.734480E-02
    244  5.4164984843787045E-01  3.9056943180759082E+09  1.8652106788746342E+07  6.094708E+17  2.466535E+20  0.000000E+00  2.466535E+20  5.000000E-01 -3.186076E-09 -7.314186E+18 -2.965369E-02
    245  5.4166273476379145E-01  3.9105121809791064E+09  1.8668936063543703E+07  6.126486E+17  2.464256E+20  0.000000E+00  2.464256E+20  5.000000E-01 -3.186075E-09 -7.350713E+18 -2.982934E-02
    246  5.4168780745578182E-01  3.9198862099586811E+09  1.8701680480067261E+07  6.188198E+17  2.458138E+20  0.000000E+00  2.458138E+20  5.000000E-01 -3.186077E-09 -7.365793E+18 -2.996493E-02
    247  5.4173795283976245E-01  3.9386342679177885E+09  1.8767169313114230E+07  6.311125E+17  2.413069E+20  0.000000E+00  2.413069E+20  5.000000E-01 -3.186076E-09 -7.018817E+18 -2.908668E-02
    248  5.4174615685775751E-01  3.9417015373782916E+09  1.8777883590723522E+07  6.331158E+17  2.439667E+20  0.000000E+00  2.439667E+20  5.000000E-01 -3.186077E-09 -7.470558E+18 -3.062121E-02
    249  5.4175679098682350E-01  3.9456773623146572E+09  1.8791771543067679E+07  6.357082E+17  2.434979E+20  0.000000E+00  2.434979E+20  5.000000E-01 -3.186077E-09 -7.472719E+18 -3.068905E-02
    250  5.4177739302050076E-01  3.9533799281501498E+09  1.8818677372414596E+07  6.407138E+17  2.422601E+20  0.000000E+00  2.422601E+20  5.000000E-01 -3.186077E-09 -7.437938E+18 -3.070228E-02
    251  5.4181789079048359E-01  3.9685209935599990E+09  1.8871566621367294E+07  6.504669E+17  2.373692E+20  0.000000E+00  2.373692E+20  5.000000E-01 -3.186077E-09 -7.135628E+18 -3.006130E-02
    252  5.4188414280049968E-01  3.9935183798748527E+09  1.8953052120668594E+07  6.660381E+17  2.209301E+20  0.000000E+00  2.209301E+20  5.000000E-01 -3.186076E-09 -5.425756E+18 -2.455870E-02
    253  5.4189446470416103E-01  3.9978496432427564E+09  1.8956074549833287E+07  6.684109E+17  2.291026E+20  0.000000E+00  2.291026E+20  5.000000E-01 -3.186076E-09 -7.164380E+18 -3.127150E-02
    254  5.4190730790871711E-01  4.0032388915098701E+09  1.8959835258835420E+07  6.713459E+17  2.276228E+20  0.000000E+00  2.276228E+20  5.000000E-01 -3.186076E-09 -7.141810E+18 -3.137564E-02
    255  5.4193043465827995E-01  4.0129433071377068E+09  1.8966607164934967E+07  6.765745E+17  2.240074E+20  0.000000E+00  2.240074E+20  5.000000E-01 -3.186076E-09 -6.985286E+18 -3.118328E-02
    256  5.4197062425155218E-01  4.0298076103536730E+09  1.8978375362237364E+07  6.854478E+17  2.135472E+20  0.000000E+00  2.135472E+20  5.000000E-01 -3.186076E-09 -6.298756E+18 -2.949585E-02
    257  5.4203521023380330E-01  4.0569090935860605E+09  1.8997287237681132E+07  6.989621E+17  2.015281E+20  0.000000E+00  2.015281E+20  5.000000E-01 -3.186075E-09 -5.874097E+18 -2.914777E-02
    258  5.4209597953208588E-01  4.0824090250115175E+09  1.9015081523064252E+07  7.105962E+17  1.768449E+20  0.000000E+00  1.768449E+20  5.000000E-01 -3.186075E-09 -4.787425E+18 -2.707133E-02
    259  5.4215436841158438E-01  4.1069100883000441E+09  1.9032178781291019E+07  7.205781E+17  1.524984E+20  0.000000E+00  1.524984E+20  5.000000E-01 -3.186075E-09 -3.854161E+18 -2.527345E-02
    260  5.4221194666500716E-01  4.1310709977621083E+09  1.9049038674398594E+07  7.291355E+17  1.275690E+20  0.000000E+00  1.275690E+20  5.000000E-01 -3.186075E-09 -2.860076E+18 -2.241984E-02
    261  5.4226876454334583E-01  4.1549128396513910E+09  1.9065675916733038E+07  7.362609E+17  1.023259E+20  0.000000E+00  1.023259E+20  5.000000E-01 -3.186076E-09 -1.824397E+18 -1.782927E-02
    262  5.4232443424202603E-01  4.1782728839326324E+09  1.9081976952511031E+07  7.419707E+17  8.405305E+19  0.000000E+00  8.405305E+19  5.000000E-01 -3.186075E-09  1.237312E+18  1.472061E-02
    263  5.4233259606757755E-01  4.1816977382217603E+09  1.9084366874020994E+07  7.427049E+17  8.819821E+19  0.000000E+00  8.819821E+19  5.000000E-01 -3.186074E-09 -2.939667E+18 -3.333024E-02
    264  5.4234328490453731E-01  4.1861829736481152E+09  1.9087496747504003E+07  7.436274E+17  8.417625E+19  0.000000E+00  8.417625E+19  5.000000E-01 -3.186075E-09 -2.829236E+18 -3.361086E-02
    265  5.4236370467769901E-01  4.1947514914698172E+09  1.9093476004815944E+07  7.452699E+17  7.627827E+19  0.000000E+00  7.627827E+19  5.000000E-01 -3.186073E-09 -2.411921E+18 -3.162002E-02
    266  5.4240193449598417E-01  4.2107934365346780E+09  1.9104670346628938E+07  7.479374E+17  5.832076E+19  0.000000E+00  5.832076E+19  5.000000E-01 -3.186073E-09 -6.554004E+17 -1.123786E-02
    267  5.4246450600578922E-01  4.2370496095415869E+09  1.9122992350235861E+07  7.512495E+17  3.579506E+19  0.000000E+00  3.579506E+19  5.000000E-01 -3.186074E-09  3.214243E+18  8.979570E-02
    268  5.4252444074660711E-01  4.2621993450832400E+09  1.9140542262981560E+07  7.533592E+17  1.382791E+19  0.000000E+00  1.382791E+19  5.000000E-01 -3.186073E-09  3.683698E+18  2.663958E-01
    269  5.4258104689602882E-01  4.2859523415684171E+09  1.9157117507483572E+07  7.545770E+17  5.290656E+18  0.000000E+00  5.290656E+18  5.000000E-01 -3.186072E-09  4.313839E+18  8.153693E-01
    270  5.4263348419322577E-01  4.3079560098754082E+09  1.9172472041062403E+07  7.551854E+17  2.386233E+18  0.000000E+00  2.386233E+18  5.000000E-01 -3.186071E-09  4.529358E+18  1.898121E+00
    271  5.4267839265559648E-01  4.3268004386122789E+09  1.9185622003594890E+07  7.554113E+17 -4.437346E+18  0.000000E+00 -4.437346E+18  5.000000E-01 -3.186071E-09  3.697505E+18 -8.332694E-01
    272  5.4271791804646741E-01  4.3433860301076155E+09  1.9197195711123422E+07  7.554472E+17 -5.052579E+18  0.000000E+00 -5.052579E+18  5.000000E-01 -3.186071E-09  3.834285E+18 -7.588769E-01
    273  5.4272385255748778E-01  4.3458762616610479E+09  1.9198933437009521E+07  7.554424E+17 -1.174530E+18  0.000000E+00 -1.174530E+18  5.000000E-01 -3.186072E-09  4.316810E+17 -3.675352E-01
    274  5.4273104064969591E-01  4.3489956597397137E+09  1.9200180802981224E+07  7.554326E+17 -2.989489E+18  0.000000E+00 -2.989489E+18  5.000000E-01 -3.186070E-09  5.648283E+17 -1.889381E-01
    275  5.4274513957473336E-01  4.3554933485226536E+09  1.9199474929069526E+07  7.554003E+17 -3.572379E+18  0.000000E+00 -3.572379E+18  5.000000E-01 -3.186071E-09  6.885055E+17 -1.927303E-01
    276  5.4277030700048323E-01  4.3670921122266960E+09  1.9198214901853677E+07  7.553166E+17 -8.498351E+18  0.000000E+00 -8.498351E+18  5.000000E-01 -3.186070E-09  1.810104E+18 -2.129947E-01
    277  5.4281099541139610E-01  4.3858439412123728E+09  1.9196177804153278E+07  7.551253E+17 -1.496378E+19  0.000000E+00 -1.496378E+19  5.000000E-01 -3.186072E-09  6.681194E+18 -4.464910E-01
    278  5.4281707028405624E-01  4.3886436320992088E+09  1.9195873660814956E+07  7.550921E+17 -5.859334E+18  0.000000E+00 -5.859334E+18  5.000000E-01 -3.186072E-09  7.189324E+17 -1.226987E-01
    279  5.4282416812011491E-01  4.3919147701199512E+09  1.9195518301999297E+07  7.550519E+17 -5.884049E+18  0.000000E+00 -5.884049E+18  5.000000E-01 -3.186072E-09  6.978428E+17 -1.185991E-01
    280  5.4283758997414522E-01  4.3981004211640768E+09  1.9194846326186854E+07  7.549726E+17 -7.303151E+18  0.000000E+00 -7.303151E+18  5.000000E-01 -3.186072E-09  8.954430E+17 -1.226105E-01
    281  5.4286183332061499E-01  4.4092733098771620E+09  1.9193632563736185E+07  7.548195E+17 -2.233128E+19  0.000000E+00 -2.233128E+19  5.000000E-01 -3.186073E-09  2.009168E+18 -8.997102E-02
    282  5.4290258442324124E-01  4.4280540312246113E+09  1.9191592327325225E+07  7.545403E+17 -2.742592E+19  0.000000E+00 -2.742592E+19  5.000000E-01 -3.186071E-09  8.045812E+18 -2.933653E-01
    283  5.4296312085787690E-01  4.4559531023414803E+09  1.9188561522508331E+07  7.540943E+17  1.541452E+20  0.000000E+00  1.541452E+20  5.000000E-01 -3.186071E-09  1.968352E+19  1.276947E-01
    284  5.4301863629714020E-01  4.4815381768079996E+09  1.9185782097823940E+07  7.536716E+17  5.571446E+19  0.000000E+00  5.571446E+19  5.000000E-01 -3.186072E-09  1.513943E+19  2.717325E-01
    285  5.4307030489621932E-01  4.5053503806302624E+09  1.9183195268257357E+07  7.532787E+17  3.363533E+19  0.000000E+00  3.363533E+19  5.000000E-01 -3.186072E-09  1.489123E+19  4.427257E-01
    286  5.4311938729635467E-01  4.5279706981333351E+09  1.9180737918800779E+07  7.529141E+17  1.060075E+19  0.000000E+00  1.060075E+19  5.000000E-01 -3.186073E-09  1.416540E+19  1.336264E+00
    287  5.4316685934667053E-01  4.5498488631722355E+09  1.9178361192790549E+07  7.525750E+17 -1.249498E+20  0.000000E+00 -1.249498E+20  5.000000E-01 -3.186071E-09  1.939791E+19 -1.552456E-01
    288  5.4323668982725493E-01  4.5820312266641483E+09  1.9174865074160587E+07  7.521072E+17  3.922762E+20  0.000000E+00  3.922762E+20  5.000000E-01 -3.186070E-09  4.417710E+19  1.126173E-01
    289  5.4330147578660115E-01  4.6118887512780962E+09  1.9171621513504341E+07  7.517112E+17  1.945072E+20  0.000000E+00  1.945072E+20  5.000000E-01 -3.186071E-09  2.637293E+19  1.355885E-01
    290  5.4336024046415488E-01  4.6389712831136503E+09  1.9168679413116947E+07  7.513823E+17  1.335173E+20  0.000000E+00  1.335173E+20  5.000000E-01 -3.186071E-09  2.496282E+19  1.869631E-01
    291  5.4341452249947764E-01  4.6639879259495325E+09  1.9165961739783239E+07  7.511039E+17  8.615566E+19  0.000000E+00  8.615566E+19  5.000000E-01 -3.186071E-09  2.466245E+19  2.862546E-01
    292  5.4346544850242451E-01  4.6874578938533859E+09  1.9163412088883486E+07  7.508653E+17  6.637192E+19  0.000000E+00  6.637192E+19  5.000000E-01 -3.186071E-09  2.480375E+19  3.737084E-01
    293  5.4351377816603130E-01  4.7097313020931568E+09  1.9160992425780762E+07  7.506609E+17  6.012214E+19  0.000000E+00  6.012214E+19  5.000000E-01 -3.186071E-09  2.506922E+19  4.169715E-01
    294  5.4356036406874297E-01  4.7312010734898157E+09  1.9158660065456148E+07  7.504864E+17  7.018221E+19  0.000000E+00  7.018221E+19  5.000000E-01 -3.186069E-09  2.579932E+19  3.676049E-01
    295  5.4360541595120104E-01  4.7497559688905392E+09  1.9146444565578282E+07  7.503956E+17  5.163471E+19  0.000000E+00  5.163471E+19  5.000000E-01 -3.186069E-09  2.396237E+19  4.640750E-01
    296  5.4364939045082084E-01  4.7671123453453903E+09  1.9131116288827721E+07  7.503489E+17 -2.824624E+20  0.000000E+00 -2.824624E+20  5.000000E-01 -3.186069E-09  1.949398E+19 -6.901440E-02
    297  5.4365616805814232E-01  4.7697874116941137E+09  1.9128753805078533E+07  7.503435E+17 -3.435248E+18  0.000000E+00 -3.435248E+18  5.000000E-01 -3.186068E-09  9.900017E+17 -2.881893E-01
    298  5.4366439738991446E-01  4.7730354618469067E+09  1.9125885290917687E+07  7.503378E+17 -3.815922E+18  0.000000E+00 -3.815922E+18  5.000000E-01 -3.186069E-09  1.037001E+18 -2.717562E-01
    299  5.4368085605345862E-01  4.7795315621524487E+09  1.9120148262596034E+07  7.503287E+17 -3.325865E+19  0.000000E+00 -3.325865E+19  5.000000E-01 -3.186068E-09  2.035598E+18 -6.120506E-02
    300  5.4369635735507482E-01  4.7856497995108547E+09  1.9114744943781231E+07  7.503230E+17 -4.373112E+19  0.000000E+00 -4.373112E+19  4.999999E-01 -3.186069E-09  1.935802E+18 -4.426600E-02
    301  5.4372735995830723E-01  4.7978862742276688E+09  1.9103938306151625E+07  7.503197E+17 -1.472072E+20  0.000000E+00 -1.472072E+20  4.999999E-01 -3.186069E-09  8.994701E+18 -6.110232E-02
    302  5.4377951339544262E-01  4.8184708106331425E+09  1.9085759081264108E+07  7.503395E+17  6.471091E+20  0.000000E+00  6.471091E+20  4.999999E-01 -3.186068E-09  3.123313E+19  4.826564E-02
    303  5.4382371064882784E-01  4.8359151061829920E+09  1.9070353158800840E+07  7.503834E+17 -4.340570E+20  0.000000E+00 -4.340570E+20  4.999999E-01 -3.186068E-09  2.519289E+19 -5.804052E-02
    304  5.4383022805549053E-01  4.8384874734532280E+09  1.9068081373700716E+07  7.503913E+17 -2.721976E+18  0.000000E+00 -2.721976E+18  4.999999E-01 -3.186068E-09  1.297239E+18 -4.765798E-01
    305  5.4383813985527585E-01  4.8416101963198147E+09  1.9065323542281304E+07  7.504022E+17 -4.752799E+18  0.000000E+00 -4.752799E+18  4.999999E-01 -3.186068E-09  1.448388E+18 -3.047442E-01
    306  5.4385396345484638E-01  4.8478556420529442E+09  1.9059807879442513E+07  7.504262E+17 -5.498928E+19  0.000000E+00 -5.498928E+19  4.999999E-01 -3.186068E-09  2.956626E+18 -5.376731E-02
    307  5.4386924991225449E-01  4.8538890821541452E+09  1.9054479449290648E+07  7.504522E+17 -7.594945E+19  0.000000E+00 -7.594945E+19  4.999999E-01 -3.186068E-09  3.133479E+18 -4.125742E-02
    308  5.4389982282707072E-01  4.8659559623565464E+09  1.9043822588986918E+07  7.505125E+17 -2.472947E+20  0.000000E+00 -2.472947E+20  4.999999E-01 -3.186069E-09  1.288242E+19 -5.209340E-02
    309  5.4390485182373904E-01  4.8679408663377228E+09  1.9042069621849686E+07  7.505233E+17  1.457272E+17  0.000000E+00  1.457272E+17  4.999999E-01 -3.186069E-09  1.340216E+18  9.196746E+00
    310  5.4391114564317555E-01  4.8704249855527992E+09  1.9039875772983298E+07  7.505375E+17 -1.680844E+18  0.000000E+00 -1.680844E+18  4.999999E-01 -3.186069E-09  1.501635E+18 -8.933816E-01
    311  5.4392373328204857E-01  4.8753932239829531E+09  1.9035488075250521E+07  7.505673E+17 -3.376041E+19  0.000000E+00 -3.376041E+19  4.999999E-01 -3.186067E-09  2.654115E+18 -7.861621E-02
    312  5.4393584562494135E-01  4.8801738669650211E+09  1.9031266052360814E+07  7.505976E+17 -4.901294E+19  0.000000E+00 -4.901294E+19  4.999999E-01 -3.186069E-09  2.947280E+18 -6.013269E-02
    313  5.4396007031072680E-01  4.8897351529291124E+09  1.9022822006581433E+07  7.506635E+17 -3.918982E+20  0.000000E+00 -3.918982E+20  4.999999E-01 -3.186067E-09  9.936410E+18 -2.535457E-02
    314  5.4396491524788393E-01  4.8916474101219482E+09  1.9021133197425544E+07  7.506771E+17 -9.182997E+18  0.000000E+00 -9.182997E+18  4.999999E-01 -3.186068E-09  1.998208E+18 -2.175987E-01
    315  5.4396927585325727E-01  4.8933685055087109E+09  1.9019613212740317E+07  7.506898E+17 -4.443094E+18  0.000000E+00 -4.443094E+18  4.999999E-01 -3.186068E-09  1.918804E+18 -4.318621E-01
    316  5.4397799706400385E-01  4.8968106962821913E+09  1.9016573243369900E+07  7.507160E+17 -2.332741E+19  0.000000E+00 -2.332741E+19  4.999999E-01 -3.186068E-09  2.578187E+18 -1.105218E-01
    317  5.4399543948549711E-01  4.9036950778291960E+09  1.9010493304629032E+07  7.507708E+17 -1.655411E+20  0.000000E+00 -1.655411E+20  4.999999E-01 -3.186068E-09  5.671042E+18 -3.425761E-02
    318  5.4403032432848353E-01  4.9174638409231615E+09  1.8998333427147333E+07  7.508898E+17 -4.712235E+20  0.000000E+00 -4.712235E+20  4.999999E-01 -3.186069E-09  2.465010E+19 -5.231085E-02
    319  5.4403569818346975E-01  4.9195848576706200E+09  1.8996460252076361E+07  7.509087E+17 -3.886804E+17  0.000000E+00 -3.886804E+17  4.999999E-01 -3.186069E-09  1.793085E+18 -4.613263E+00
    320  5.4404215356144991E-01  4.9221327427256136E+09  1.8994210088434592E+07  7.509324E+17 -4.001895E+18  0.000000E+00 -4.001895E+18  4.999999E-01 -3.186069E-09  2.076933E+18 -5.189875E-01
    321  5.4405506431741024E-01  4.9272285128355999E+09  1.8989709761151053E+07  7.509809E+17 -5.742357E+19  0.000000E+00 -5.742357E+19  4.999999E-01 -3.186068E-09  3.897919E+18 -6.788013E-02
    322  5.4406762144301557E-01  4.9321847079277849E+09  1.8985332699487265E+07  7.510295E+17 -8.018078E+19  0.000000E+00 -8.018078E+19  4.999999E-01 -3.186068E-09  4.340455E+18 -5.413336E-02
    323  5.4409273569422623E-01  4.9420970981121559E+09  1.8976578576159690E+07  7.511308E+17 -6.522734E+20  0.000000E+00 -6.522734E+20  4.999999E-01 -3.186067E-09  1.797834E+19 -2.756259E-02
    324  5.4409775854446840E-01  4.9440795761490479E+09  1.8974827751494158E+07  7.511513E+17 -1.553237E+19  0.000000E+00 -1.553237E+19  4.999999E-01 -3.186068E-09  2.754969E+18 -1.773695E-01
    325  5.4410255557881138E-01  4.9459729264917088E+09  1.8973155639915247E+07  7.511713E+17 -8.500333E+18  0.000000E+00 -8.500333E+18  4.999999E-01 -3.186068E-09  2.671134E+18 -3.142388E-01
    326  5.4411214964749732E-01  4.9497596271770325E+09  1.8969811416757427E+07  7.512120E+17 -4.300322E+19  0.000000E+00 -4.300322E+19  4.999999E-01 -3.186067E-09  3.735064E+18 -8.685545E-02
    327  5.4413133778486933E-01  4.9573330285477219E+09  1.8963122970441744E+07  7.512951E+17 -3.238035E+20  0.000000E+00 -3.238035E+20  4.999999E-01 -3.186069E-09  1.067233E+19 -3.295929E-02
    328  5.4416971405961323E-01  4.9724798312890577E+09  1.8949746077810422E+07  7.514677E+17 -7.476518E+20  0.000000E+00 -7.476518E+20  4.999999E-01 -3.186067E-09  4.500224E+19 -6.019143E-02
    329  5.4417539789625824E-01  4.9747231952698107E+09  1.8947764851830523E+07  7.514930E+17 -2.654213E+18  0.000000E+00 -2.654213E+18  4.999999E-01 -3.186067E-09  2.552616E+18 -9.617224E-01
    330  5.4418221874593364E-01  4.9774153290230503E+09  1.8945387295010034E+07  7.515245E+17 -1.010388E+19  0.000000E+00 -1.010388E+19  4.999999E-01 -3.186068E-09  2.986806E+18 -2.956098E-01
    331  5.4418922230052269E-01  4.9801795749160242E+09  1.8942946052382905E+07  7.515569E+17 -2.426302E+19  0.000000E+00 -2.426302E+19  4.999999E-01 -3.186068E-09  3.702507E+18 -1.525988E-01
    332  5.4420322940970089E-01  4.9857080667020159E+09  1.8938063567128602E+07  7.516222E+17 -1.529440E+20  0.000000E+00 -1.529440E+20  4.999999E-01 -3.186068E-09  7.145292E+18 -4.671835E-02
    333  5.4423124362805730E-01  4.9967650502739992E+09  1.8928298596620001E+07  7.517534E+17 -1.020249E+21  0.000000E+00 -1.020249E+21  4.999999E-01 -3.186069E-09  3.442780E+19 -3.374452E-02
    334  5.4423604645026036E-01  4.9986606850378428E+09  1.8926624467555460E+07  7.517753E+17 -1.011872E+19  0.000000E+00 -1.011872E+19  4.999999E-01 -3.186070E-09  3.032769E+18 -2.997186E-01
    335  5.4424129009328082E-01  5.0007303081840944E+09  1.8924796680722326E+07  7.517992E+17  2.227183E+21  0.000000E+00  2.227183E+21  4.999999E-01 -3.186068E-09 -5.185436E+20 -2.328249E-01
    336  5.4425010489743963E-01  5.0042094395142746E+09  1.8921724087314405E+07  7.518406E+17  2.977805E+18  0.000000E+00  2.977805E+18  4.999999E-01 -3.186068E-09 -7.746999E+16 -2.601580E-02
    337  5.4426773450575727E-01  5.0111677021746368E+09  1.8915578900498562E+07  7.519221E+17 -1.598806E+20  0.000000E+00 -1.598806E+20  4.999999E-01 -3.186068E-09  1.027442E+19 -6.426310E-02
    338  5.4428669356018489E-01  5.0186506863749981E+09  1.8908970306069791E+07  7.520084E+17 -4.354111E+20  0.000000E+00 -4.354111E+20  4.999999E-01 -3.186067E-09  1.428233E+19 -3.280195E-02
    339  5.4432461166904023E-01  5.0336166547757635E+09  1.8895753117212202E+07  7.521736E+17 -1.162524E+21  0.000000E+00 -1.162524E+21  4.999999E-01 -3.186069E-09  6.363714E+19 -5.474048E-02
    340  5.4433030371821545E-01  5.0358632601752300E+09  1.8893769028574698E+07  7.521962E+17 -8.231760E+18  0.000000E+00 -8.231760E+18  4.999999E-01 -3.186069E-09  3.589856E+18 -4.360982E-01
    341  5.4433720109454053E-01  5.0385855983731413E+09  1.8891364796711281E+07  7.522243E+17 -1.871436E+19  0.000000E+00 -1.871436E+19  4.999999E-01 -3.186069E-09  4.175953E+18 -2.231416E-01
    342  5.4434421657549725E-01  5.0413545515061941E+09  1.8888919396887004E+07  7.522523E+17 -3.502858E+19  0.000000E+00 -3.502858E+19  4.999999E-01 -3.186069E-09  4.956086E+18 -1.414869E-01
    343  5.4435824753741058E-01  5.0468924577722549E+09  1.8884028597238492E+07  7.523062E+17 -2.042131E+20  0.000000E+00 -2.042131E+20  4.999999E-01 -3.186068E-09  9.282917E+18 -4.545701E-02
    344  5.4438630946123734E-01  5.0579682703044205E+09  1.8874246997941423E+07  7.524045E+17 -1.371120E+21  0.000000E+00 -1.371120E+21  4.999999E-01 -3.186069E-09  4.678673E+19 -3.412300E-02
    345  5.4439131494592052E-01  5.0599438942967682E+09  1.8872502226422522E+07  7.524198E+17 -1.998665E+19  0.000000E+00 -1.998665E+19  4.999999E-01 -3.186068E-09  4.292765E+18 -2.147816E-01
    346  5.4439672208826628E-01  5.0620780492936277E+09  1.8870617448311977E+07  7.524365E+17 -2.507544E+19  0.000000E+00 -2.507544E+19  4.999999E-01 -3.186069E-09  5.060810E+18 -2.018234E-01
    347  5.4440753637295769E-01  5.0655897372916269E+09  1.8866068121819317E+07  7.525337E+17 -1.397569E+21  0.000000E+00 -1.397569E+21  4.999999E-01 -3.186069E-09  5.070948E+19 -3.628407E-02
    348  5.4442355527139863E-01  5.0637580197875853E+09  1.8852080664191581E+07  7.532831E+17  7.755384E+19  0.000000E+00  7.755384E+19  4.999999E-01 -3.186068E-09 -1.452783E+18 -1.873258E-02
    349  5.4444372430898547E-01  5.0614517451505575E+09  1.8834469368403781E+07  7.542028E+17  1.256432E+20  0.000000E+00  1.256432E+20  4.999999E-01 -3.186068E-09 -2.847822E+18 -2.266595E-02
    350  5.4448406238415914E-01  5.0568391958765011E+09  1.8799246776828177E+07  7.559649E+17  4.681165E+20  0.000000E+00  4.681165E+20  4.999999E-01 -3.186069E-09 -6.078733E+18 -1.298551E-02
    351  5.4456473853450660E-01  5.0476140973283758E+09  1.8728801593676876E+07  7.592181E+17  1.595104E+21  0.000000E+00  1.595104E+21  4.999999E-01 -3.186069E-09 -2.035921E+19 -1.276357E-02
    352  5.4470932206678613E-01  5.0310813633299103E+09  1.8602553460018698E+07  7.643289E+17 -4.546864E+21  0.000000E+00 -4.546864E+21  4.999998E-01 -3.186067E-09 -4.734816E+19  1.041337E-02
    353  5.4482999325477555E-01  5.0172829409172468E+09  1.8497185220428824E+07  7.680534E+17  7.644626E+20  0.000000E+00  7.644626E+20  4.999998E-01 -3.186063E-09 -1.999321E+19 -2.615329E-02
    354  5.4485084232943548E-01  5.0148989058889666E+09  1.8478980126647964E+07  7.686580E+17  5.625417E+19  0.000000E+00  5.625417E+19  4.999998E-01 -3.186064E-09 -2.700846E+18 -4.801148E-02
    355  5.4487749102956651E-01  5.0118516994490290E+09  1.8455710888423420E+07  7.694143E+17  4.460033E+19  0.000000E+00  4.460033E+19  4.999998E-01 -3.186065E-09 -3.577982E+18 -8.022322E-02
    356  5.4493078842982867E-01  5.0057572865691404E+09  1.8409172411974233E+07  7.708787E+17  8.007413E+19  0.000000E+00  8.007413E+19  4.999997E-01 -3.186065E-09 -6.929598E+18 -8.653978E-02
    357  5.4494144790988108E-01  5.0045384039931660E+09  1.8399864716684412E+07  7.711644E+17  3.244989E+19  0.000000E+00  3.244989E+19  4.999997E-01 -3.186064E-09 -2.076772E+18 -6.399937E-02
    358  5.4495419688126867E-01  5.0030805937613783E+09  1.8388732509451900E+07  7.715029E+17  3.581555E+19  0.000000E+00  3.581555E+19  4.999997E-01 -3.186064E-09 -2.545628E+18 -7.107606E-02
    359  5.4497969482404396E-01  5.0001649732977905E+09  1.8366468094986774E+07  7.721703E+17  4.055585E+19  0.000000E+00  4.055585E+19  4.999997E-01 -3.186066E-09 -3.518974E+18 -8.676860E-02
    360  5.4498479441259906E-01  4.9995818492050686E+09  1.8362015212093711E+07  7.723028E+17 -5.971612E+20  0.000000E+00 -5.971612E+20  4.999997E-01 -3.186066E-09  1.449638E+20 -2.427549E-01
    361  5.4498962021647224E-01  4.9990300316466913E+09  1.8357801393806227E+07  7.724270E+17  2.804597E+19  0.000000E+00  2.804597E+19  4.999997E-01 -3.186066E-09 -1.821697E+18 -6.495396E-02
    362  5.4499927182421859E-01  4.9979263965299377E+09  1.8349373757231250E+07  7.726745E+17  3.031367E+19  0.000000E+00  3.031367E+19  4.999997E-01 -3.186066E-09 -1.988397E+18 -6.559405E-02
    363  5.4501089860934160E-01  4.9965969052478714E+09  1.8339221425917428E+07  7.729704E+17  3.405319E+19  0.000000E+00  3.405319E+19  4.999997E-01 -3.186065E-09 -2.431223E+18 -7.139485E-02
    364  5.4503415217958762E-01  4.9939379226837378E+09  1.8318916763289783E+07  7.735549E+17  3.770020E+19  0.000000E+00  3.770020E+19  4.999997E-01 -3.186065E-09 -3.149755E+18 -8.354743E-02
    365  5.4508065932007954E-01  4.9886199575554848E+09  1.8278307438034590E+07  7.746963E+17  5.162990E+19  0.000000E+00  5.162990E+19  4.999997E-01 -3.186066E-09 -5.244593E+18 -1.015805E-01
    366  5.4517367360106350E-01  4.9779840272989645E+09  1.8197088787524104E+07  7.768770E+17  1.031973E+20  0.000000E+00  1.031973E+20  4.999997E-01 -3.186068E-09 -1.579675E+19 -1.530732E-01
    367  5.4519171813584089E-01  4.9759206837846851E+09  1.8181332575163968E+07  7.772863E+17  3.133163E+19  0.000000E+00  3.133163E+19  4.999997E-01 -3.186069E-09 -2.388792E+18 -7.624219E-02
    368  5.4521489113556310E-01  4.9732709142409925E+09  1.8161098265487991E+07  7.778047E+17  3.499181E+19  0.000000E+00  3.499181E+19  4.999997E-01 -3.186068E-09 -3.149698E+18 -9.001244E-02
    369  5.4521952573550758E-01  4.9727409603322496E+09  1.8157051403552756E+07  7.779076E+17  2.657642E+19  0.000000E+00  2.657642E+19  4.999997E-01 -3.186068E-09 -1.880492E+18 -7.075789E-02
    370  5.4522475628506961E-01  4.9721428612042818E+09  1.8152484167507257E+07  7.780233E+17  3.004205E+19  0.000000E+00  3.004205E+19  4.999997E-01 -3.186069E-09 -2.212836E+18 -7.365797E-02
    371  5.4523521738419367E-01  4.9730031109671917E+09  1.8144343264534313E+07  7.780242E+17  2.245259E+19  0.000000E+00  2.245259E+19  4.999997E-01 -3.186068E-09  6.224644E+18  2.772350E-01
    372  5.4525446426857116E-01  4.9780548806957359E+09  1.8131041258695174E+07  7.776308E+17 -4.826803E+19  0.000000E+00 -4.826803E+19  4.999997E-01 -3.186068E-09  4.268448E+18 -8.843220E-02
    373  5.4529295803732614E-01  4.9881584201528254E+09  1.8104437247016892E+07  7.768406E+17 -1.818395E+20  0.000000E+00 -1.818395E+20  4.999997E-01 -3.186067E-09  6.598427E+18 -3.628710E-02
    374  5.4530065679107709E-01  4.9901791280442314E+09  1.8099116444681264E+07  7.766813E+17 -2.962394E+19  0.000000E+00 -2.962394E+19  4.999997E-01 -3.186068E-09  3.547015E+18 -1.197347E-01
    375  5.4530880273068083E-01  4.9923172097354622E+09  1.8093486580956358E+07  7.765134E+17 -3.880484E+19  0.000000E+00 -3.880484E+19  4.999997E-01 -3.186067E-09  4.310105E+18 -1.110713E-01
    376  5.4532509460988832E-01  4.9965933731179237E+09  1.8082226853506546E+07  7.761766E+17 -4.975503E+19  0.000000E+00 -4.975503E+19  4.999997E-01 -3.186068E-09  3.993381E+18 -8.026086E-02
    377  5.4532835298572979E-01  4.9974486057944098E+09  1.8079974908016600E+07  7.761089E+17 -2.989284E+19  0.000000E+00 -2.989284E+19  4.999997E-01 -3.186068E-09  3.725221E+18 -1.246191E-01
    378  5.4533154170171561E-01  4.9982855547038603E+09  1.8077771106204797E+07  7.760430E+17 -3.890860E+19  0.000000E+00 -3.890860E+19  4.999997E-01 -3.186067E-09  4.531970E+18 -1.164773E-01
    379  5.4533791913368723E-01  4.9999594525227613E+09  1.8073363502581194E+07  7.759107E+17 -3.692474E+19  0.000000E+00 -3.692474E+19  4.999997E-01 -3.186067E-09  4.265052E+18 -1.155066E-01
    380  5.4535067399763060E-01  5.0033072481605921E+09  1.8064548295333911E+07  7.756455E+17 -6.349289E+20  0.000000E+00 -6.349289E+20  4.999997E-01 -3.186067E-09  1.454943E+20 -2.291505E-01
    381  5.4537098291716579E-01  5.0086377724633904E+09  1.8050512290287826E+07  7.752222E+17 -5.280580E+19  0.000000E+00 -5.280580E+19  4.999996E-01 -3.186068E-09  6.960870E+18 -1.318202E-01
    382  5.4539444256136560E-01  5.0147952740146351E+09  1.8034298740187477E+07  7.747313E+17 -6.940441E+19  0.000000E+00 -6.940441E+19  4.999996E-01 -3.186068E-09  2.496957E+18 -3.597692E-02
    383  5.4544136184976511E-01  5.0271102771170950E+09  1.8001871639986858E+07  7.737412E+17 -3.484209E+20  0.000000E+00 -3.484209E+20  4.999996E-01 -3.186068E-09  7.427026E+18 -2.131625E-02
    384  5.4553330711432169E-01  5.0512433417243328E+09  1.7938325955291860E+07  7.717562E+17 -3.283553E+21  0.000000E+00 -3.283553E+21  4.999996E-01 -3.186068E-09  5.542833E+20 -1.688059E-01
    385  5.4562084055534321E-01  5.0742184258426266E+09  1.7877829392796256E+07  7.698025E+17 -2.976192E+21  0.000000E+00 -2.976192E+21  4.999995E-01 -3.186061E-09  4.712766E+20 -1.583488E-01
    386  5.4570512459009146E-01  5.0963406315456343E+09  1.7819578576696433E+07  7.678354E+17 -3.033157E+21  0.000000E+00 -3.033157E+21  4.999995E-01 -3.186051E-09  4.666735E+20 -1.538573E-01
    387  5.4578676216909450E-01  5.1177682165111036E+09  1.7763156792718668E+07  7.658280E+17 -3.306659E+21  0.000000E+00 -3.306659E+21  4.999995E-01 -3.186051E-09  3.573516E+20 -1.080703E-01
    388  5.4579869721486085E-01  5.1209008327688169E+09  1.7754908182431377E+07  7.655213E+17 -5.491476E+19  0.000000E+00 -5.491476E+19  4.999995E-01 -3.186050E-09  6.949699E+18 -1.265543E-01
    389  5.4581261177819840E-01  5.1245530171159496E+09  1.7745291477767132E+07  7.651632E+17 -5.795064E+19  0.000000E+00 -5.795064E+19  4.999995E-01 -3.186049E-09  5.557301E+18 -9.589715E-02
    390  5.4584044090487349E-01  5.1318573858102150E+09  1.7726058068438645E+07  7.644342E+17 -1.167435E+20  0.000000E+00 -1.167435E+20  4.999994E-01 -3.186050E-09  6.434853E+18 -5.511958E-02
    391  5.4589549062224074E-01  5.1463063994950523E+09  1.7688011824303742E+07  7.629406E+17 -9.165116E+20  0.000000E+00 -9.165116E+20  4.999994E-01 -3.186050E-09  5.710180E+19 -6.230341E-02
    392  5.4599100209192319E-01  5.1713754933705759E+09  1.7622001445558656E+07  7.601497E+17 -6.104160E+21  0.000000E+00 -6.104160E+21  4.999994E-01 -3.186048E-09  9.577542E+20 -1.569019E-01
    393  5.4599974947049124E-01  5.1736714359962730E+09  1.7615955912239749E+07  7.598843E+17 -8.695197E+19  0.000000E+00 -8.695197E+19  4.999994E-01 -3.186047E-09  1.251807E+19 -1.439654E-01
    394  5.4600994239399625E-01  5.1763467938047419E+09  1.7608911326460440E+07  7.595683E+17 -6.157308E+19  0.000000E+00 -6.157308E+19  4.999994E-01 -3.186047E-09  6.969550E+18 -1.131915E-01
    395  5.4603032824100628E-01  5.1816975094216785E+09  1.7594822154901825E+07  7.589256E+17 -7.231113E+19  0.000000E+00 -7.231113E+19  4.999994E-01 -3.186047E-09  6.101324E+18 -8.437600E-02
    396  5.4607070696188498E-01  5.1799397511826038E+09  1.7556414063075263E+07  7.597189E+17  9.034855E+20  0.000000E+00  9.034855E+20  4.999993E-01 -3.186044E-09  6.774998E+19  7.498735E-02
    397  5.4610988297803775E-01  5.1734594963700838E+09  1.7515091855783828E+07  7.612544E+17  2.080450E+20  0.000000E+00  2.080450E+20  4.999993E-01 -3.186045E-09 -1.622411E+19 -7.798364E-02
    398  5.4618505007541884E-01  5.1610258190240393E+09  1.7435806857345905E+07  7.640830E+17  6.832911E+20  0.000000E+00  6.832911E+20  4.999993E-01 -3.186046E-09 -5.951713E+19 -8.710362E-02
    399  5.4631227419128714E-01  5.1399811909559593E+09  1.7301612985567886E+07  7.685885E+17  2.806443E+21  0.000000E+00  2.806443E+21  4.999992E-01 -3.186025E-09 -2.789067E+20 -9.938087E-02
    400  5.4633149161856887E-01  5.1368023627376680E+09  1.7281342764352776E+07  7.692454E+17  4.989060E+19  0.000000E+00  4.989060E+19  4.999992E-01 -3.186024E-09 -4.867413E+18 -9.756173E-02
    401  5.4635631836317045E-01  5.1326956758668995E+09  1.7255155928948242E+07  7.700831E+17  7.931690E+19  0.000000E+00  7.931690E+19  4.999992E-01 -3.186024E-09 -1.066908E+19 -1.345121E-01
    402  5.4640597185237361E-01  5.1244823021253624E+09  1.7202782258139182E+07  7.717310E+17  1.582178E+20  0.000000E+00  1.582178E+20  4.999992E-01 -3.186026E-09 -3.393655E+19 -2.144926E-01
    403  5.4650237672381963E-01  5.1085356032649612E+09  1.7101096010454848E+07  7.748353E+17  5.310536E+20  0.000000E+00  5.310536E+20  4.999991E-01 -3.186025E-09 -1.495136E+20 -2.815414E-01
    404  5.4667636088537619E-01  5.0797562170243454E+09  1.6917580423744094E+07  7.801892E+17  4.152956E+21  0.000000E+00  4.152956E+21  4.999990E-01 -3.186014E-09 -6.219389E+20 -1.497581E-01
    405  5.4683822417744865E-01  5.0529817902083931E+09  1.6746849727651650E+07  7.849059E+17  3.302915E+21  0.000000E+00  3.302915E+21  4.999989E-01 -3.186016E-09 -5.209838E+20 -1.577346E-01
    406  5.4699528548206733E-01  5.0568753943620138E+09  1.6618590483794833E+07  7.843861E+17 -1.203325E+19  0.000000E+00 -1.203325E+19  4.999988E-01 -3.185980E-09  1.257788E+19 -1.045260E+00
    407  5.4714816536956856E-01  5.0616503101139174E+09  1.6494979195968779E+07  7.836747E+17  4.060410E+19  0.000000E+00  4.060410E+19  4.999987E-01 -3.185979E-09 -4.137287E+18 -1.018934E-01
    408  5.4745392514457092E-01  5.0712001416177216E+09  1.6247756620316761E+07  7.821100E+17  3.198283E+20  0.000000E+00  3.198283E+20  4.999986E-01 -3.185968E-09 -4.939237E+19 -1.544340E-01
    409  5.4751507709957137E-01  5.0731101079184818E+09  1.6198312105186375E+07  7.817732E+17 -1.948818E+18  0.000000E+00 -1.948818E+18  4.999985E-01 -3.185967E-09  3.946127E+16 -2.024882E-02
    410  5.4757433744419337E-01  5.0749609933267841E+09  1.6150397054780006E+07  7.814411E+17 -8.764725E+18  0.000000E+00 -8.764725E+18  4.999985E-01 -3.185967E-09  1.144418E+18 -1.305709E-01
    411  5.4769285813343738E-01  5.0724596443238392E+09  1.6049196686796028E+07  7.818750E+17  1.119835E+21  0.000000E+00  1.119835E+21  4.999984E-01 -3.185982E-09 -2.664928E+20 -2.379750E-01
    412  5.4788570556008509E-01  5.0580857053133221E+09  1.5875611007992029E+07  7.843814E+17  5.313304E+20  0.000000E+00  5.313304E+20  4.999983E-01 -3.185981E-09 -1.090112E+20 -2.051665E-01
    413  5.4821993894679966E-01  5.0331735226649628E+09  1.5574761106490402E+07  7.885331E+17  2.590762E+21  0.000000E+00  2.590762E+21  4.999981E-01 -3.185965E-09 -4.240547E+20 -1.636795E-01
    414  5.4826915447786584E-01  5.0295052287488203E+09  1.5530461260149030E+07  7.891296E+17  1.248660E+19  0.000000E+00  1.248660E+19  4.999981E-01 -3.185965E-09 -1.007937E+18 -8.072144E-02
    415  5.4833555452747007E-01  5.0245560817474966E+09  1.5470693298068700E+07  7.899240E+17  6.327859E+19  0.000000E+00  6.327859E+19  4.999980E-01 -3.185964E-09 -1.034236E+19 -1.634417E-01
    416  5.4846835462667853E-01  5.0165067959639673E+09  1.5365216909758030E+07  7.912104E+17  4.968768E+20  0.000000E+00  4.968768E+20  4.999979E-01 -3.185962E-09 -8.537247E+19 -1.718182E-01
    417  5.4868616287812400E-01  5.0077035602506323E+09  1.5225668799075529E+07  7.926153E+17  1.464927E+20  0.000000E+00  1.464927E+20  4.999978E-01 -3.185961E-09 -2.871680E+19 -1.960288E-01
    418  5.4892222724420803E-01  4.9981624604788599E+09  1.5074424132870873E+07  7.940957E+17  6.022150E+20  0.000000E+00  6.022150E+20  4.999977E-01 -3.185960E-09 -1.388979E+20 -2.306450E-01
    419  5.4931458540543565E-01  4.9804529745026960E+09  1.4818868550036905E+07  7.967829E+17  1.134259E+21  0.000000E+00  1.134259E+21  4.999976E-01 -3.185957E-09 -2.006670E+20 -1.769146E-01
    420  5.4988803890194937E-01  4.9491904314770622E+09  1.4433230507177090E+07  8.014373E+17  1.563208E+21  0.000000E+00  1.563208E+21  4.999974E-01 -3.185990E-09 -1.435273E+20 -9.181589E-02
    421  5.5042409388017310E-01  4.9301429897374649E+09  1.4184319500683138E+07  8.042312E+17  2.914283E+20  0.000000E+00  2.914283E+20  4.999973E-01 -3.185965E-09 -1.026593E+20 -3.522627E-01
    422  5.5094490853235889E-01  4.9129758863484812E+09  1.3966952519051189E+07  8.067240E+17  7.570381E+20  0.000000E+00  7.570381E+20  4.999972E-01 -3.185966E-09 -1.211124E+20 -1.599819E-01
    423  5.5180626428523616E-01  4.8860526572745981E+09  1.3639043615416830E+07  8.105615E+17  7.002934E+20  0.000000E+00  7.002934E+20  4.999970E-01 -3.185937E-09 -4.352270E+19 -6.214924E-02
    424  5.5255714839886860E-01  4.8701845152255039E+09  1.3462256959544698E+07  8.128920E+17  1.785600E+21  0.000000E+00  1.785600E+21  4.999969E-01 -3.185870E-09 -2.360561E+20 -1.321999E-01
    425  5.5371529275727904E-01  4.8493412771934748E+09  1.3224341519007195E+07  8.159099E+17  8.326613E+20  0.000000E+00  8.326613E+20  4.999966E-01 -3.185845E-09 -1.236441E+20 -1.484926E-01
    426  5.5390676853942800E-01  4.8456432019985294E+09  1.3175928316984560E+07  8.164085E+17  7.732414E+18  0.000000E+00  7.732414E+18  4.999966E-01 -3.185846E-09 -8.924790E+17 -1.154205E-01
    427  5.5415803566749833E-01  4.8407903442470493E+09  1.3112397325773085E+07  8.170516E+17  3.084364E+19  0.000000E+00  3.084364E+19  4.999965E-01 -3.185844E-09 -4.534212E+18 -1.470064E-01
    428  5.5466056992363899E-01  4.8311479623497820E+09  1.3028611591248251E+07  8.184677E+17  1.825410E+20  0.000000E+00  1.825410E+20  4.999964E-01 -3.185846E-09 -2.896605E+19 -1.586825E-01
    429  5.5566563843592032E-01  4.8076747383344231E+09  1.2771025349440414E+07  8.215609E+17  1.601842E+21  0.000000E+00  1.601842E+21  4.999963E-01 -3.185831E-09 -2.222533E+20 -1.387486E-01
    430  5.5582343198751138E-01  4.8041739239353104E+09  1.2731907715887534E+07  8.220200E+17 -2.494024E+18  0.000000E+00 -2.494024E+18  4.999962E-01 -3.185831E-09  5.935760E+17 -2.379993E-01
    431  5.5604038517185084E-01  4.7993605914257717E+09  1.2678124179884015E+07  8.226367E+17  2.811388E+19  0.000000E+00  2.811388E+19  4.999962E-01 -3.185831E-09 -3.864180E+18 -1.374474E-01
    432  5.5647429154052974E-01  4.7887920447678547E+09  1.2573698293530103E+07  8.240124E+17  3.524811E+20  0.000000E+00  3.524811E+20  4.999961E-01 -3.185833E-09 -4.991149E+19 -1.416005E-01
    433  5.5722671833653770E-01  4.7707279499259863E+09  1.2390416350804964E+07  8.262983E+17  8.751166E+20  0.000000E+00  8.751166E+20  4.999960E-01 -3.185828E-09 -1.235875E+20 -1.412240E-01
    434  5.5844869084858162E-01  4.7374764515466604E+09  1.2060317843693137E+07  8.303615E+17  4.642951E+20  0.000000E+00  4.642951E+20  4.999958E-01 -3.185829E-09 -5.267802E+19 -1.134581E-01
    435  5.5856457502484624E-01  4.7341177064557924E+09  1.2028684294143515E+07  8.307601E+17  5.907067E+18  0.000000E+00  5.907067E+18  4.999958E-01 -3.185830E-09 -6.107703E+17 -1.033965E-01
    436  5.5870592199748670E-01  4.7300209568755808E+09  1.1990100023133978E+07  8.312494E+17  1.855541E+19  0.000000E+00  1.855541E+19  4.999957E-01 -3.185830E-09 -2.276879E+18 -1.227070E-01
    437  5.5898861594276761E-01  4.7232254604541025E+09  1.1917876858344853E+07  8.320337E+17  1.976452E+19  0.000000E+00  1.976452E+19  4.999957E-01 -3.185831E-09 -2.733849E+18 -1.383210E-01
    438  5.5955400383332932E-01  4.7089399395736341E+09  1.1773281522169977E+07  8.336750E+17  4.456796E+20  0.000000E+00  4.456796E+20  4.999956E-01 -3.185827E-09 -5.826398E+19 -1.307307E-01
    439  5.6055640943828844E-01  4.6827569947753973E+09  1.1518555331040498E+07  8.366380E+17  1.306403E+20  0.000000E+00  1.306403E+20  4.999954E-01 -3.185783E-09 -1.397820E+19 -1.069976E-01
    440  5.6152972766537701E-01  4.6589043005964298E+09  1.1296279421395322E+07  8.392706E+17  4.832124E+20  0.000000E+00  4.832124E+20  4.999953E-01 -3.185788E-09 -6.152171E+19 -1.273181E-01
    441  5.6251961658497240E-01  4.6355967073955746E+09  1.1093553359269166E+07  8.418077E+17  5.707112E+20  0.000000E+00  5.707112E+20  4.999952E-01 -3.185795E-09 -7.303566E+19 -1.279731E-01
    442  5.6261779862682060E-01  4.6331903136721411E+09  1.1070650993955094E+07  8.420587E+17  5.041110E+17  0.000000E+00  5.041110E+17  4.999951E-01 -3.185795E-09  8.293968E+16  1.645266E-01
    443  5.6274828730931759E-01  4.6299921000209579E+09  1.1040212642708348E+07  8.423901E+17  7.843155E+18  0.000000E+00  7.843155E+18  4.999951E-01 -3.185794E-09 -8.595478E+17 -1.095921E-01
    444  5.6300926467431156E-01  4.6209394034062233E+09  1.0970114080692757E+07  8.433644E+17 -1.920600E+20  0.000000E+00 -1.920600E+20  4.999951E-01 -3.185795E-09  2.396344E+19 -1.247706E-01
    445  5.6341972054827971E-01  4.6039611902945337E+09  1.0846973914462423E+07  8.451754E+17  3.195827E+20  0.000000E+00  3.195827E+20  4.999950E-01 -3.185795E-09 -3.885613E+19 -1.215840E-01
    446  5.6408710023282560E-01  4.5788673489763403E+09  1.0638827096168786E+07  8.477015E+17  7.454141E+19  0.000000E+00  7.454141E+19  4.999950E-01 -3.185791E-09 -1.233345E+19 -1.654577E-01
    447  5.6471963872447972E-01  4.5528483403721285E+09  1.0438385335751886E+07  8.502600E+17  5.381755E+20  0.000000E+00  5.381755E+20  4.999949E-01 -3.185796E-09 -6.787276E+19 -1.261164E-01
    448  5.6536832263240444E-01  4.5236442308573923E+09  1.0219789984813372E+07  8.530408E+17  3.103397E+19  0.000000E+00  3.103397E+19  4.999948E-01 -3.185789E-09 -1.362463E+19 -4.390232E-01
    449  5.6598732854313394E-01  4.4986161159314575E+09  1.0019072911943408E+07  8.552887E+17  9.111997E+18  0.000000E+00  9.111997E+18  4.999947E-01 -3.185794E-09 -4.422755E+18 -4.853771E-01
    450  5.6659397645869547E-01  4.4726279861057739E+09  9.8366063286900092E+06  8.576052E+17 -1.267438E+20  0.000000E+00 -1.267438E+20  4.999947E-01 -3.185797E-09  9.372041E+18 -7.394477E-02
    451  5.6718836172338816E-01  4.4514184778463984E+09  9.6669476132581811E+06  8.593689E+17  3.344816E+20  0.000000E+00  3.344816E+20  4.999946E-01 -3.185795E-09 -3.858897E+19 -1.153695E-01
    452  5.6728108454291482E-01  4.4485051981542501E+09  9.6418608474105597E+06  8.596051E+17  7.945300E+17  0.000000E+00  7.945300E+17  4.999946E-01 -3.185796E-09  1.690685E+15  2.127906E-03
    453  5.6738419737216728E-01  4.4450274534650154E+09  9.6137498467500042E+06  8.598871E+17  1.481326E+19  0.000000E+00  1.481326E+19  4.999946E-01 -3.185797E-09 -1.738436E+18 -1.173567E-01
    454  5.6757530802717970E-01  4.4362123989300785E+09  9.5584746717154197E+06  8.606346E+17  4.043911E+19  0.000000E+00  4.043911E+19  4.999946E-01 -3.185796E-09 -4.360739E+18 -1.078347E-01
    455  5.6795752933720445E-01  4.4180700370906219E+09  9.4431437485469878E+06  8.621371E+17  2.534187E+20  0.000000E+00  2.534187E+20  4.999945E-01 -3.185797E-09 -2.792234E+19 -1.101827E-01
    456  5.6861003843965763E-01  4.3913109466419744E+09  9.2561027752274238E+06  8.642349E+17  4.753755E+20  0.000000E+00  4.753755E+20  4.999945E-01 -3.185798E-09 -5.531103E+19 -1.163523E-01
    457  5.6957233261712026E-01  4.3567663825816746E+09  9.0243656488421466E+06  8.668434E+17 -2.747019E+20  0.000000E+00 -2.747019E+20  4.999944E-01 -3.185795E-09  1.557073E+19 -5.668227E-02
    458  5.7038584549722648E-01  4.3306228553476906E+09  8.8383839050358441E+06  8.686869E+17 -4.655750E+19  0.000000E+00 -4.655750E+19  4.999943E-01 -3.185797E-09 -1.180201E+18  2.534931E-02
    459  5.7108197954246265E-01  4.3070018461320229E+09  8.6962575350991413E+06  8.703395E+17  1.638780E+20  0.000000E+00  1.638780E+20  4.999943E-01 -3.185795E-09 -1.983092E+19 -1.210102E-01
    460  5.7213040826085637E-01  4.2740416332027993E+09  8.4852745895236097E+06  8.725136E+17 -3.925097E+19  0.000000E+00 -3.925097E+19  4.999942E-01 -3.185797E-09 -7.697561E+18  1.961114E-01
    461  5.7312601582321765E-01  4.2437899679946461E+09  8.2867666329279607E+06  8.743917E+17 -1.768311E+20  0.000000E+00 -1.768311E+20  4.999941E-01 -3.185795E-09  1.114626E+19 -6.303340E-02
    462  5.7402766154316942E-01  4.2253278990545001E+09  8.1739384527951824E+06  8.754997E+17  8.732858E+19  0.000000E+00  8.732858E+19  4.999941E-01 -3.185795E-09 -9.032776E+18 -1.034344E-01
    463  5.7547113964679975E-01  4.2030512851591449E+09  8.0138000312138377E+06  8.767513E+17 -3.126649E+18  0.000000E+00 -3.126649E+18  4.999940E-01 -3.185794E-09 -4.595526E+18  1.469793E+00
    464  5.7677761647860393E-01  4.1811854177198935E+09  7.8913542624409935E+06  8.779885E+17  7.270340E+19  0.000000E+00  7.270340E+19  4.999939E-01 -3.185792E-09 -6.152233E+18 -8.462097E-02
    465  5.7697448327907463E-01  4.1777454961131082E+09  7.8666909488236215E+06  8.781712E+17  7.597550E+17  0.000000E+00  7.597550E+17  4.999939E-01 -3.185791E-09 -6.885153E+16 -9.062334E-02
    466  5.7720332424781862E-01  4.1734035685434170E+09  7.8448571305219075E+06  8.784137E+17  3.051245E+18  0.000000E+00  3.051245E+18  4.999939E-01 -3.185791E-09 -2.899384E+17 -9.502299E-02
    467  5.7758439909101700E-01  4.1649197038520708E+09  7.8051926838731738E+06  8.788876E+17  8.849444E+18  0.000000E+00  8.849444E+18  4.999939E-01 -3.185791E-09 -8.083734E+17 -9.134737E-02
    468  5.7826762849829372E-01  4.1499712685238485E+09  7.7141747119394913E+06  8.796673E+17  3.869644E+19  0.000000E+00  3.869644E+19  4.999938E-01 -3.185790E-09 -3.972397E+18 -1.026554E-01
    469  5.7950447193129206E-01  4.1195413625484657E+09  7.5479612029691627E+06  8.812209E+17  1.891233E+18  0.000000E+00  1.891233E+18  4.999938E-01 -3.185790E-09 -6.795342E+18 -3.593076E+00
    470  5.8057910349149078E-01  4.0893972750211091E+09  7.3840778115255525E+06  8.826671E+17  2.783874E+19  0.000000E+00  2.783874E+19  4.999937E-01 -3.185791E-09 -3.592640E+18 -1.290518E-01
    471  5.8074718745529497E-01  4.0847849363002524E+09  7.3549479952994175E+06  8.828754E+17  9.797603E+17  0.000000E+00  9.797603E+17  4.999937E-01 -3.185791E-09 -5.182748E+16 -5.289813E-02
    472  5.8092058640600375E-01  4.0793673810120082E+09  7.3255032194629991E+06  8.831237E+17  4.240146E+18  0.000000E+00  4.240146E+18  4.999937E-01 -3.185791E-09 -4.203372E+17 -9.913272E-02
    473  5.8123572226107056E-01  4.0688588428565092E+09  7.2701442425632086E+06  8.836011E+17  9.916612E+18  0.000000E+00  9.916612E+18  4.999937E-01 -3.185792E-09 -1.016663E+18 -1.025212E-01
    474  5.8176715340287688E-01  4.0516013117860246E+09  7.1679140275145732E+06  8.843475E+17  2.023164E+19  0.000000E+00  2.023164E+19  4.999937E-01 -3.185791E-09 -2.270469E+18 -1.122237E-01
    475  5.8262534196489579E-01  4.0213033479210215E+09  6.9975107517624348E+06  8.856073E+17  3.573088E+19  0.000000E+00  3.573088E+19  4.999936E-01 -3.185791E-09 -5.618508E+18 -1.572451E-01
    476  5.8275112312946808E-01  4.0166024001665826E+09  6.9724975434561493E+06  8.857981E+17  1.543901E+18  0.000000E+00  1.543901E+18  4.999936E-01 -3.185792E-09 -1.040512E+17 -6.739500E-02
    477  5.8289070915415353E-01  4.0114911697609105E+09  6.9447048931618510E+06  8.860026E+17  1.825303E+18  0.000000E+00  1.825303E+18  4.999936E-01 -3.185792E-09 -1.527841E+17 -8.370338E-02
    478  5.8315054346160122E-01  4.0024987862046371E+09  6.8944220047300318E+06  8.863551E+17  3.564695E+18  0.000000E+00  3.564695E+18  4.999936E-01 -3.185792E-09 -3.212910E+17 -9.013143E-02
    479  5.8362944623479529E-01  3.9834303623845639E+09  6.8009613919604681E+06  8.870970E+17  4.649605E+18  0.000000E+00  4.649605E+18  4.999936E-01 -3.185791E-09 -4.581731E+17 -9.854022E-02
    480  5.8434311901810398E-01  3.9564868032205253E+09  6.6597801500402279E+06  8.880860E+17 -2.523113E+19  0.000000E+00 -2.523113E+19  4.999936E-01 -3.185790E-09  1.392677E+18 -5.519678E-02
    481  5.8501724185326864E-01  3.9278679349991064E+09  6.5209991566083068E+06  8.890846E+17 -2.188903E+19  0.000000E+00 -2.188903E+19  4.999935E-01 -3.185789E-09  5.978066E+17 -2.731079E-02
    482  5.8558496658190740E-01  3.9060458291936922E+09  6.4087828411129322E+06  8.897978E+17  1.578418E+19  0.000000E+00  1.578418E+19  4.999935E-01 -3.185789E-09 -2.363347E+18 -1.497288E-01
    483  5.8649330641930986E-01  3.8677839640875344E+09  6.2207394959549000E+06  8.909776E+17 -5.977739E+19  0.000000E+00 -5.977739E+19  4.999935E-01 -3.185789E-09  6.332792E+18 -1.059396E-01
    484  5.8654596999999997E-01  3.8657952000000000E+09  6.2103819000000004E+06  8.910344E+17  1.544101E+18  0.000000E+00  1.544101E+18  4.999935E-01 -3.185789E-09 -1.267459E+17 -8.208394E-02
