                           time                     pos                     vel                    temp                     den                    pres                    ener                    entr                      cs
      1  1.0175522000000001E-04  0.0000000000000000E+00  0.0000000000000000E+00  9.868810E+07  7.888815E+06  5.933955E+23  1.382835E+17  7.701377E+07  3.318601E+08  1.371429E+01  2.022900E-26
      2  1.0175522001017553E-04  0.0000000000000000E+00  0.0000000000000000E+00  9.868810E+07  7.888815E+06  5.933955E+23  1.382835E+17  7.701377E+07  3.318601E+08  1.371429E+01  2.022900E-26
      3  1.0175522003052657E-04  0.0000000000000000E+00  0.0000000000000000E+00  9.868810E+07  7.888815E+06  5.933955E+23  1.382835E+17  7.701377E+07  3.318601E+08  1.371429E+01  2.022900E-26
      4  1.0175522007122866E-04  0.0000000000000000E+00  0.0000000000000000E+00  9.868810E+07  7.888815E+06  5.933955E+23  1.382835E+17  7.701377E+07  3.318601E+08  1.371429E+01  2.022900E-26
      5  1.0175522015263284E-04  0.0000000000000000E+00  0.0000000000000000E+00  9.868810E+07  7.888815E+06  5.933955E+23  1.382835E+17  7.701377E+07  3.318601E+08  1.371429E+01  2.022900E-26
      6  1.0175522031544119E-04  0.0000000000000000E+00  0.0000000000000000E+00  9.868810E+07  7.888815E+06  5.933955E+23  1.382835E+17  7.701377E+07  3.318601E+08  1.371429E+01  2.022900E-26
      7  1.0175522064105789E-04  0.0000000000000000E+00  0.0000000000000000E+00  9.868810E+07  7.888815E+06  5.933955E+23  1.382835E+17  7.701377E+07  3.318601E+08  1.371429E+01  2.022900E-26
      8  1.0175522129229130E-04  0.0000000000000000E+00  0.0000000000000000E+00  9.868810E+07  7.888815E+06  5.933955E+23  1.382835E+17  7.701377E+07  3.318601E+08  1.371429E+01  2.022900E-26
      9  1.0175522259475811E-04  0.0000000000000000E+00  0.0000000000000000E+00  9.868810E+07  7.888815E+06  5.933955E+23  1.382835E+17  7.701377E+07  3.318601E+08  1.371429E+01  2.022900E-26
     10  1.0175522519969174E-04  0.0000000000000000E+00  0.0000000000000000E+00  9.868810E+07  7.888815E+06  5.933955E+23  1.382835E+17  7.701377E+07  3.318601E+08  1.371429E+01  2.022900E-26
     11  1.0175523040955900E-04  0.0000000000000000E+00  0.0000000000000000E+00  9.868810E+07  7.888815E+06  5.933955E+23  1.382835E+17  7.701377E+07  3.318601E+08  1.371429E+01  2.022900E-26
     12  1.0175524082929354E-04  0.0000000000000000E+00  0.0000000000000000E+00  9.868810E+07  7.888815E+06  5.933955E+23  1.382835E+17  7.701377E+07  3.318601E+08  1.371429E+01  2.022900E-26
     13  1.0175526166876259E-04  0.0000000000000000E+00  0.0000000000000000E+00  9.868810E+07  7.888815E+06  5.933955E+23  1.382835E+17  7.701377E+07  3.318601E+08  1.371429E+01  2.022900E-26
     14  1.0175530334770070E-04  0.0000000000000000E+00  0.0000000000000000E+00  9.868810E+07  7.888815E+06  5.933955E+23  1.382835E+17  7.701377E+07  3.318601E+08  1.371429E+01  2.022900E-26
     15  1.0175538670557692E-04  0.0000000000000000E+00  0.0000000000000000E+00  9.868810E+07  7.888815E+06  5.933955E+23  1.382835E+17  7.701377E+07  3.318601E+08  1.371429E+01  2.022900E-26
     16  1.0175555342132937E-04  0.0000000000000000E+00  0.0000000000000000E+00  9.868810E+07  7.888815E+06  5.933955E+23  1.382835E+17  7.701377E+07  3.318601E+08  1.371429E+01  2.022901E-26
     17  1.0175588685283427E-04  0.0000000000000000E+00  0.0000000000000000E+00  9.868810E+07  7.888815E+06  5.933955E+23  1.382835E+17  7.701377E+07  3.318601E+08  1.371429E+01  2.022901E-26
     18  1.0175655371584406E-04  0.0000000000000000E+00  0.0000000000000000E+00  9.868810E+07  7.888815E+06  5.933955E+23  1.382835E+17  7.701377E+07  3.318601E+08  1.371429E+01  2.022902E-26
     19  1.0175788744186364E-04  0.0000000000000000E+00  0.0000000000000000E+00  9.868810E+07  7.888815E+06  5.933955E+23  1.382835E+17  7.701377E+07  3.318601E+08  1.371429E+01  2.022904E-26
     20  1.0176055489390281E-04  0.0000000000000000E+00  0.0000000000000000E+00  9.868810E+07  7.888815E+06  5.933955E+23  1.382835E+17  7.701377E+07  3.318601E+08  1.371429E+01  2.022908E-26
     21  1.0176588979798114E-04  0.0000000000000000E+00  0.0000000000000000E+00  9.868810E+07  7.888815E+06  5.933955E+23  1.382835E+17  7.701377E+07  3.318601E+08  1.371429E+01  2.022917E-26
     22  1.0177655960613782E-04  0.0000000000000000E+00  0.0000000000000000E+00  9.868810E+07  7.888815E+06  5.933955E+23  1.382835E+17  7.701377E+07  3.318601E+08  1.371429E+01  2.022934E-26
     23  1.0179789922245117E-04  0.0000000000000000E+00  0.0000000000000000E+00  9.868810E+07  7.888815E+06  5.933955E+23  1.382835E+17  7.701377E+07  3.318601E+08  1.371429E+01  2.022968E-26
     24  1.0184057845507785E-04  0.0000000000000000E+00  0.0000000000000000E+00  9.868810E+07  7.888815E+06  5.933955E+23  1.382835E+17  7.701377E+07  3.318601E+08  1.371429E+01  2.023036E-26
     25  1.0192593692033123E-04  0.0000000000000000E+00  0.0000000000000000E+00  9.868810E+07  7.888815E+06  5.933955E+23  1.382835E+17  7.701377E+07  3.318601E+08  1.371429E+01  2.023172E-26
     26  1.0209665385083798E-04  0.0000000000000000E+00  0.0000000000000000E+00  9.868810E+07  7.888815E+06  5.933955E+23  1.382835E+17  7.701377E+07  3.318601E+08  1.371429E+01  2.023443E-26
     27  1.0243808771185149E-04  0.0000000000000000E+00  0.0000000000000000E+00  9.868810E+07  7.888815E+06  5.933955E+23  1.382835E+17  7.701377E+07  3.318601E+08  1.371429E+01  2.023986E-26
     28  1.0312095543387850E-04  0.0000000000000000E+00  0.0000000000000000E+00  9.868810E+07  7.888815E+06  5.933955E+23  1.382835E+17  7.701377E+07  3.318601E+08  1.371429E+01  2.025073E-26
     29  1.0448669087793252E-04  0.0000000000000000E+00  0.0000000000000000E+00  9.868810E+07  7.888815E+06  5.933955E+23  1.382835E+17  7.701377E+07  3.318601E+08  1.371429E+01  2.027245E-26
     30  1.0721816176604055E-04  0.0000000000000000E+00  0.0000000000000000E+00  9.868810E+07  7.888814E+06  5.933954E+23  1.382835E+17  7.701377E+07  3.318601E+08  1.371429E+01  2.031591E-26
     31  1.1268110354225661E-04  0.0000000000000000E+00  0.0000000000000000E+00  9.868809E+07  7.888813E+06  5.933953E+23  1.382835E+17  7.701377E+07  3.318601E+08  1.371429E+01  2.040289E-26
     32  1.2360698709468874E-04  0.0000000000000000E+00  0.0000000000000000E+00  9.868807E+07  7.888811E+06  5.933950E+23  1.382835E+17  7.701377E+07  3.318601E+08  1.371429E+01  2.057730E-26
     33  1.4545875419955299E-04  0.0000000000000000E+00  0.0000000000000000E+00  9.868804E+07  7.888806E+06  5.933945E+23  1.382835E+17  7.701377E+07  3.318601E+08  1.371429E+01  2.092507E-26
     34  1.8916228840928150E-04  0.0000000000000000E+00  0.0000000000000000E+00  9.868798E+07  7.888798E+06  5.933936E+23  1.382835E+17  7.701377E+07  3.318600E+08  1.371429E+01  2.160249E-26
     35  2.7656935682873854E-04  0.0000000000000000E+00  0.0000000000000000E+00  9.868786E+07  7.888780E+06  5.933916E+23  1.382835E+17  7.701377E+07  3.318598E+08  1.371429E+01  2.285015E-26
     36  4.5138349366765263E-04  0.0000000000000000E+00  0.0000000000000000E+00  9.868763E+07  7.888744E+06  5.933877E+23  1.382835E+17  7.701377E+07  3.318595E+08  1.371429E+01  2.492205E-26
     37  8.0101176734548069E-04  0.0000000000000000E+00  0.0000000000000000E+00  9.868716E+07  7.888674E+06  5.933800E+23  1.382835E+17  7.701377E+07  3.318589E+08  1.371429E+01  2.789708E-26
     38  1.5002683147011370E-03  0.0000000000000000E+00  0.0000000000000000E+00  9.868627E+07  7.888536E+06  5.933648E+23  1.382835E+17  7.701377E+07  3.318576E+08  1.371429E+01  3.165292E-26
     39  2.8987814094124497E-03  0.0000000000000000E+00  0.0000000000000000E+00  9.868464E+07  7.888279E+06  5.933364E+23  1.382835E+17  7.701379E+07  3.318553E+08  1.371429E+01  3.602843E-26
     40  5.6958075988350742E-03  0.0000000000000000E+00  0.0000000000000000E+00  9.868216E+07  7.887896E+06  5.932942E+23  1.382835E+17  7.701380E+07  3.318518E+08  1.371429E+01  4.095237E-26
     41  1.1289859977680325E-02  0.0000000000000000E+00  0.0000000000000000E+00  9.868098E+07  7.887764E+06  5.932797E+23  1.382835E+17  7.701375E+07  3.318506E+08  1.371429E+01  4.648836E-26
     42  2.1289859754162907E-02  0.0000000000000000E+00  0.0000000000000000E+00  9.866448E+07  7.887147E+06  5.932109E+23  1.382835E+17  7.701155E+07  3.318448E+08  1.371429E+01  5.264084E-26
     43  3.1289859530645489E-02  0.0000000000000000E+00  0.0000000000000000E+00  9.888056E+07  7.880705E+06  5.925205E+23  1.382835E+17  7.705753E+07  3.317920E+08  1.371429E+01  5.879377E-26
     44  4.1289859307128071E-02  0.0000000000000000E+00  0.0000000000000000E+00  1.016609E+08  7.909066E+06  5.958378E+23  1.382835E+17  7.751119E+07  3.321036E+08  1.371429E+01  6.554065E-26
     45  5.1289859083610653E-02  0.0000000000000000E+00  0.0000000000000000E+00  1.019895E+08  7.859097E+06  5.903824E+23  1.382835E+17  7.762766E+07  3.316654E+08  1.371429E+01  7.241448E-26
     46  6.1289858860093235E-02  0.0000000000000000E+00  0.0000000000000000E+00  1.014838E+08  7.799893E+06  5.838721E+23  1.382835E+17  7.761109E+07  3.311239E+08  1.371429E+01  7.902306E-26
     47  7.1289858636575817E-02  0.0000000000000000E+00  0.0000000000000000E+00  1.023285E+08  7.986274E+06  6.043836E+23  1.382835E+17  7.753529E+07  3.328008E+08  1.371429E+01  8.586972E-26
     48  8.1289858413058400E-02  0.0000000000000000E+00  0.0000000000000000E+00  1.030895E+08  7.774589E+06  5.812295E+23  1.382835E+17  7.791905E+07  3.309305E+08  1.371429E+01  9.293097E-26
     49  9.1289858189540982E-02  0.0000000000000000E+00  0.0000000000000000E+00  1.018310E+08  7.667182E+06  5.694636E+23  1.382835E+17  7.783298E+07  3.299288E+08  1.371429E+01  9.947645E-26
     50  1.0128985796602356E-01  0.0000000000000000E+00  0.0000000000000000E+00  1.049512E+08  8.032491E+06  6.096844E+23  1.382835E+17  7.792807E+07  3.332627E+08  1.371429E+01  1.069700E-25
     51  1.1128985774250615E-01  0.0000000000000000E+00  0.0000000000000000E+00  1.057073E+08  8.021189E+06  6.084924E+23  1.382835E+17  7.806859E+07  3.331797E+08  1.371429E+01  1.145240E-25
     52  1.2128985751898873E-01  0.0000000000000000E+00  0.0000000000000000E+00  1.027300E+08  7.665882E+06  5.693876E+23  1.382835E+17  7.799009E+07  3.299363E+08  1.371429E+01  1.213820E-25
     53  1.3128985729547132E-01  0.0000000000000000E+00  0.0000000000000000E+00  1.093537E+08  7.889070E+06  5.942173E+23  1.382835E+17  7.883035E+07  3.320909E+08  1.371429E+01  1.302476E-25
     54  1.4128985707195391E-01  0.0000000000000000E+00  0.0000000000000000E+00  1.106575E+08  8.053411E+06  6.124341E+23  1.382835E+17  7.884619E+07  3.335679E+08  1.371429E+01  1.386989E-25
     55  1.5128985684843649E-01  0.0000000000000000E+00  0.0000000000000000E+00  1.087267E+08  7.634896E+06  5.664677E+23  1.382835E+17  7.903964E+07  3.297830E+08  1.371429E+01  1.466210E-25
     56  1.6128985662491907E-01  0.0000000000000000E+00  0.0000000000000000E+00  1.133977E+08  7.780602E+06  5.826488E+23  1.382835E+17  7.961592E+07  3.312078E+08  1.371429E+01  1.549979E-25
     57  1.7128985640140165E-01  0.0000000000000000E+00  0.0000000000000000E+00  1.158122E+08  7.931546E+06  5.993750E+23  1.382835E+17  7.981247E+07  3.326077E+08  1.371429E+01  1.642478E-25
     58  1.8128985617788423E-01  0.0000000000000000E+00  0.0000000000000000E+00  1.162808E+08  7.813513E+06  5.864609E+23  1.382835E+17  8.003031E+07  3.315665E+08  1.371429E+01  1.731281E-25
     59  1.9128985595436682E-01  0.0000000000000000E+00  0.0000000000000000E+00  1.167500E+08  7.866143E+06  5.922606E+23  1.382835E+17  8.003869E+07  3.320473E+08  1.371429E+01  1.818712E-25
     60  2.0128985573084940E-01  0.0000000000000000E+00  0.0000000000000000E+00  1.186570E+08  7.940204E+06  6.005462E+23  1.382835E+17  8.024309E+07  3.327463E+08  1.371429E+01  1.913746E-25
     61  2.1128985550733198E-01  0.0000000000000000E+00  0.0000000000000000E+00  1.171468E+08  7.660420E+06  5.698525E+23  1.382835E+17  8.035687E+07  3.302008E+08  1.371429E+01  2.004098E-25
     62  2.2128985528381456E-01  0.0000000000000000E+00  0.0000000000000000E+00  1.192484E+08  7.916733E+06  5.980082E+23  1.382835E+17  8.036245E+07  3.325515E+08  1.371429E+01  2.095127E-25
     63  2.3128985506029714E-01  0.0000000000000000E+00  0.0000000000000000E+00  1.277061E+08  8.195157E+06  6.295364E+23  1.382835E+17  8.128538E+07  3.351655E+08  1.371429E+01  2.206817E-25
     64  2.4128985483677973E-01  0.0000000000000000E+00  0.0000000000000000E+00  1.312619E+08  8.072613E+06  6.161745E+23  1.382835E+17  8.194420E+07  3.341844E+08  1.371429E+01  2.332033E-25
     65  2.5128985461326231E-01  0.0000000000000000E+00  0.0000000000000000E+00  1.246677E+08  7.635554E+06  5.677183E+23  1.382835E+17  8.153329E+07  3.301405E+08  1.371429E+01  2.425572E-25
     66  2.6128985438974489E-01  0.0000000000000000E+00  0.0000000000000000E+00  1.265518E+08  7.788930E+06  5.845542E+23  1.382835E+17  8.161611E+07  3.315724E+08  1.371429E+01  2.527509E-25
     67  2.7128985416622747E-01  0.0000000000000000E+00  0.0000000000000000E+00  1.286850E+08  7.921029E+06  5.992113E+23  1.382835E+17  8.176142E+07  3.327973E+08  1.371429E+01  2.635634E-25
     68  2.8128985394271006E-01  0.0000000000000000E+00  0.0000000000000000E+00  1.306523E+08  8.113518E+06  6.206717E+23  1.382835E+17  8.180745E+07  3.345260E+08  1.371429E+01  2.745253E-25
     69  2.9128985371919264E-01  0.0000000000000000E+00  0.0000000000000000E+00  1.326931E+08  8.048884E+06  6.136557E+23  1.382835E+17  8.217624E+07  3.340094E+08  1.371429E+01  2.864389E-25
     70  3.0128985349567522E-01  0.0000000000000000E+00  0.0000000000000000E+00  1.290857E+08  7.575835E+06  5.615883E+23  1.382835E+17  8.226017E+07  3.296918E+08  1.371429E+01  2.969532E-25
     71  3.1128985327215780E-01  0.0000000000000000E+00  0.0000000000000000E+00  1.290370E+08  7.662237E+06  5.709424E+23  1.382835E+17  8.214066E+07  3.304818E+08  1.371429E+01  3.070164E-25
     72  3.2128985304864038E-01  0.0000000000000000E+00  0.0000000000000000E+00  1.322675E+08  7.970695E+06  6.049694E+23  1.382835E+17  8.221274E+07  3.333151E+08  1.371429E+01  3.185264E-25
     73  3.3128985282512297E-01  0.0000000000000000E+00  0.0000000000000000E+00  1.336603E+08  8.091104E+06  6.184203E+23  1.382835E+17  8.226061E+07  3.343982E+08  1.371429E+01  3.301876E-25
     74  3.4128985260160555E-01  0.0000000000000000E+00  0.0000000000000000E+00  1.334262E+08  7.944130E+06  6.021291E+23  1.382835E+17  8.240965E+07  3.331069E+08  1.371429E+01  3.415985E-25
     75  3.5128985237808813E-01  0.0000000000000000E+00  0.0000000000000000E+00  1.285868E+08  7.430003E+06  5.458603E+23  1.382835E+17  8.238059E+07  3.283270E+08  1.371429E+01  3.520349E-25
     76  3.6128985215457071E-01  0.0000000000000000E+00  0.0000000000000000E+00  1.286563E+08  7.541789E+06  5.578813E+23  1.382835E+17  8.224242E+07  3.293682E+08  1.371429E+01  3.618205E-25
     77  3.7128985193105329E-01  0.0000000000000000E+00  0.0000000000000000E+00  1.349474E+08  7.839641E+06  5.907568E+23  1.382835E+17  8.275522E+07  3.322139E+08  1.371429E+01  3.745757E-25
     78  3.8128985170753588E-01  0.0000000000000000E+00  0.0000000000000000E+00  1.381292E+08  7.824200E+06  5.893133E+23  1.382835E+17  8.321688E+07  3.321477E+08  1.371429E+01  3.874717E-25
     79  3.9128985148401846E-01  0.0000000000000000E+00  0.0000000000000000E+00  1.387071E+08  7.743664E+06  5.805498E+23  1.382835E+17  8.340050E+07  3.314380E+08  1.371429E+01  3.999472E-25
     80  4.0128985126050104E-01  0.0000000000000000E+00  0.0000000000000000E+00  1.373072E+08  7.557128E+06  5.601898E+23  1.382835E+17  8.345260E+07  3.297061E+08  1.371429E+01  4.117407E-25
     81  4.1128985103698362E-01  0.0000000000000000E+00  0.0000000000000000E+00  1.374876E+08  7.591061E+06  5.638719E+23  1.382835E+17  8.343250E+07  3.300222E+08  1.371429E+01  4.238382E-25
     82  4.2128985081346620E-01  0.0000000000000000E+00  0.0000000000000000E+00  1.395130E+08  7.819816E+06  5.889416E+23  1.382835E+17  8.341251E+07  3.321399E+08  1.371429E+01  4.363934E-25
     83  4.3128985058994879E-01  0.0000000000000000E+00  0.0000000000000000E+00  1.410867E+08  7.813057E+06  5.883249E+23  1.382835E+17  8.363570E+07  3.321151E+08  1.371429E+01  4.496178E-25
     84  4.4128985036643137E-01  0.0000000000000000E+00  0.0000000000000000E+00  1.405850E+08  7.633619E+06  5.687212E+23  1.382835E+17  8.380238E+07  3.304825E+08  1.371429E+01  4.620008E-25
     85  4.5128985014291395E-01  0.0000000000000000E+00  0.0000000000000000E+00  1.449273E+08  7.636087E+06  5.693261E+23  1.382835E+17  8.438570E+07  3.306046E+08  1.371429E+01  4.761636E-25
     86  4.6128984991939653E-01  0.0000000000000000E+00  0.0000000000000000E+00  1.444209E+08  7.431685E+06  5.472279E+23  1.382835E+17  8.459520E+07  3.287059E+08  1.371429E+01  4.896499E-25
     87  4.7128984969587912E-01  0.0000000000000000E+00  0.0000000000000000E+00  1.457301E+08  7.499615E+06  5.546310E+23  1.382835E+17  8.467742E+07  3.293684E+08  1.371429E+01  5.030541E-25
     88  4.8128984947236170E-01  0.0000000000000000E+00  0.0000000000000000E+00  1.486484E+08  7.749271E+06  5.819447E+23  1.382835E+17  8.472778E+07  3.317157E+08  1.371429E+01  5.176536E-25
     89  4.9128984924884428E-01  0.0000000000000000E+00  0.0000000000000000E+00  1.464256E+08  7.487052E+06  5.533316E+23  1.382835E+17  8.478733E+07  3.292681E+08  1.371429E+01  5.313973E-25
     90  5.0128984902532681E-01  0.0000000000000000E+00  0.0000000000000000E+00  1.452022E+08  7.459950E+06  5.503227E+23  1.382835E+17  8.466118E+07  3.289877E+08  1.371429E+01  5.441910E-25
     91  5.1128984880180939E-01  0.0000000000000000E+00  0.0000000000000000E+00  1.485447E+08  7.461146E+06  5.507076E+23  1.382835E+17  8.510379E+07  3.290767E+08  1.371429E+01  5.589185E-25
     92  5.2128984857829197E-01  0.0000000000000000E+00  0.0000000000000000E+00  1.578010E+08  7.408522E+06  5.457727E+23  1.382835E+17  8.637427E+07  3.288035E+08  1.371429E+01  5.745058E-25
     93  5.3128984835477455E-01  0.0000000000000000E+00  0.0000000000000000E+00  1.747396E+08  7.719072E+06  5.807645E+23  1.382835E+17  8.800855E+07  3.320571E+08  1.371429E+01  5.989231E-25
     94  5.3128985922607130E-01  0.0000000000000000E+00  0.0000000000000000E+00  1.747396E+08  7.719073E+06  5.807646E+23  1.382835E+17  8.800855E+07  3.320571E+08  1.371429E+01  5.989274E-25
     95  5.3128988096866492E-01  0.0000000000000000E+00  0.0000000000000000E+00  1.747397E+08  7.719073E+06  5.807646E+23  1.382835E+17  8.800855E+07  3.320571E+08  1.371429E+01  5.989361E-25
     96  5.3128992445385204E-01  0.0000000000000000E+00  0.0000000000000000E+00  1.747397E+08  7.719074E+06  5.807647E+23  1.382835E+17  8.800855E+07  3.320571E+08  1.371429E+01  5.989533E-25
     97  5.3129001142422638E-01  0.0000000000000000E+00  0.0000000000000000E+00  1.747397E+08  7.719076E+06  5.807650E+23  1.382835E+17  8.800855E+07  3.320571E+08  1.371429E+01  5.989879E-25
     98  5.3129018536497508E-01  0.0000000000000000E+00  0.0000000000000000E+00  1.747398E+08  7.719080E+06  5.807654E+23  1.382835E+17  8.800855E+07  3.320572E+08  1.371429E+01  5.990571E-25
     99  5.3129053324647246E-01  0.0000000000000000E+00  0.0000000000000000E+00  1.747400E+08  7.719089E+06  5.807663E+23  1.382835E+17  8.800856E+07  3.320572E+08  1.371429E+01  5.991956E-25
    100  5.3129122900946724E-01  0.0000000000000000E+00  0.0000000000000000E+00  1.747403E+08  7.719105E+06  5.807682E+23  1.382835E+17  8.800858E+07  3.320574E+08  1.371429E+01  5.994730E-25
    101  5.3129262053545667E-01  0.0000000000000000E+00  0.0000000000000000E+00  1.747410E+08  7.719138E+06  5.807718E+23  1.382835E+17  8.800862E+07  3.320577E+08  1.371429E+01  6.000250E-25
    102  5.3129540358743566E-01  0.0000000000000000E+00  0.0000000000000000E+00  1.747424E+08  7.719204E+06  5.807792E+23  1.382835E+17  8.800869E+07  3.320583E+08  1.371429E+01  6.010971E-25
    103  5.3130096969139351E-01  0.0000000000000000E+00  0.0000000000000000E+00  1.747451E+08  7.719336E+06  5.807938E+23  1.382835E+17  8.800882E+07  3.320596E+08  1.371429E+01  6.030680E-25
    104  5.3131210189930933E-01  0.0000000000000000E+00  0.0000000000000000E+00  1.747506E+08  7.719600E+06  5.808232E+23  1.382835E+17  8.800910E+07  3.320621E+08  1.371429E+01  6.063563E-25
    105  5.3133436631514086E-01  0.0000000000000000E+00  0.0000000000000000E+00  1.747616E+08  7.720128E+06  5.808818E+23  1.382835E+17  8.800966E+07  3.320671E+08  1.371429E+01  6.112018E-25
    106  5.3137889514680392E-01  0.0000000000000000E+00  0.0000000000000000E+00  1.747835E+08  7.721185E+06  5.809991E+23  1.382835E+17  8.801078E+07  3.320772E+08  1.371429E+01  6.176772E-25
    107  5.3146795281013004E-01  0.0000000000000000E+00  0.0000000000000000E+00  1.748274E+08  7.723297E+06  5.812337E+23  1.382835E+17  8.801301E+07  3.320972E+08  1.371429E+01  6.258565E-25
    108  5.3164606813678239E-01  0.0000000000000000E+00  0.0000000000000000E+00  1.749152E+08  7.727522E+06  5.817030E+23  1.382835E+17  8.801748E+07  3.321373E+08  1.371429E+01  6.358480E-25
    109  5.3200229879008709E-01  0.0000000000000000E+00  0.0000000000000000E+00  1.754358E+08  7.739162E+06  5.830197E+23  1.382835E+17  8.806259E+07  3.322544E+08  1.371429E+01  6.476617E-25
    110  5.3271476009669649E-01  0.0000000000000000E+00  0.0000000000000000E+00  1.774528E+08  7.768941E+06  5.864499E+23  1.382835E+17  8.825754E+07  3.325698E+08  1.371429E+01  6.611316E-25
    111  5.3413968270991530E-01  0.0000000000000000E+00  0.0000000000000000E+00  1.974325E+08  7.886665E+06  6.011247E+23  1.382835E+17  9.034574E+07  3.341005E+08  1.371429E+01  6.788353E-25
    112  5.3442466723255910E-01  0.0000000000000000E+00  0.0000000000000000E+00  2.137667E+08  7.932765E+06  6.076905E+23  1.382835E+17  9.201974E+07  3.349112E+08  1.371429E+01  6.941896E-25
    113  5.3499463627784660E-01  0.0000000000000000E+00  0.0000000000000000E+00  2.581670E+08  8.045517E+06  6.244760E+23  1.382835E+17  9.622855E+07  3.370361E+08  1.371429E+01  7.177009E-25
    114  5.3613457436842160E-01  0.0000000000000000E+00  0.0000000000000000E+00  5.531143E+08  8.627322E+06  7.287482E+23  1.382835E+17  1.180288E+08  3.509802E+08  1.371429E+01  8.169592E-25
    115  5.3613457464214265E-01  0.0000000000000000E+00  0.0000000000000000E+00  5.531145E+08  8.627323E+06  7.287483E+23  1.382835E+17  1.180289E+08  3.509802E+08  1.371429E+01  8.169862E-25
    116  5.3613457518958485E-01  0.0000000000000000E+00  0.0000000000000000E+00  5.531147E+08  8.627323E+06  7.287484E+23  1.382835E+17  1.180289E+08  3.509802E+08  1.371429E+01  8.170401E-25
    117  5.3613457628446926E-01  0.0000000000000000E+00  0.0000000000000000E+00  5.531153E+08  8.627324E+06  7.287486E+23  1.382835E+17  1.180289E+08  3.509803E+08  1.371429E+01  8.171479E-25
    118  5.3613457847423807E-01  0.0000000000000000E+00  0.0000000000000000E+00  5.531163E+08  8.627326E+06  7.287490E+23  1.382835E+17  1.180290E+08  3.509803E+08  1.371429E+01  8.173637E-25
    119  5.3613458285377569E-01  0.0000000000000000E+00  0.0000000000000000E+00  5.531184E+08  8.627330E+06  7.287498E+23  1.382835E+17  1.180291E+08  3.509804E+08  1.371429E+01  8.177951E-25
    120  5.3613459161285082E-01  0.0000000000000000E+00  0.0000000000000000E+00  5.531227E+08  8.627339E+06  7.287514E+23  1.382835E+17  1.180294E+08  3.509806E+08  1.371429E+01  8.186532E-25
    121  5.3613460913100119E-01  0.0000000000000000E+00  0.0000000000000000E+00  5.531311E+08  8.627355E+06  7.287547E+23  1.382835E+17  1.180299E+08  3.509811E+08  1.371429E+01  8.203153E-25
    122  5.3613464416730183E-01  0.0000000000000000E+00  0.0000000000000000E+00  5.531480E+08  8.627388E+06  7.287612E+23  1.382835E+17  1.180310E+08  3.509819E+08  1.371429E+01  8.233432E-25
    123  5.3613471423990322E-01  0.0000000000000000E+00  0.0000000000000000E+00  5.531818E+08  8.627455E+06  7.287743E+23  1.382835E+17  1.180331E+08  3.509836E+08  1.371429E+01  8.282842E-25
    124  5.3613485438510600E-01  0.0000000000000000E+00  0.0000000000000000E+00  5.532494E+08  8.627587E+06  7.288004E+23  1.382835E+17  1.180374E+08  3.509871E+08  1.371429E+01  8.354006E-25
    125  5.3613513467551155E-01  0.0000000000000000E+00  0.0000000000000000E+00  5.533847E+08  8.627853E+06  7.288527E+23  1.382835E+17  1.180460E+08  3.509939E+08  1.371429E+01  8.446890E-25
    126  5.3613569525632265E-01  0.0000000000000000E+00  0.0000000000000000E+00  5.536551E+08  8.628383E+06  7.289573E+23  1.382835E+17  1.180632E+08  3.510076E+08  1.371429E+01  8.559383E-25
    127  5.3613681641794475E-01  0.0000000000000000E+00  0.0000000000000000E+00  5.541960E+08  8.629445E+06  7.291665E+23  1.382835E+17  1.180976E+08  3.510350E+08  1.371429E+01  8.688189E-25
    128  5.3613905874118895E-01  0.0000000000000000E+00  0.0000000000000000E+00  5.552779E+08  8.631567E+06  7.295852E+23  1.382835E+17  1.181663E+08  3.510899E+08  1.371429E+01  8.829487E-25
    129  5.3614354338767745E-01  0.0000000000000000E+00  0.0000000000000000E+00  5.574416E+08  8.635812E+06  7.304233E+23  1.382835E+17  1.183035E+08  3.511997E+08  1.371429E+01  8.980625E-25
    130  5.3615251268065434E-01  0.0000000000000000E+00  0.0000000000000000E+00  5.617689E+08  8.644302E+06  7.321029E+23  1.382835E+17  1.185773E+08  3.514195E+08  1.371429E+01  9.141466E-25
    131  5.3617045126660812E-01  0.0000000000000000E+00  0.0000000000000000E+00  5.704236E+08  8.661282E+06  7.354754E+23  1.382835E+17  1.191225E+08  3.518605E+08  1.371429E+01  9.315440E-25
    132  5.3620632843851568E-01  0.0000000000000000E+00  0.0000000000000000E+00  5.877330E+08  8.695241E+06  7.422737E+23  1.382835E+17  1.202031E+08  3.527470E+08  1.371429E+01  9.510586E-25
    133  5.3627808278233080E-01  0.0000000000000000E+00  0.0000000000000000E+00  6.223518E+08  8.763160E+06  7.560839E+23  1.382835E+17  1.223278E+08  3.545386E+08  1.371429E+01  9.743827E-25
    134  5.3642159146996116E-01  0.0000000000000000E+00  0.0000000000000000E+00  6.915894E+08  8.898998E+06  7.845629E+23  1.382835E+17  1.264456E+08  3.581926E+08  1.371429E+01  1.006035E-24
    135  5.3670860884522176E-01  0.0000000000000000E+00  0.0000000000000000E+00  8.300646E+08  9.170674E+06  8.449846E+23  1.382835E+17  1.342452E+08  3.657581E+08  1.371429E+01  1.060878E-24
    136  5.3676601232027388E-01  0.0000000000000000E+00  0.0000000000000000E+00  8.577597E+08  9.225009E+06  8.576276E+23  1.382835E+17  1.357462E+08  3.673089E+08  1.371429E+01  1.093162E-24
    137  5.3688081927037812E-01  0.0000000000000000E+00  0.0000000000000000E+00  9.374041E+08  9.398285E+06  8.972110E+23  1.382835E+17  1.399248E+08  3.719385E+08  1.371429E+01  1.134489E-24
    138  5.3711043317058660E-01  0.0000000000000000E+00  0.0000000000000000E+00  1.107869E+09  9.774605E+06  9.881922E+23  1.382835E+17  1.484004E+08  3.821359E+08  1.371429E+01  2.160237E-24
    139  5.3715635595062827E-01  0.0000000000000000E+00  0.0000000000000000E+00  1.141962E+09  9.849869E+06  1.007314E+24  1.382835E+17  1.500476E+08  3.842127E+08  1.371429E+01  2.288333E-24
    140  5.3724820151071162E-01  0.0000000000000000E+00  0.0000000000000000E+00  1.210148E+09  1.000040E+07  1.046497E+24  1.382835E+17  1.532921E+08  3.884003E+08  1.371429E+01  2.475461E-24
    141  5.3743189263087843E-01  0.0000000000000000E+00  0.0000000000000000E+00  1.346520E+09  1.030145E+07  1.128682E+24  1.382840E+17  1.596046E+08  3.969023E+08  1.371430E+01  7.493032E-24
    142  5.3746863085491181E-01  0.0000000000000000E+00  0.0000000000000000E+00  1.373794E+09  1.036166E+07  1.145740E+24  1.382844E+17  1.608419E+08  3.986218E+08  1.371431E+01  7.820136E-24
    143  5.3753561920279014E-01  0.0000000000000000E+00  0.0000000000000000E+00  1.423526E+09  1.047145E+07  1.177385E+24  1.382857E+17  1.630787E+08  4.017726E+08  1.371434E+01  7.950872E-24
    144  5.3754901687236578E-01  0.0000000000000000E+00  0.0000000000000000E+00  1.433473E+09  1.049341E+07  1.183799E+24  1.382861E+17  1.635231E+08  4.024051E+08  1.371436E+01  8.062200E-24
    145  5.3757289827030241E-01  0.0000000000000000E+00  0.0000000000000000E+00  1.451202E+09  1.053255E+07  1.195301E+24  1.382870E+17  1.643131E+08  4.035345E+08  1.371438E+01  8.185182E-24
    146  5.3762066106617556E-01  0.0000000000000000E+00  0.0000000000000000E+00  1.486661E+09  1.061083E+07  1.218578E+24  1.382901E+17  1.658845E+08  4.058007E+08  1.371446E+01  8.307397E-24
    147  5.3771618665792198E-01  0.0000000000000000E+00  0.0000000000000000E+00  1.565680E+09  1.081265E+07  1.275784E+24  1.383081E+17  1.692624E+08  4.110041E+08  1.371483E+01  9.138822E-24
    148  5.3773344297699077E-01  0.0000000000000000E+00  0.0000000000000000E+00  1.580237E+09  1.085069E+07  1.286665E+24  1.383149E+17  1.698760E+08  4.119702E+08  1.371497E+01  9.891318E-24
    149  5.3776795561512825E-01  0.0000000000000000E+00  0.0000000000000000E+00  1.609351E+09  1.092676E+07  1.308632E+24  1.383338E+17  1.710979E+08  4.139056E+08  1.371533E+01  1.014932E-23
    150  5.3783698089140330E-01  0.0000000000000000E+00  0.0000000000000000E+00  1.667579E+09  1.107890E+07  1.353397E+24  1.384051E+17  1.735190E+08  4.177890E+08  1.371669E+01  1.036670E-23
    151  5.3785078594665836E-01  0.0000000000000000E+00  0.0000000000000000E+00  1.679224E+09  1.110933E+07  1.362483E+24  1.384273E+17  1.739995E+08  4.185676E+08  1.371711E+01  1.070658E-23
    152  5.3786975274290372E-01  0.0000000000000000E+00  0.0000000000000000E+00  1.695224E+09  1.115114E+07  1.375040E+24  1.384639E+17  1.746574E+08  4.196383E+08  1.371782E+01  1.104964E-23
    153  5.3790768633539443E-01  0.0000000000000000E+00  0.0000000000000000E+00  1.727224E+09  1.123475E+07  1.400406E+24  1.385641E+17  1.759651E+08  4.217829E+08  1.371974E+01  1.140218E-23
    154  5.3791527305389253E-01  0.0000000000000000E+00  0.0000000000000000E+00  1.733624E+09  1.125147E+07  1.405520E+24  1.385895E+17  1.762253E+08  4.222123E+08  1.372023E+01  1.175351E-23
    155  5.3792859682477778E-01  0.0000000000000000E+00  0.0000000000000000E+00  1.744863E+09  1.128084E+07  1.414534E+24  1.386392E+17  1.766809E+08  4.229668E+08  1.372118E+01  1.211085E-23
    156  5.3795524436654840E-01  0.0000000000000000E+00  0.0000000000000000E+00  1.767342E+09  1.133958E+07  1.432685E+24  1.387621E+17  1.775872E+08  4.244771E+08  1.372355E+01  1.247478E-23
    157  5.3800853945008953E-01  0.0000000000000000E+00  0.0000000000000000E+00  1.812301E+09  1.145705E+07  1.469484E+24  1.391349E+17  1.793760E+08  4.275015E+08  1.373071E+01  1.344400E-23
    158  5.3801759738997323E-01  0.0000000000000000E+00  0.0000000000000000E+00  1.819942E+09  1.147702E+07  1.475803E+24  1.392205E+17  1.796762E+08  4.280159E+08  1.373236E+01  1.430284E-23
    159  5.3803384881796212E-01  0.0000000000000000E+00  0.0000000000000000E+00  1.833651E+09  1.151284E+07  1.487187E+24  1.393944E+17  1.802118E+08  4.289390E+08  1.373570E+01  1.465919E-23
    160  5.3806635167393979E-01  0.0000000000000000E+00  0.0000000000000000E+00  1.861069E+09  1.158448E+07  1.510133E+24  1.398365E+17  1.812688E+08  4.307850E+08  1.374417E+01  1.502284E-23
    161  5.3813135738589524E-01  0.0000000000000000E+00  0.0000000000000000E+00  1.915906E+09  1.172776E+07  1.556706E+24  1.412553E+17  1.833089E+08  4.344722E+08  1.377123E+01  1.748241E-23
    162  5.3814141228850543E-01  0.0000000000000000E+00  0.0000000000000000E+00  1.924388E+09  1.174993E+07  1.563986E+24  1.415613E+17  1.836131E+08  4.350412E+08  1.377704E+01  1.953274E-23
    163  5.3815696896837684E-01  0.0000000000000000E+00  0.0000000000000000E+00  1.937511E+09  1.178422E+07  1.575288E+24  1.420932E+17  1.840764E+08  4.359205E+08  1.378711E+01  2.043896E-23
    164  5.3818808232811965E-01  0.0000000000000000E+00  0.0000000000000000E+00  1.963758E+09  1.185280E+07  1.598023E+24  1.434070E+17  1.849724E+08  4.376741E+08  1.381185E+01  2.277270E-23
    165  5.3819353574682682E-01  0.0000000000000000E+00  0.0000000000000000E+00  1.968358E+09  1.186482E+07  1.602025E+24  1.436768E+17  1.851246E+08  4.379807E+08  1.381691E+01  2.469969E-23
    166  5.3820317475099932E-01  0.0000000000000000E+00  0.0000000000000000E+00  1.976489E+09  1.188606E+07  1.609110E+24  1.441861E+17  1.853900E+08  4.385217E+08  1.382644E+01  2.893409E-23
    167  5.3822245275934422E-01  0.0000000000000000E+00  0.0000000000000000E+00  1.992752E+09  1.192856E+07  1.623322E+24  1.453409E+17  1.859046E+08  4.396007E+08  1.384796E+01  6.342658E-23
    168  5.3822630836101315E-01  0.0000000000000000E+00  0.0000000000000000E+00  1.996004E+09  1.193705E+07  1.626170E+24  1.455955E+17  1.860048E+08  4.398159E+08  1.385269E+01  8.173874E-23
    169  5.3823083810368322E-01  0.0000000000000000E+00  0.0000000000000000E+00  1.999825E+09  1.194704E+07  1.629520E+24  1.459055E+17  1.861213E+08  4.400685E+08  1.385844E+01  1.134092E-22
    170  5.3823989758902346E-01  0.0000000000000000E+00  0.0000000000000000E+00  2.007468E+09  1.196701E+07  1.636226E+24  1.465639E+17  1.863499E+08  4.405728E+08  1.387064E+01  2.524818E-22
    171  5.3825632569134962E-01  0.0000000000000000E+00  0.0000000000000000E+00  2.021326E+09  1.200322E+07  1.648412E+24  1.478897E+17  1.867498E+08  4.414841E+08  1.389505E+01  1.122777E-21
    172  5.3828918189600206E-01  0.0000000000000000E+00  0.0000000000000000E+00  2.049043E+09  1.207564E+07  1.672867E+24  1.511335E+17  1.874845E+08  4.432923E+08  1.395432E+01  2.058467E-20
    173  5.3829434557778200E-01  0.0000000000000000E+00  0.0000000000000000E+00  2.053398E+09  1.208702E+07  1.676718E+24  1.517241E+17  1.875912E+08  4.435745E+08  1.396506E+01  3.196874E-20
    174  5.3830317276822282E-01  0.0000000000000000E+00  0.0000000000000000E+00  2.060845E+09  1.210648E+07  1.683306E+24  1.527897E+17  1.877676E+08  4.440554E+08  1.398439E+01  6.702410E-20
    175  5.3832082714910445E-01  0.0000000000000000E+00  0.0000000000000000E+00  2.075738E+09  1.214539E+07  1.696493E+24  1.551462E+17  1.880968E+08  4.450117E+08  1.402698E+01  2.811150E-19
    176  5.3835350098177248E-01  0.0000000000000000E+00  0.0000000000000000E+00  2.103300E+09  1.221741E+07  1.720923E+24  1.603890E+17  1.886145E+08  4.467589E+08  1.412119E+01  3.351751E-18
    177  5.3838567792456582E-01  0.0000000000000000E+00  0.0000000000000000E+00  2.130444E+09  1.228833E+07  1.744980E+24  1.668223E+17  1.889955E+08  4.484471E+08  1.423620E+01  3.009649E-17
    178  5.3841637314980584E-01  0.0000000000000000E+00  0.0000000000000000E+00  2.156337E+09  1.235599E+07  1.767894E+24  1.742746E+17  1.892289E+08  4.500238E+08  1.436925E+01  1.895862E-16
    179  5.3844577799510152E-01  0.0000000000000000E+00  0.0000000000000000E+00  2.181143E+09  1.242081E+07  1.789793E+24  1.827020E+17  1.893275E+08  4.515012E+08  1.452009E+01  8.671853E-16
    180  5.3847458837337947E-01  0.0000000000000000E+00  0.0000000000000000E+00  2.205446E+09  1.248431E+07  1.811190E+24  1.922051E+17  1.893056E+08  4.529168E+08  1.469128E+01  3.075458E-15
    181  5.3850260662857319E-01  0.0000000000000000E+00  0.0000000000000000E+00  2.226907E+09  1.255269E+07  1.831913E+24  2.025306E+17  1.890562E+08  4.541474E+08  1.487924E+01  8.634067E-15
    182  5.3853036506518948E-01  0.0000000000000000E+00  0.0000000000000000E+00  2.246971E+09  1.262408E+07  1.852419E+24  2.134966E+17  1.886737E+08  4.552817E+08  1.508164E+01  2.005099E-14
    183  5.3857354044111427E-01  0.0000000000000000E+00  0.0000000000000000E+00  2.278179E+09  1.273513E+07  1.884376E+24  2.316058E+17  1.879886E+08  4.570170E+08  1.542331E+01  5.694068E-14
    184  5.3861311743376195E-01  0.0000000000000000E+00  0.0000000000000000E+00  2.306785E+09  1.283692E+07  1.913839E+24  2.488028E+17  1.873146E+08  4.585908E+08  1.575765E+01  1.205264E-13
    185  5.3864994102594332E-01  0.0000000000000000E+00  0.0000000000000000E+00  2.333402E+09  1.293163E+07  1.941506E+24  2.647854E+17  1.866975E+08  4.600551E+08  1.607808E+01  2.129632E-13
    186  5.3870653173554361E-01  0.0000000000000000E+00  0.0000000000000000E+00  2.374306E+09  1.307718E+07  1.984731E+24  2.882693E+17  1.858649E+08  4.623340E+08  1.656774E+01  4.276418E-13
    187  5.3871485263298835E-01  0.0000000000000000E+00  0.0000000000000000E+00  2.380320E+09  1.309858E+07  1.991175E+24  2.915430E+17  1.857606E+08  4.626740E+08  1.663790E+01  4.668451E-13
    188  5.3872490473652079E-01  0.0000000000000000E+00  0.0000000000000000E+00  2.387586E+09  1.312443E+07  1.998994E+24  2.954226E+17  1.856423E+08  4.630867E+08  1.672167E+01  5.167370E-13
    189  5.3874500894358568E-01  0.0000000000000000E+00  0.0000000000000000E+00  2.402118E+09  1.317614E+07  2.014749E+24  3.029169E+17  1.854319E+08  4.639197E+08  1.688543E+01  6.245076E-13
    190  5.3878016595755673E-01  0.0000000000000000E+00  0.0000000000000000E+00  2.427529E+09  1.326656E+07  2.042697E+24  3.151008E+17  1.851553E+08  4.654024E+08  1.715726E+01  8.360246E-13
    191  5.3883513591263144E-01  0.0000000000000000E+00  0.0000000000000000E+00  2.467262E+09  1.340794E+07  2.087475E+24  3.316469E+17  1.849702E+08  4.677929E+08  1.753751E+01  1.210681E-12
    192  5.3889293582766173E-01  0.0000000000000000E+00  0.0000000000000000E+00  2.509041E+09  1.355660E+07  2.136032E+24  3.458032E+17  1.850976E+08  4.704033E+08  1.787211E+01  1.631716E-12
    193  5.3895099460656548E-01  0.0000000000000000E+00  0.0000000000000000E+00  2.551006E+09  1.370593E+07  2.186316E+24  3.570631E+17  1.855248E+08  4.731177E+08  1.814202E+01  2.048077E-12
    194  5.3903765424567984E-01  0.0000000000000000E+00  0.0000000000000000E+00  2.613644E+09  1.392881E+07  2.264048E+24  3.696116E+17  1.866129E+08  4.773161E+08  1.843810E+01  2.603785E-12
    195  5.3912109443121459E-01  0.0000000000000000E+00  0.0000000000000000E+00  2.673956E+09  1.414342E+07  2.341713E+24  3.785529E+17  1.880345E+08  4.814870E+08  1.863011E+01  3.037178E-12
    196  5.3912910207552489E-01  0.0000000000000000E+00  0.0000000000000000E+00  2.679744E+09  1.416401E+07  2.349304E+24  3.793116E+17  1.881855E+08  4.818926E+08  1.864482E+01  3.074084E-12
    197  5.3913986111267131E-01  0.0000000000000000E+00  0.0000000000000000E+00  2.687520E+09  1.419168E+07  2.359540E+24  3.803127E+17  1.883918E+08  4.824389E+08  1.866372E+01  3.122728E-12
    198  5.3916137918696416E-01  0.0000000000000000E+00  0.0000000000000000E+00  2.703074E+09  1.424703E+07  2.380139E+24  3.822627E+17  1.888152E+08  4.835355E+08  1.869869E+01  3.217491E-12
    199  5.3920441533554986E-01  0.0000000000000000E+00  0.0000000000000000E+00  2.734181E+09  1.435772E+07  2.421830E+24  3.860336E+17  1.897005E+08  4.857442E+08  1.875867E+01  3.403485E-12
    200  5.3928467063799634E-01  0.0000000000000000E+00  0.0000000000000000E+00  2.792190E+09  1.456413E+07  2.501296E+24  3.930729E+17  1.914599E+08  4.899097E+08  1.884261E+01  3.798602E-12
    201  5.3929735614801799E-01  0.0000000000000000E+00  0.0000000000000000E+00  2.801359E+09  1.459676E+07  2.514057E+24  3.942289E+17  1.917483E+08  4.905729E+08  1.885326E+01  3.876279E-12
    202  5.3931235616941076E-01  0.0000000000000000E+00  0.0000000000000000E+00  2.812201E+09  1.463533E+07  2.529217E+24  3.956196E+17  1.920923E+08  4.913587E+08  1.886509E+01  3.977429E-12
    203  5.3934235621219617E-01  0.0000000000000000E+00  0.0000000000000000E+00  2.832176E+09  1.470850E+07  2.557721E+24  3.984811E+17  1.927209E+08  4.928115E+08  1.888650E+01  4.220069E-12
    204  5.3939321670732798E-01  0.0000000000000000E+00  0.0000000000000000E+00  2.859604E+09  1.481751E+07  2.598856E+24  4.033792E+17  1.935549E+08  4.948210E+08  1.891614E+01  4.795044E-12
    205  5.3949244123992390E-01  0.0000000000000000E+00  0.0000000000000000E+00  2.913114E+09  1.503017E+07  2.680632E+24  4.128200E+17  1.952467E+08  4.987712E+08  1.895744E+01  7.292866E-12
    206  5.3950937582896519E-01  0.0000000000000000E+00  0.0000000000000000E+00  2.922246E+09  1.506647E+07  2.694786E+24  4.143747E+17  1.955414E+08  4.994486E+08  1.896301E+01  8.076993E-12
    207  5.3953246563074375E-01  0.0000000000000000E+00  0.0000000000000000E+00  2.934698E+09  1.511595E+07  2.714175E+24  4.164451E+17  1.959455E+08  5.003735E+08  1.897009E+01  9.432178E-12
    208  5.3957864523430077E-01  0.0000000000000000E+00  0.0000000000000000E+00  2.959602E+09  1.521493E+07  2.753271E+24  4.203625E+17  1.967604E+08  5.022278E+08  1.898274E+01  1.350043E-11
    209  5.3965814381863475E-01  0.0000000000000000E+00  0.0000000000000000E+00  3.002474E+09  1.538531E+07  2.821563E+24  4.261611E+17  1.981804E+08  5.054328E+08  1.900084E+01  2.715349E-11
    210  5.3973370822948419E-01  0.0000000000000000E+00  0.0000000000000000E+00  3.043224E+09  1.554727E+07  2.887641E+24  4.303176E+17  1.995466E+08  5.084939E+08  1.901487E+01  5.105381E-11
    211  5.3980491449387435E-01  0.0000000000000000E+00  0.0000000000000000E+00  3.081624E+09  1.569988E+07  2.950961E+24  4.330013E+17  2.008464E+08  5.113916E+08  1.902596E+01  8.267092E-11
    212  5.3987403687568192E-01  0.0000000000000000E+00  0.0000000000000000E+00  3.118901E+09  1.584803E+07  3.013418E+24  4.346348E+17  2.021186E+08  5.142170E+08  1.903518E+01  1.173398E-10
    213  5.3994203875729341E-01  0.0000000000000000E+00  0.0000000000000000E+00  3.155573E+09  1.599377E+07  3.075827E+24  4.355782E+17  2.033790E+08  5.170089E+08  1.904313E+01  1.516740E-10
    214  5.4001643120756071E-01  0.0000000000000000E+00  0.0000000000000000E+00  3.195691E+09  1.615321E+07  3.145205E+24  4.361987E+17  2.047660E+08  5.200765E+08  1.905116E+01  1.897080E-10
    215  5.4014090857526553E-01  0.0000000000000000E+00  0.0000000000000000E+00  3.262819E+09  1.642000E+07  3.263894E+24  4.370358E+17  2.070974E+08  5.252387E+08  1.906576E+01  2.672380E-10
    216  5.4026113641342854E-01  0.0000000000000000E+00  0.0000000000000000E+00  3.321245E+09  1.663238E+07  3.365722E+24  4.381695E+17  2.091866E+08  5.297472E+08  1.908655E+01  3.861997E-10
    217  5.4037938479336234E-01  0.0000000000000000E+00  0.0000000000000000E+00  3.375486E+09  1.681850E+07  3.460029E+24  4.398881E+17  2.111372E+08  5.339470E+08  1.911863E+01  5.742629E-10
    218  5.4049618745630768E-01  0.0000000000000000E+00  0.0000000000000000E+00  3.429065E+09  1.700234E+07  3.555079E+24  4.424522E+17  2.130193E+08  5.381086E+08  1.916758E+01  8.528421E-10
    219  5.4061130776882427E-01  0.0000000000000000E+00  0.0000000000000000E+00  3.481871E+09  1.718353E+07  3.650539E+24  4.461615E+17  2.148072E+08  5.422155E+08  1.923977E+01  1.222797E-09
    220  5.4062820931672839E-01  0.0000000000000000E+00  0.0000000000000000E+00  3.489624E+09  1.721013E+07  3.664696E+24  4.468323E+17  2.150623E+08  5.428183E+08  1.925294E+01  1.284973E-09
    221  5.4064948986404771E-01  0.0000000000000000E+00  0.0000000000000000E+00  3.499386E+09  1.724363E+07  3.682572E+24  4.477308E+17  2.153802E+08  5.435770E+08  1.927061E+01  1.366260E-09
    222  5.4068835129709436E-01  0.0000000000000000E+00  0.0000000000000000E+00  3.517212E+09  1.730480E+07  3.715356E+24  4.495397E+17  2.159504E+08  5.449616E+08  1.930633E+01  1.524237E-09
    223  5.4076002372034804E-01  0.0000000000000000E+00  0.0000000000000000E+00  3.550088E+09  1.741760E+07  3.776270E+24  4.535292E+17  2.169617E+08  5.475097E+08  1.938568E+01  1.858524E-09
    224  5.4077183436078180E-01  0.0000000000000000E+00  0.0000000000000000E+00  3.555506E+09  1.743619E+07  3.786362E+24  4.542782E+17  2.171226E+08  5.479287E+08  1.940066E+01  1.921012E-09
    225  5.4078747300547769E-01  0.0000000000000000E+00  0.0000000000000000E+00  3.562680E+09  1.746081E+07  3.799745E+24  4.553137E+17  2.173328E+08  5.484830E+08  1.942142E+01  2.007969E-09
    226  5.4081709031187419E-01  0.0000000000000000E+00  0.0000000000000000E+00  3.576265E+09  1.750742E+07  3.825159E+24  4.574181E+17  2.177219E+08  5.495311E+08  1.946376E+01  2.188314E-09
    227  5.4087632492466731E-01  0.0000000000000000E+00  0.0000000000000000E+00  3.603437E+09  1.760066E+07  3.876229E+24  4.622426E+17  2.184603E+08  5.516193E+08  1.956160E+01  2.631577E-09
    228  5.4097838723452196E-01  0.0000000000000000E+00  0.0000000000000000E+00  3.650254E+09  1.776130E+07  3.964881E+24  4.727884E+17  2.195864E+08  5.551847E+08  1.977931E+01  3.819070E-09
    229  5.4106754179308780E-01  0.0000000000000000E+00  0.0000000000000000E+00  3.687985E+09  1.789163E+07  4.036674E+24  4.846685E+17  2.202608E+08  5.579947E+08  2.003111E+01  5.631630E-09
    230  5.4114511001368892E-01  0.0000000000000000E+00  0.0000000000000000E+00  3.716986E+09  1.799293E+07  4.091828E+24  4.968643E+17  2.205612E+08  5.600892E+08  2.029722E+01  8.149299E-09
    231  5.4115766712217728E-01  0.0000000000000000E+00  0.0000000000000000E+00  3.721680E+09  1.800933E+07  4.100762E+24  4.989972E+17  2.205986E+08  5.604251E+08  2.034458E+01  8.671567E-09
    232  5.4117330556725640E-01  0.0000000000000000E+00  0.0000000000000000E+00  3.727527E+09  1.802975E+07  4.111890E+24  5.017154E+17  2.206409E+08  5.608422E+08  2.040531E+01  9.378073E-09
    233  5.4120458245741465E-01  0.0000000000000000E+00  0.0000000000000000E+00  3.739221E+09  1.807060E+07  4.134151E+24  5.073576E+17  2.207106E+08  5.616724E+08  2.053270E+01  1.100800E-08
    234  5.4126528439212940E-01  0.0000000000000000E+00  0.0000000000000000E+00  3.761916E+09  1.814987E+07  4.177369E+24  5.190783E+17  2.207896E+08  5.632676E+08  2.080335E+01  1.528180E-08
    235  5.4136851861249380E-01  0.0000000000000000E+00  0.0000000000000000E+00  3.800512E+09  1.828470E+07  4.250922E+24  5.411851E+17  2.207586E+08  5.659339E+08  2.133825E+01  2.900277E-08
    236  5.4138372987838435E-01  0.0000000000000000E+00  0.0000000000000000E+00  3.806199E+09  1.830456E+07  4.261768E+24  5.446479E+17  2.207373E+08  5.663221E+08  2.142526E+01  3.230571E-08
    237  5.4140369091005502E-01  0.0000000000000000E+00  0.0000000000000000E+00  3.813662E+09  1.833063E+07  4.276006E+24  5.492609E+17  2.207034E+08  5.668299E+08  2.154267E+01  3.748103E-08
    238  5.4144361297339627E-01  0.0000000000000000E+00  0.0000000000000000E+00  3.828588E+09  1.838277E+07  4.304502E+24  5.586953E+17  2.206158E+08  5.678401E+08  2.178848E+01  5.191074E-08
    239  5.4151796024904886E-01  0.0000000000000000E+00  0.0000000000000000E+00  3.856385E+09  1.847986E+07  4.357675E+24  5.768082E+17  2.203896E+08  5.697050E+08  2.228514E+01  1.084638E-07
    240  5.4152940881095468E-01  0.0000000000000000E+00  0.0000000000000000E+00  3.860665E+09  1.849482E+07  4.365879E+24  5.796366E+17  2.203484E+08  5.699905E+08  2.236607E+01  1.236935E-07
    241  5.4154535170679552E-01  0.0000000000000000E+00  0.0000000000000000E+00  3.866626E+09  1.851564E+07  4.377311E+24  5.835841E+17  2.202883E+08  5.703875E+08  2.248071E+01  1.497990E-07
    242  5.4157723749847730E-01  0.0000000000000000E+00  0.0000000000000000E+00  3.878547E+09  1.855728E+07  4.400209E+24  5.914940E+17  2.201600E+08  5.711797E+08  2.271674E+01  2.262628E-07
    243  5.4164012084717716E-01  0.0000000000000000E+00  0.0000000000000000E+00  3.902057E+09  1.863940E+07  4.445519E+24  6.070692E+17  2.198797E+08  5.727363E+08  2.320792E+01  5.615866E-07
    244  5.4164984843787045E-01  0.0000000000000000E+00  0.0000000000000000E+00  3.905694E+09  1.865211E+07  4.452549E+24  6.094708E+17  2.198337E+08  5.729766E+08  2.328685E+01  6.512862E-07
    245  5.4166273476379145E-01  0.0000000000000000E+00  0.0000000000000000E+00  3.910512E+09  1.866894E+07  4.461872E+24  6.126486E+17  2.197719E+08  5.732949E+08  2.339257E+01  7.936984E-07
    246  5.4168780745578182E-01  0.0000000000000000E+00  0.0000000000000000E+00  3.919886E+09  1.870168E+07  4.480046E+24  6.188198E+17  2.196495E+08  5.739141E+08  2.360197E+01  1.168258E-06
    247  5.4173795283976245E-01  0.0000000000000000E+00  0.0000000000000000E+00  3.938634E+09  1.876717E+07  4.516552E+24  6.311125E+17  2.193996E+08  5.751532E+08  2.403433E+01  2.502419E-06
    248  5.4174615685775751E-01  0.0000000000000000E+00  0.0000000000000000E+00  3.941702E+09  1.877788E+07  4.522547E+24  6.331158E+17  2.193586E+08  5.753562E+08  2.410663E+01  2.825739E-06
    249  5.4175679098682350E-01  0.0000000000000000E+00  0.0000000000000000E+00  3.945677E+09  1.879177E+07  4.530329E+24  6.357082E+17  2.193055E+08  5.756195E+08  2.420095E+01  3.302154E-06
    250  5.4177739302050076E-01  0.0000000000000000E+00  0.0000000000000000E+00  3.953380E+09  1.881868E+07  4.545440E+24  6.407138E+17  2.192035E+08  5.761304E+08  2.438544E+01  4.439583E-06
    251  5.4181789079048359E-01  0.0000000000000000E+00  0.0000000000000000E+00  3.968521E+09  1.887157E+07  4.575296E+24  6.504669E+17  2.190082E+08  5.771384E+08  2.475396E+01  7.754065E-06
    252  5.4188414280049968E-01  0.0000000000000000E+00  0.0000000000000000E+00  3.993518E+09  1.895305E+07  4.623856E+24  6.660381E+17  2.187516E+08  5.788314E+08  2.536789E+01  1.800560E-05
    253  5.4189446470416103E-01  0.0000000000000000E+00  0.0000000000000000E+00  3.997850E+09  1.895607E+07  4.629973E+24  6.684109E+17  2.187816E+08  5.791486E+08  2.546429E+01  2.038665E-05
    254  5.4190730790871711E-01  0.0000000000000000E+00  0.0000000000000000E+00  4.003239E+09  1.895984E+07  4.637610E+24  6.713459E+17  2.188204E+08  5.795444E+08  2.558462E+01  2.374822E-05
    255  5.4193043465827995E-01  0.0000000000000000E+00  0.0000000000000000E+00  4.012943E+09  1.896661E+07  4.651437E+24  6.765745E+17  2.188954E+08  5.802605E+08  2.580208E+01  3.109803E-05
    256  5.4197062425155218E-01  0.0000000000000000E+00  0.0000000000000000E+00  4.029808E+09  1.897838E+07  4.675718E+24  6.854478E+17  2.190451E+08  5.815168E+08  2.618046E+01  4.891447E-05
    257  5.4203521023380330E-01  0.0000000000000000E+00  0.0000000000000000E+00  4.056909E+09  1.899729E+07  4.715508E+24  6.989621E+17  2.193530E+08  5.835736E+08  2.678084E+01  9.734636E-05
    258  5.4209597953208588E-01  0.0000000000000000E+00  0.0000000000000000E+00  4.082409E+09  1.901508E+07  4.753950E+24  7.105962E+17  2.197405E+08  5.855602E+08  2.732307E+01  1.785292E-04
    259  5.4215436841158438E-01  0.0000000000000000E+00  0.0000000000000000E+00  4.106910E+09  1.903218E+07  4.791932E+24  7.205781E+17  2.202221E+08  5.875239E+08  2.780892E+01  3.089962E-04
    260  5.4221194666500716E-01  0.0000000000000000E+00  0.0000000000000000E+00  4.131071E+09  1.904904E+07  4.830491E+24  7.291355E+17  2.208163E+08  5.895192E+08  2.824200E+01  5.146766E-04
    261  5.4226876454334583E-01  0.0000000000000000E+00  0.0000000000000000E+00  4.154913E+09  1.906568E+07  4.869687E+24  7.362609E+17  2.215276E+08  5.915492E+08  2.861501E+01  8.269818E-04
    262  5.4232443424202603E-01  0.0000000000000000E+00  0.0000000000000000E+00  4.178273E+09  1.908198E+07  4.909235E+24  7.419707E+17  2.223483E+08  5.935991E+08  2.892203E+01  1.279171E-03
    263  5.4233259606757755E-01  0.0000000000000000E+00  0.0000000000000000E+00  4.181698E+09  1.908437E+07  4.915129E+24  7.427049E+17  2.224788E+08  5.939047E+08  2.896198E+01  1.360352E-03
    264  5.4234328490453731E-01  0.0000000000000000E+00  0.0000000000000000E+00  4.186183E+09  1.908750E+07  4.922886E+24  7.436274E+17  2.226538E+08  5.943069E+08  2.901231E+01  1.473105E-03
    265  5.4236370467769901E-01  0.0000000000000000E+00  0.0000000000000000E+00  4.194751E+09  1.909348E+07  4.937821E+24  7.452699E+17  2.230003E+08  5.950814E+08  2.910221E+01  1.709955E-03
    266  5.4240193449598417E-01  0.0000000000000000E+00  0.0000000000000000E+00  4.210793E+09  1.910467E+07  4.966195E+24  7.479374E+17  2.237129E+08  5.965528E+08  2.924861E+01  2.236143E-03
    267  5.4246450600578922E-01  0.0000000000000000E+00  0.0000000000000000E+00  4.237050E+09  1.912299E+07  5.013774E+24  7.512495E+17  2.249573E+08  5.990195E+08  2.942855E+01  3.362390E-03
    268  5.4252444074660711E-01  0.0000000000000000E+00  0.0000000000000000E+00  4.262199E+09  1.914054E+07  5.060626E+24  7.533592E+17  2.262696E+08  6.014463E+08  2.953695E+01  4.789623E-03
    269  5.4258104689602882E-01  0.0000000000000000E+00  0.0000000000000000E+00  4.285952E+09  1.915712E+07  5.105961E+24  7.545770E+17  2.276026E+08  6.037909E+08  2.958980E+01  6.473067E-03
    270  5.4263348419322577E-01  0.0000000000000000E+00  0.0000000000000000E+00  4.307956E+09  1.917247E+07  5.148832E+24  7.551854E+17  2.289053E+08  6.060038E+08  2.960385E+01  8.323284E-03
    271  5.4267839265559648E-01  0.0000000000000000E+00  0.0000000000000000E+00  4.326800E+09  1.918562E+07  5.186170E+24  7.554113E+17  2.300417E+08  6.079268E+08  2.959524E+01  1.011861E-02
    272  5.4271791804646741E-01  0.0000000000000000E+00  0.0000000000000000E+00  4.343386E+09  1.919720E+07  5.219476E+24  7.554472E+17  2.310866E+08  6.096383E+08  2.957586E+01  1.184589E-02
    273  5.4272385255748778E-01  0.0000000000000000E+00  0.0000000000000000E+00  4.345876E+09  1.919893E+07  5.224511E+24  7.554424E+17  2.312453E+08  6.098967E+08  2.957219E+01  1.211620E-02
    274  5.4273104064969591E-01  0.0000000000000000E+00  0.0000000000000000E+00  4.348996E+09  1.920018E+07  5.230617E+24  7.554326E+17  2.314492E+08  6.102231E+08  2.956739E+01  1.244725E-02
    275  5.4274513957473336E-01  0.0000000000000000E+00  0.0000000000000000E+00  4.355493E+09  1.919947E+07  5.242619E+24  7.554003E+17  2.318925E+08  6.109128E+08  2.955680E+01  1.310999E-02
    276  5.4277030700048323E-01  0.0000000000000000E+00  0.0000000000000000E+00  4.367092E+09  1.919821E+07  5.264182E+24  7.553166E+17  2.326903E+08  6.121503E+08  2.953577E+01  1.433692E-02
    277  5.4281099541139610E-01  0.0000000000000000E+00  0.0000000000000000E+00  4.385844E+09  1.919618E+07  5.299414E+24  7.551253E+17  2.339959E+08  6.141675E+08  2.949706E+01  1.642824E-02
    278  5.4281707028405624E-01  0.0000000000000000E+00  0.0000000000000000E+00  4.388644E+09  1.919587E+07  5.304713E+24  7.550921E+17  2.341924E+08  6.144704E+08  2.949088E+01  1.675069E-02
    279  5.4282416812011491E-01  0.0000000000000000E+00  0.0000000000000000E+00  4.391915E+09  1.919552E+07  5.310917E+24  7.550519E+17  2.344225E+08  6.148249E+08  2.948353E+01  1.713048E-02
    280  5.4283758997414522E-01  0.0000000000000000E+00  0.0000000000000000E+00  4.398100E+09  1.919485E+07  5.322685E+24  7.549726E+17  2.348589E+08  6.154968E+08  2.946933E+01  1.785708E-02
    281  5.4286183332061499E-01  0.0000000000000000E+00  0.0000000000000000E+00  4.409273E+09  1.919363E+07  5.344065E+24  7.548195E+17  2.356515E+08  6.167158E+08  2.944278E+01  1.919440E-02
    282  5.4290258442324124E-01  0.0000000000000000E+00  0.0000000000000000E+00  4.428054E+09  1.919159E+07  5.380356E+24  7.545403E+17  2.369958E+08  6.187800E+08  2.939609E+01  2.149791E-02
    283  5.4296312085787690E-01  0.0000000000000000E+00  0.0000000000000000E+00  4.455953E+09  1.918856E+07  5.435078E+24  7.540943E+17  2.390176E+08  6.218812E+08  2.932371E+01  2.497938E-02
    284  5.4301863629714020E-01  0.0000000000000000E+00  0.0000000000000000E+00  4.481538E+09  1.918578E+07  5.486111E+24  7.536716E+17  2.408951E+08  6.247608E+08  2.925611E+01  2.813658E-02
    285  5.4307030489621932E-01  0.0000000000000000E+00  0.0000000000000000E+00  4.505350E+09  1.918320E+07  5.534338E+24  7.532787E+17  2.426606E+08  6.274710E+08  2.919352E+01  3.095530E-02
    286  5.4311938729635467E-01  0.0000000000000000E+00  0.0000000000000000E+00  4.527971E+09  1.918074E+07  5.580805E+24  7.529141E+17  2.443526E+08  6.300723E+08  2.913528E+01  3.346595E-02
    287  5.4316685934667053E-01  0.0000000000000000E+00  0.0000000000000000E+00  4.549849E+09  1.917836E+07  5.626359E+24  7.525750E+17  2.460023E+08  6.326129E+08  2.908061E+01  3.571138E-02
    288  5.4323668982725493E-01  0.0000000000000000E+00  0.0000000000000000E+00  4.582031E+09  1.917487E+07  5.694478E+24  7.521072E+17  2.484522E+08  6.363946E+08  2.900345E+01  3.870905E-02
    289  5.4330147578660115E-01  0.0000000000000000E+00  0.0000000000000000E+00  4.611889E+09  1.917162E+07  5.758886E+24  7.517112E+17  2.507513E+08  6.399511E+08  2.893485E+01  4.129580E-02
    290  5.4336024046415488E-01  0.0000000000000000E+00  0.0000000000000000E+00  4.638971E+09  1.916868E+07  5.818352E+24  7.513823E+17  2.528614E+08  6.432186E+08  2.887369E+01  4.367066E-02
    291  5.4341452249947764E-01  0.0000000000000000E+00  0.0000000000000000E+00  4.663988E+09  1.916596E+07  5.874194E+24  7.511039E+17  2.548337E+08  6.462730E+08  2.881686E+01  4.606248E-02
    292  5.4346544850242451E-01  0.0000000000000000E+00  0.0000000000000000E+00  4.687458E+09  1.916341E+07  5.927405E+24  7.508653E+17  2.567062E+08  6.491709E+08  2.876233E+01  4.861500E-02
    293  5.4351377816603130E-01  0.0000000000000000E+00  0.0000000000000000E+00  4.709731E+09  1.916099E+07  5.978658E+24  7.506609E+17  2.585046E+08  6.519507E+08  2.870881E+01  5.141797E-02
    294  5.4356036406874297E-01  0.0000000000000000E+00  0.0000000000000000E+00  4.731201E+09  1.915866E+07  6.028774E+24  7.504864E+17  2.602589E+08  6.546580E+08  2.865509E+01  5.455802E-02
    295  5.4360541595120104E-01  0.0000000000000000E+00  0.0000000000000000E+00  4.749756E+09  1.914644E+07  6.070262E+24  7.503956E+17  2.618568E+08  6.570640E+08  2.860747E+01  5.804301E-02
    296  5.4364939045082084E-01  0.0000000000000000E+00  0.0000000000000000E+00  4.767112E+09  1.913112E+07  6.108641E+24  7.503489E+17  2.633930E+08  6.593527E+08  2.856134E+01  6.186870E-02
    297  5.4365616805814232E-01  0.0000000000000000E+00  0.0000000000000000E+00  4.769787E+09  1.912875E+07  6.114600E+24  7.503435E+17  2.636314E+08  6.597074E+08  2.855400E+01  6.250128E-02
    298  5.4366439738991446E-01  0.0000000000000000E+00  0.0000000000000000E+00  4.773035E+09  1.912589E+07  6.121850E+24  7.503378E+17  2.639213E+08  6.601387E+08  2.854502E+01  6.328575E-02
    299  5.4368085605345862E-01  0.0000000000000000E+00  0.0000000000000000E+00  4.779532E+09  1.912015E+07  6.136401E+24  7.503287E+17  2.645032E+08  6.610037E+08  2.852679E+01  6.491029E-02
    300  5.4369635735507482E-01  0.0000000000000000E+00  0.0000000000000000E+00  4.785650E+09  1.911474E+07  6.150170E+24  7.503230E+17  2.650535E+08  6.618211E+08  2.850926E+01  6.651065E-02
    301  5.4372735995830723E-01  0.0000000000000000E+00  0.0000000000000000E+00  4.797886E+09  1.910394E+07  6.177892E+24  7.503197E+17  2.661614E+08  6.634642E+08  2.847305E+01  6.992728E-02
    302  5.4377951339544262E-01  0.0000000000000000E+00  0.0000000000000000E+00  4.818471E+09  1.908576E+07  6.225097E+24  7.503395E+17  2.680473E+08  6.662533E+08  2.840835E+01  7.637954E-02
    303  5.4382371064882784E-01  0.0000000000000000E+00  0.0000000000000000E+00  4.835915E+09  1.907035E+07  6.265669E+24  7.503834E+17  2.696680E+08  6.686420E+08  2.834952E+01  8.261214E-02
    304  5.4383022805549053E-01  0.0000000000000000E+00  0.0000000000000000E+00  4.838487E+09  1.906808E+07  6.271697E+24  7.503913E+17  2.699089E+08  6.689962E+08  2.834043E+01  8.359533E-02
    305  5.4383813985527585E-01  0.0000000000000000E+00  0.0000000000000000E+00  4.841610E+09  1.906532E+07  6.279031E+24  7.504022E+17  2.702019E+08  6.694269E+08  2.832933E+01  8.481182E-02
    306  5.4385396345484638E-01  0.0000000000000000E+00  0.0000000000000000E+00  4.847856E+09  1.905981E+07  6.293749E+24  7.504262E+17  2.707901E+08  6.702906E+08  2.830671E+01  8.732226E-02
    307  5.4386924991225449E-01  0.0000000000000000E+00  0.0000000000000000E+00  4.853889E+09  1.905448E+07  6.308035E+24  7.504522E+17  2.713612E+08  6.711278E+08  2.828429E+01  8.984823E-02
    308  5.4389982282707072E-01  0.0000000000000000E+00  0.0000000000000000E+00  4.865956E+09  1.904382E+07  6.336803E+24  7.505125E+17  2.725116E+08  6.728108E+08  2.823770E+01  9.520952E-02
    309  5.4390485182373904E-01  0.0000000000000000E+00  0.0000000000000000E+00  4.867941E+09  1.904207E+07  6.341561E+24  7.505233E+17  2.727019E+08  6.730888E+08  2.822979E+01  9.613228E-02
    310  5.4391114564317555E-01  0.0000000000000000E+00  0.0000000000000000E+00  4.870425E+09  1.903988E+07  6.347525E+24  7.505375E+17  2.729406E+08  6.734371E+08  2.821981E+01  9.730378E-02
    311  5.4392373328204857E-01  0.0000000000000000E+00  0.0000000000000000E+00  4.875393E+09  1.903549E+07  6.359488E+24  7.505673E+17  2.734193E+08  6.741352E+08  2.819955E+01  9.970326E-02
    312  5.4393584562494135E-01  0.0000000000000000E+00  0.0000000000000000E+00  4.880174E+09  1.903127E+07  6.371042E+24  7.505976E+17  2.738818E+08  6.748088E+08  2.817964E+01  1.020846E-01
    313  5.4396007031072680E-01  0.0000000000000000E+00  0.0000000000000000E+00  4.889735E+09  1.902282E+07  6.394279E+24  7.506635E+17  2.748125E+08  6.761615E+08  2.813857E+01  1.070666E-01
    314  5.4396491524788393E-01  0.0000000000000000E+00  0.0000000000000000E+00  4.891647E+09  1.902113E+07  6.398947E+24  7.506771E+17  2.749997E+08  6.764330E+08  2.813011E+01  1.080988E-01
    315  5.4396927585325727E-01  0.0000000000000000E+00  0.0000000000000000E+00  4.893369E+09  1.901961E+07  6.403154E+24  7.506898E+17  2.751683E+08  6.766776E+08  2.812246E+01  1.090383E-01
    316  5.4397799706400385E-01  0.0000000000000000E+00  0.0000000000000000E+00  4.896811E+09  1.901657E+07  6.411586E+24  7.507160E+17  2.755063E+08  6.771674E+08  2.810701E+01  1.109473E-01
    317  5.4399543948549711E-01  0.0000000000000000E+00  0.0000000000000000E+00  4.903695E+09  1.901049E+07  6.428517E+24  7.507708E+17  2.761854E+08  6.781500E+08  2.807539E+01  1.148871E-01
    318  5.4403032432848353E-01  0.0000000000000000E+00  0.0000000000000000E+00  4.917464E+09  1.899833E+07  6.462653E+24  7.508898E+17  2.775561E+08  6.801271E+08  2.800921E+01  1.232685E-01
    319  5.4403569818346975E-01  0.0000000000000000E+00  0.0000000000000000E+00  4.919585E+09  1.899646E+07  6.467945E+24  7.509087E+17  2.777689E+08  6.804331E+08  2.799860E+01  1.246209E-01
    320  5.4404215356144991E-01  0.0000000000000000E+00  0.0000000000000000E+00  4.922133E+09  1.899421E+07  6.474313E+24  7.509324E+17  2.780249E+08  6.808012E+08  2.798580E+01  1.262675E-01
    321  5.4405506431741024E-01  0.0000000000000000E+00  0.0000000000000000E+00  4.927229E+09  1.898971E+07  6.487088E+24  7.509809E+17  2.785387E+08  6.815389E+08  2.795974E+01  1.296338E-01
    322  5.4406762144301557E-01  0.0000000000000000E+00  0.0000000000000000E+00  4.932185E+09  1.898533E+07  6.499562E+24  7.510295E+17  2.790408E+08  6.822586E+08  2.793384E+01  1.330026E-01
    323  5.4409273569422623E-01  0.0000000000000000E+00  0.0000000000000000E+00  4.942097E+09  1.897658E+07  6.524659E+24  7.511308E+17  2.800519E+08  6.837042E+08  2.788031E+01  1.400267E-01
    324  5.4409775854446840E-01  0.0000000000000000E+00  0.0000000000000000E+00  4.944080E+09  1.897483E+07  6.529702E+24  7.511513E+17  2.802553E+08  6.839944E+08  2.786928E+01  1.414779E-01
    325  5.4410255557881138E-01  0.0000000000000000E+00  0.0000000000000000E+00  4.945973E+09  1.897316E+07  6.534526E+24  7.511713E+17  2.804499E+08  6.842718E+08  2.785870E+01  1.428786E-01
    326  5.4411214964749732E-01  0.0000000000000000E+00  0.0000000000000000E+00  4.949760E+09  1.896981E+07  6.544196E+24  7.512120E+17  2.808401E+08  6.848276E+08  2.783727E+01  1.457235E-01
    327  5.4413133778486933E-01  0.0000000000000000E+00  0.0000000000000000E+00  4.957333E+09  1.896312E+07  6.563623E+24  7.512951E+17  2.816249E+08  6.859429E+08  2.779333E+01  1.515884E-01
    328  5.4416971405961323E-01  0.0000000000000000E+00  0.0000000000000000E+00  4.972480E+09  1.894975E+07  6.602835E+24  7.514677E+17  2.832118E+08  6.881886E+08  2.770102E+01  1.640333E-01
    329  5.4417539789625824E-01  0.0000000000000000E+00  0.0000000000000000E+00  4.974723E+09  1.894776E+07  6.608685E+24  7.514930E+17  2.834490E+08  6.885230E+08  2.768673E+01  1.659592E-01
    330  5.4418221874593364E-01  0.0000000000000000E+00  0.0000000000000000E+00  4.977415E+09  1.894539E+07  6.615718E+24  7.515245E+17  2.837343E+08  6.889248E+08  2.766951E+01  1.682986E-01
    331  5.4418922230052269E-01  0.0000000000000000E+00  0.0000000000000000E+00  4.980180E+09  1.894295E+07  6.622955E+24  7.515569E+17  2.840279E+08  6.893380E+08  2.765163E+01  1.707331E-01
    332  5.4420322940970089E-01  0.0000000000000000E+00  0.0000000000000000E+00  4.985708E+09  1.893806E+07  6.637478E+24  7.516222E+17  2.846177E+08  6.901666E+08  2.761521E+01  1.757011E-01
    333  5.4423124362805730E-01  0.0000000000000000E+00  0.0000000000000000E+00  4.996765E+09  1.892830E+07  6.666722E+24  7.517534E+17  2.858073E+08  6.918321E+08  2.753975E+01  1.860368E-01
    334  5.4423604645026036E-01  0.0000000000000000E+00  0.0000000000000000E+00  4.998661E+09  1.892662E+07  6.671763E+24  7.517753E+17  2.860128E+08  6.921188E+08  2.752639E+01  1.878625E-01
    335  5.4424129009328082E-01  0.0000000000000000E+00  0.0000000000000000E+00  5.000730E+09  1.892480E+07  6.677276E+24  7.517992E+17  2.862375E+08  6.924322E+08  2.751168E+01  1.898750E-01
    336  5.4425010489743963E-01  0.0000000000000000E+00  0.0000000000000000E+00  5.004209E+09  1.892172E+07  6.686563E+24  7.518406E+17  2.866162E+08  6.929598E+08  2.748680E+01  1.932997E-01
    337  5.4426773450575727E-01  0.0000000000000000E+00  0.0000000000000000E+00  5.011168E+09  1.891558E+07  6.705218E+24  7.519221E+17  2.873779E+08  6.940184E+08  2.743589E+01  2.003081E-01
    338  5.4428669356018489E-01  0.0000000000000000E+00  0.0000000000000000E+00  5.018651E+09  1.890897E+07  6.725400E+24  7.520084E+17  2.882033E+08  6.951642E+08  2.737946E+01  2.080841E-01
    339  5.4432461166904023E-01  0.0000000000000000E+00  0.0000000000000000E+00  5.033617E+09  1.889575E+07  6.766144E+24  7.521736E+17  2.898743E+08  6.974720E+08  2.726121E+01  2.243778E-01
    340  5.4433030371821545E-01  0.0000000000000000E+00  0.0000000000000000E+00  5.035863E+09  1.889377E+07  6.772306E+24  7.521962E+17  2.901278E+08  6.978204E+08  2.724269E+01  2.269089E-01
    341  5.4433720109454053E-01  0.0000000000000000E+00  0.0000000000000000E+00  5.038586E+09  1.889136E+07  6.779787E+24  7.522243E+17  2.904355E+08  6.982432E+08  2.722018E+01  2.300053E-01
    342  5.4434421657549725E-01  0.0000000000000000E+00  0.0000000000000000E+00  5.041355E+09  1.888892E+07  6.787413E+24  7.522523E+17  2.907494E+08  6.986739E+08  2.719701E+01  2.331878E-01
    343  5.4435824753741058E-01  0.0000000000000000E+00  0.0000000000000000E+00  5.046892E+09  1.888403E+07  6.802720E+24  7.523062E+17  2.913803E+08  6.995377E+08  2.714988E+01  2.396522E-01
    344  5.4438630946123734E-01  0.0000000000000000E+00  0.0000000000000000E+00  5.057968E+09  1.887425E+07  6.833551E+24  7.524045E+17  2.926539E+08  7.012743E+08  2.705240E+01  2.529743E-01
    345  5.4439131494592052E-01  0.0000000000000000E+00  0.0000000000000000E+00  5.059944E+09  1.887250E+07  6.839082E+24  7.524198E+17  2.928829E+08  7.015854E+08  2.703448E+01  2.554047E-01
    346  5.4439672208826628E-01  0.0000000000000000E+00  0.0000000000000000E+00  5.062078E+09  1.887062E+07  6.845066E+24  7.524365E+17  2.931308E+08  7.019219E+08  2.701503E+01  2.580486E-01
    347  5.4440753637295769E-01  0.0000000000000000E+00  0.0000000000000000E+00  5.065590E+09  1.886607E+07  6.854593E+24  7.525337E+17  2.935512E+08  7.024856E+08  2.698297E+01  2.633941E-01
    348  5.4442355527139863E-01  0.0000000000000000E+00  0.0000000000000000E+00  5.063758E+09  1.885208E+07  6.845723E+24  7.532831E+17  2.934567E+08  7.022935E+08  2.700414E+01  2.712469E-01
    349  5.4444372430898547E-01  0.0000000000000000E+00  0.0000000000000000E+00  5.061452E+09  1.883447E+07  6.834546E+24  7.542028E+17  2.933348E+08  7.020506E+08  2.703237E+01  2.806782E-01
    350  5.4448406238415914E-01  0.0000000000000000E+00  0.0000000000000000E+00  5.056839E+09  1.879925E+07  6.812179E+24  7.559649E+17  2.930837E+08  7.015621E+08  2.709292E+01  2.981574E-01
    351  5.4456473853450660E-01  0.0000000000000000E+00  0.0000000000000000E+00  5.047614E+09  1.872880E+07  6.767459E+24  7.592181E+17  2.925622E+08  7.005785E+08  2.722526E+01  3.284888E-01
    352  5.4470932206678613E-01  0.0000000000000000E+00  0.0000000000000000E+00  5.031081E+09  1.860255E+07  6.687586E+24  7.643289E+17  2.915988E+08  6.988063E+08  2.748238E+01  3.713717E-01
    353  5.4482999325477555E-01  0.0000000000000000E+00  0.0000000000000000E+00  5.017283E+09  1.849719E+07  6.621334E+24  7.680534E+17  2.907890E+08  6.973258E+08  2.770517E+01  3.991730E-01
    354  5.4485084232943548E-01  0.0000000000000000E+00  0.0000000000000000E+00  5.014899E+09  1.847898E+07  6.609929E+24  7.686580E+17  2.906491E+08  6.970701E+08  2.774412E+01  4.034110E-01
    355  5.4487749102956651E-01  0.0000000000000000E+00  0.0000000000000000E+00  5.011852E+09  1.845571E+07  6.595372E+24  7.694143E+17  2.904708E+08  6.967435E+08  2.779387E+01  4.086168E-01
    356  5.4493078842982867E-01  0.0000000000000000E+00  0.0000000000000000E+00  5.005757E+09  1.840917E+07  6.566322E+24  7.708787E+17  2.901151E+08  6.960926E+08  2.789358E+01  4.183731E-01
    357  5.4494144790988108E-01  0.0000000000000000E+00  0.0000000000000000E+00  5.004538E+09  1.839986E+07  6.560523E+24  7.711644E+17  2.900441E+08  6.959624E+08  2.791356E+01  4.202266E-01
    358  5.4495419688126867E-01  0.0000000000000000E+00  0.0000000000000000E+00  5.003081E+09  1.838873E+07  6.553591E+24  7.715029E+17  2.899593E+08  6.958068E+08  2.793744E+01  4.224030E-01
    359  5.4497969482404396E-01  0.0000000000000000E+00  0.0000000000000000E+00  5.000165E+09  1.836647E+07  6.539744E+24  7.721703E+17  2.897900E+08  6.954957E+08  2.798521E+01  4.266282E-01
    360  5.4498479441259906E-01  0.0000000000000000E+00  0.0000000000000000E+00  4.999582E+09  1.836202E+07  6.536976E+24  7.723028E+17  2.897561E+08  6.954335E+08  2.799485E+01  4.274514E-01
    361  5.4498962021647224E-01  0.0000000000000000E+00  0.0000000000000000E+00  4.999030E+09  1.835780E+07  6.534359E+24  7.724270E+17  2.897241E+08  6.953747E+08  2.800385E+01  4.282265E-01
    362  5.4499927182421859E-01  0.0000000000000000E+00  0.0000000000000000E+00  4.997926E+09  1.834937E+07  6.529125E+24  7.726745E+17  2.896602E+08  6.952570E+08  2.802194E+01  4.297596E-01
    363  5.4501089860934160E-01  0.0000000000000000E+00  0.0000000000000000E+00  4.996597E+09  1.833922E+07  6.522825E+24  7.729704E+17  2.895833E+08  6.951153E+08  2.804372E+01  4.315770E-01
    364  5.4503415217958762E-01  0.0000000000000000E+00  0.0000000000000000E+00  4.993938E+09  1.831892E+07  6.510237E+24  7.735549E+17  2.894297E+08  6.948319E+08  2.808728E+01  4.351177E-01
    365  5.4508065932007954E-01  0.0000000000000000E+00  0.0000000000000000E+00  4.988620E+09  1.827831E+07  6.485112E+24  7.746963E+17  2.891235E+08  6.942656E+08  2.817436E+01  4.418438E-01
    366  5.4517367360106350E-01  0.0000000000000000E+00  0.0000000000000000E+00  4.977984E+09  1.819709E+07  6.435070E+24  7.768770E+17  2.885158E+08  6.931348E+08  2.834817E+01  4.540195E-01
    367  5.4519171813584089E-01  0.0000000000000000E+00  0.0000000000000000E+00  4.975921E+09  1.818133E+07  6.425393E+24  7.772863E+17  2.883984E+08  6.929156E+08  2.838191E+01  4.562038E-01
    368  5.4521489113556310E-01  0.0000000000000000E+00  0.0000000000000000E+00  4.973271E+09  1.816110E+07  6.412982E+24  7.778047E+17  2.882483E+08  6.926344E+08  2.842511E+01  4.589309E-01
    369  5.4521952573550758E-01  0.0000000000000000E+00  0.0000000000000000E+00  4.972741E+09  1.815705E+07  6.410502E+24  7.779076E+17  2.882182E+08  6.925782E+08  2.843375E+01  4.594661E-01
    370  5.4522475628506961E-01  0.0000000000000000E+00  0.0000000000000000E+00  4.972143E+09  1.815248E+07  6.407704E+24  7.780233E+17  2.881844E+08  6.925147E+08  2.844349E+01  4.600661E-01
    371  5.4523521738419367E-01  0.0000000000000000E+00  0.0000000000000000E+00  4.973003E+09  1.814434E+07  6.408277E+24  7.780242E+17  2.883471E+08  6.926976E+08  2.843414E+01  4.612203E-01
    372  5.4525446426857116E-01  0.0000000000000000E+00  0.0000000000000000E+00  4.978055E+09  1.813104E+07  6.419776E+24  7.776308E+17  2.890378E+08  6.935586E+08  2.836750E+01  4.632511E-01
    373  5.4529295803732614E-01  0.0000000000000000E+00  0.0000000000000000E+00  4.988158E+09  1.810444E+07  6.442932E+24  7.768406E+17  2.904287E+08  6.952896E+08  2.823323E+01  4.674962E-01
    374  5.4530065679107709E-01  0.0000000000000000E+00  0.0000000000000000E+00  4.990179E+09  1.809912E+07  6.447590E+24  7.766813E+17  2.907085E+08  6.956373E+08  2.820614E+01  4.683754E-01
    375  5.4530880273068083E-01  0.0000000000000000E+00  0.0000000000000000E+00  4.992317E+09  1.809349E+07  6.452527E+24  7.765134E+17  2.910050E+08  6.960057E+08  2.817750E+01  4.693170E-01
    376  5.4532509460988832E-01  0.0000000000000000E+00  0.0000000000000000E+00  4.996593E+09  1.808223E+07  6.462429E+24  7.761766E+17  2.915998E+08  6.967440E+08  2.812003E+01  4.712347E-01
    377  5.4532835298572979E-01  0.0000000000000000E+00  0.0000000000000000E+00  4.997449E+09  1.807997E+07  6.464415E+24  7.761089E+17  2.917190E+08  6.968919E+08  2.810848E+01  4.716237E-01
    378  5.4533154170171561E-01  0.0000000000000000E+00  0.0000000000000000E+00  4.998286E+09  1.807777E+07  6.466359E+24  7.760430E+17  2.918358E+08  6.970368E+08  2.809720E+01  4.720063E-01
    379  5.4533791913368723E-01  0.0000000000000000E+00  0.0000000000000000E+00  4.999959E+09  1.807336E+07  6.470252E+24  7.759107E+17  2.920696E+08  6.973267E+08  2.807458E+01  4.727769E-01
    380  5.4535067399763060E-01  0.0000000000000000E+00  0.0000000000000000E+00  5.003307E+09  1.806455E+07  6.478056E+24  7.756455E+17  2.925384E+08  6.979076E+08  2.802921E+01  4.743445E-01
    381  5.4537098291716579E-01  0.0000000000000000E+00  0.0000000000000000E+00  5.008638E+09  1.805051E+07  6.490531E+24  7.752222E+17  2.932877E+08  6.988352E+08  2.795667E+01  4.768905E-01
    382  5.4539444256136560E-01  0.0000000000000000E+00  0.0000000000000000E+00  5.014795E+09  1.803430E+07  6.505017E+24  7.747313E+17  2.941578E+08  6.999118E+08  2.787238E+01  4.799277E-01
    383  5.4544136184976511E-01  0.0000000000000000E+00  0.0000000000000000E+00  5.027110E+09  1.800187E+07  6.534239E+24  7.737412E+17  2.959134E+08  7.020809E+08  2.770197E+01  4.863054E-01
    384  5.4553330711432169E-01  0.0000000000000000E+00  0.0000000000000000E+00  5.051243E+09  1.793833E+07  6.592489E+24  7.717562E+17  2.994164E+08  7.063871E+08  2.735983E+01  5.000016E-01
    385  5.4562084055534321E-01  0.0000000000000000E+00  0.0000000000000000E+00  5.074218E+09  1.787783E+07  6.649187E+24  7.698025E+17  3.028313E+08  7.105566E+08  2.702362E+01  5.145312E-01
    386  5.4570512459009146E-01  0.0000000000000000E+00  0.0000000000000000E+00  5.096341E+09  1.781958E+07  6.704975E+24  7.678354E+17  3.061992E+08  7.146382E+08  2.668846E+01  5.298765E-01
    387  5.4578676216909450E-01  0.0000000000000000E+00  0.0000000000000000E+00  5.117768E+09  1.776316E+07  6.760165E+24  7.658280E+17  3.095405E+08  7.186564E+08  2.635231E+01  5.459474E-01
    388  5.4579869721486085E-01  0.0000000000000000E+00  0.0000000000000000E+00  5.120901E+09  1.775491E+07  6.768335E+24  7.655213E+17  3.100365E+08  7.192495E+08  2.630181E+01  5.483910E-01
    389  5.4581261177819840E-01  0.0000000000000000E+00  0.0000000000000000E+00  5.124553E+09  1.774529E+07  6.777889E+24  7.651632E+17  3.106164E+08  7.199426E+08  2.624292E+01  5.512690E-01
    390  5.4584044090487349E-01  0.0000000000000000E+00  0.0000000000000000E+00  5.131857E+09  1.772606E+07  6.797100E+24  7.644342E+17  3.117837E+08  7.213345E+08  2.612398E+01  5.571157E-01
    391  5.4589549062224074E-01  0.0000000000000000E+00  0.0000000000000000E+00  5.146306E+09  1.768801E+07  6.835515E+24  7.629406E+17  3.141224E+08  7.241110E+08  2.588427E+01  5.690182E-01
    392  5.4599100209192319E-01  0.0000000000000000E+00  0.0000000000000000E+00  5.171375E+09  1.762200E+07  6.903512E+24  7.601497E+17  3.182800E+08  7.290032E+08  2.545273E+01  5.906050E-01
    393  5.4599974947049124E-01  0.0000000000000000E+00  0.0000000000000000E+00  5.173671E+09  1.761596E+07  6.909822E+24  7.598843E+17  3.186665E+08  7.294558E+08  2.541256E+01  5.926318E-01
    394  5.4600994239399625E-01  0.0000000000000000E+00  0.0000000000000000E+00  5.176347E+09  1.760891E+07  6.917197E+24  7.595683E+17  3.191190E+08  7.299845E+08  2.536525E+01  5.950043E-01
    395  5.4603032824100628E-01  0.0000000000000000E+00  0.0000000000000000E+00  5.181698E+09  1.759482E+07  6.932008E+24  7.589256E+17  3.200286E+08  7.310453E+08  2.526992E+01  5.997782E-01
    396  5.4607070696188498E-01  0.0000000000000000E+00  0.0000000000000000E+00  5.179940E+09  1.755641E+07  6.917457E+24  7.597189E+17  3.202010E+08  7.310734E+08  2.528559E+01  6.098136E-01
    397  5.4610988297803775E-01  0.0000000000000000E+00  0.0000000000000000E+00  5.173459E+09  1.751509E+07  6.886395E+24  7.612544E+17  3.197319E+08  7.302962E+08  2.538254E+01  6.188961E-01
    398  5.4618505007541884E-01  0.0000000000000000E+00  0.0000000000000000E+00  5.161026E+09  1.743581E+07  6.827020E+24  7.640830E+17  3.188254E+08  7.288040E+08  2.557420E+01  6.339734E-01
    399  5.4631227419128714E-01  0.0000000000000000E+00  0.0000000000000000E+00  5.139981E+09  1.730161E+07  6.727254E+24  7.685885E+17  3.172820E+08  7.262785E+08  2.591152E+01  6.541887E-01
    400  5.4633149161856887E-01  0.0000000000000000E+00  0.0000000000000000E+00  5.136802E+09  1.728134E+07  6.712265E+24  7.692454E+17  3.170482E+08  7.258972E+08  2.596379E+01  6.567908E-01
    401  5.4635631836317045E-01  0.0000000000000000E+00  0.0000000000000000E+00  5.132696E+09  1.725516E+07  6.692938E+24  7.700831E+17  3.167466E+08  7.254048E+08  2.603147E+01  6.600054E-01
    402  5.4640597185237361E-01  0.0000000000000000E+00  0.0000000000000000E+00  5.124482E+09  1.720278E+07  6.654395E+24  7.717310E+17  3.161436E+08  7.244207E+08  2.616805E+01  6.659827E-01
    403  5.4650237672381963E-01  0.0000000000000000E+00  0.0000000000000000E+00  5.108536E+09  1.710110E+07  6.580001E+24  7.748353E+17  3.149753E+08  7.225126E+08  2.643720E+01  6.761130E-01
    404  5.4667636088537619E-01  0.0000000000000000E+00  0.0000000000000000E+00  5.079756E+09  1.691758E+07  6.447200E+24  7.801892E+17  3.128766E+08  7.190787E+08  2.693586E+01  6.906127E-01
    405  5.4683822417744865E-01  0.0000000000000000E+00  0.0000000000000000E+00  5.052982E+09  1.674685E+07  6.325391E+24  7.849059E+17  3.109472E+08  7.158995E+08  2.740917E+01  7.009727E-01
    406  5.4699528548206733E-01  0.0000000000000000E+00  0.0000000000000000E+00  5.056875E+09  1.661859E+07  6.309077E+24  7.843861E+17  3.129038E+08  7.177002E+08  2.729573E+01  7.079931E-01
    407  5.4714816536956856E-01  0.0000000000000000E+00  0.0000000000000000E+00  5.061650E+09  1.649498E+07  6.296678E+24  7.836747E+17  3.149701E+08  7.196460E+08  2.716393E+01  7.145771E-01
    408  5.4745392514457092E-01  0.0000000000000000E+00  0.0000000000000000E+00  5.071200E+09  1.624776E+07  6.272350E+24  7.821100E+17  3.192178E+08  7.236379E+08  2.689156E+01  7.272423E-01
    409  5.4751507709957137E-01  0.0000000000000000E+00  0.0000000000000000E+00  5.073110E+09  1.619831E+07  6.267561E+24  7.817732E+17  3.200865E+08  7.244527E+08  2.683561E+01  7.296952E-01
    410  5.4757433744419337E-01  0.0000000000000000E+00  0.0000000000000000E+00  5.074961E+09  1.615040E+07  6.262943E+24  7.814411E+17  3.209340E+08  7.252474E+08  2.678112E+01  7.320497E-01
    411  5.4769285813343738E-01  0.0000000000000000E+00  0.0000000000000000E+00  5.072460E+09  1.604920E+07  6.232995E+24  7.818750E+17  3.217818E+08  7.257764E+08  2.679457E+01  7.370491E-01
    412  5.4788570556008509E-01  0.0000000000000000E+00  0.0000000000000000E+00  5.058086E+09  1.587561E+07  6.150147E+24  7.843814E+17  3.217429E+08  7.248650E+08  2.702434E+01  7.449001E-01
    413  5.4821993894679966E-01  0.0000000000000000E+00  0.0000000000000000E+00  5.033174E+09  1.557476E+07  6.007977E+24  7.885331E+17  3.217248E+08  7.233221E+08  2.742760E+01  7.560004E-01
    414  5.4826915447786584E-01  0.0000000000000000E+00  0.0000000000000000E+00  5.029505E+09  1.553046E+07  5.987191E+24  7.891296E+17  3.217270E+08  7.230987E+08  2.748784E+01  7.574164E-01
    415  5.4833555452747007E-01  0.0000000000000000E+00  0.0000000000000000E+00  5.024556E+09  1.547069E+07  5.959212E+24  7.899240E+17  3.217331E+08  7.227993E+08  2.756882E+01  7.592526E-01
    416  5.4846835462667853E-01  0.0000000000000000E+00  0.0000000000000000E+00  5.016507E+09  1.536522E+07  5.912081E+24  7.912104E+17  3.218533E+08  7.224006E+08  2.769821E+01  7.625952E-01
    417  5.4868616287812400E-01  0.0000000000000000E+00  0.0000000000000000E+00  5.007704E+09  1.522567E+07  5.855578E+24  7.926153E+17  3.223040E+08  7.222219E+08  2.783204E+01  7.673945E-01
    418  5.4892222724420803E-01  0.0000000000000000E+00  0.0000000000000000E+00  4.998162E+09  1.507442E+07  5.794632E+24  7.940957E+17  3.228130E+08  7.220426E+08  2.797718E+01  7.720923E-01
    419  5.4931458540543565E-01  0.0000000000000000E+00  0.0000000000000000E+00  4.980453E+09  1.481887E+07  5.687635E+24  7.967829E+17  3.234792E+08  7.214767E+08  2.825715E+01  7.790173E-01
    420  5.4988803890194937E-01  0.0000000000000000E+00  0.0000000000000000E+00  4.949190E+09  1.443323E+07  5.514818E+24  8.014373E+17  3.238960E+08  7.198454E+08  2.878460E+01  7.874188E-01
    421  5.5042409388017310E-01  0.0000000000000000E+00  0.0000000000000000E+00  4.930143E+09  1.418432E+07  5.407973E+24  8.042312E+17  3.244121E+08  7.190494E+08  2.910386E+01  7.933194E-01
    422  5.5094490853235889E-01  0.0000000000000000E+00  0.0000000000000000E+00  4.912976E+09  1.396695E+07  5.314022E+24  8.067240E+17  3.248273E+08  7.182861E+08  2.939807E+01  7.981720E-01
    423  5.5180626428523616E-01  0.0000000000000000E+00  0.0000000000000000E+00  4.886053E+09  1.363904E+07  5.171055E+24  8.105615E+17  3.253830E+08  7.170013E+08  2.986990E+01  8.047890E-01
    424  5.5255714839886860E-01  0.0000000000000000E+00  0.0000000000000000E+00  4.870185E+09  1.346226E+07  5.091096E+24  8.128920E+17  3.255130E+08  7.160811E+08  3.015988E+01  8.093180E-01
    425  5.5371529275727904E-01  0.0000000000000000E+00  0.0000000000000000E+00  4.849341E+09  1.322434E+07  4.985921E+24  8.159099E+17  3.258175E+08  7.149748E+08  3.054345E+01  8.151852E-01
    426  5.5390676853942800E-01  0.0000000000000000E+00  0.0000000000000000E+00  4.845643E+09  1.317593E+07  4.966132E+24  8.164085E+17  3.259740E+08  7.148596E+08  3.060852E+01  8.160529E-01
    427  5.5415803566749833E-01  0.0000000000000000E+00  0.0000000000000000E+00  4.840790E+09  1.311240E+07  4.940230E+24  8.170516E+17  3.261852E+08  7.147121E+08  3.069305E+01  8.171535E-01
    428  5.5466056992363899E-01  0.0000000000000000E+00  0.0000000000000000E+00  4.831148E+09  1.302861E+07  4.897489E+24  8.184677E+17  3.259525E+08  7.138956E+08  3.088426E+01  8.192778E-01
    429  5.5566563843592032E-01  0.0000000000000000E+00  0.0000000000000000E+00  4.807675E+09  1.277103E+07  4.783688E+24  8.215609E+17  3.262839E+08  7.126126E+08  3.131671E+01  8.231341E-01
    430  5.5582343198751138E-01  0.0000000000000000E+00  0.0000000000000000E+00  4.804174E+09  1.273191E+07  4.766690E+24  8.220200E+17  3.263497E+08  7.124340E+08  3.138217E+01  8.236742E-01
    431  5.5604038517185084E-01  0.0000000000000000E+00  0.0000000000000000E+00  4.799361E+09  1.267812E+07  4.743380E+24  8.226367E+17  3.264458E+08  7.121910E+08  3.147060E+01  8.243949E-01
    432  5.5647429154052974E-01  0.0000000000000000E+00  0.0000000000000000E+00  4.788792E+09  1.257370E+07  4.695124E+24  8.240124E+17  3.264478E+08  7.114877E+08  3.167172E+01  8.258101E-01
    433  5.5722671833653770E-01  0.0000000000000000E+00  0.0000000000000000E+00  4.770728E+09  1.239042E+07  4.612348E+24  8.262983E+17  3.265633E+08  7.103715E+08  3.201284E+01  8.280222E-01
    434  5.5844869084858162E-01  0.0000000000000000E+00  0.0000000000000000E+00  4.737476E+09  1.206032E+07  4.463512E+24  8.303615E+17  3.267697E+08  7.082921E+08  3.264461E+01  8.312229E-01
    435  5.5856457502484624E-01  0.0000000000000000E+00  0.0000000000000000E+00  4.734118E+09  1.202868E+07  4.448964E+24  8.307601E+17  3.267709E+08  7.080640E+08  3.270839E+01  8.315058E-01
    436  5.5870592199748670E-01  0.0000000000000000E+00  0.0000000000000000E+00  4.730021E+09  1.199010E+07  4.431251E+24  8.312494E+17  3.267732E+08  7.077865E+08  3.278702E+01  8.318393E-01
    437  5.5898861594276761E-01  0.0000000000000000E+00  0.0000000000000000E+00  4.723225E+09  1.191788E+07  4.400352E+24  8.320337E+17  3.269231E+08  7.074417E+08  3.291304E+01  8.324347E-01
    438  5.5955400383332932E-01  0.0000000000000000E+00  0.0000000000000000E+00  4.708940E+09  1.177328E+07  4.337169E+24  8.336750E+17  3.271375E+08  7.066311E+08  3.318106E+01  8.335787E-01
    439  5.6055640943828844E-01  0.0000000000000000E+00  0.0000000000000000E+00  4.682757E+09  1.151856E+07  4.224600E+24  8.366380E+17  3.274252E+08  7.050465E+08  3.367829E+01  8.354184E-01
    440  5.6152972766537701E-01  0.0000000000000000E+00  0.0000000000000000E+00  4.658904E+09  1.129628E+07  4.125319E+24  8.392706E+17  3.275969E+08  7.035144E+08  3.413391E+01  8.369442E-01
    441  5.6251961658497240E-01  0.0000000000000000E+00  0.0000000000000000E+00  4.635597E+09  1.109355E+07  4.032311E+24  8.418077E+17  3.275880E+08  7.018511E+08  3.458606E+01  8.383012E-01
    442  5.6261779862682060E-01  0.0000000000000000E+00  0.0000000000000000E+00  4.633190E+09  1.107065E+07  4.022403E+24  8.420587E+17  3.276257E+08  7.017110E+08  3.463153E+01  8.384277E-01
    443  5.6274828730931759E-01  0.0000000000000000E+00  0.0000000000000000E+00  4.629992E+09  1.104021E+07  4.009255E+24  8.423901E+17  3.276776E+08  7.015257E+08  3.469170E+01  8.385932E-01
    444  5.6300926467431156E-01  0.0000000000000000E+00  0.0000000000000000E+00  4.620939E+09  1.097011E+07  3.975207E+24  8.433644E+17  3.275293E+08  7.007667E+08  3.487102E+01  8.389895E-01
    445  5.6341972054827971E-01  0.0000000000000000E+00  0.0000000000000000E+00  4.603961E+09  1.084697E+07  3.913391E+24  8.451754E+17  3.271159E+08  6.992316E+08  3.521018E+01  8.396658E-01
    446  5.6408710023282560E-01  0.0000000000000000E+00  0.0000000000000000E+00  4.578867E+09  1.063883E+07  3.818207E+24  8.477015E+17  3.270586E+08  6.973931E+08  3.569390E+01  8.405887E-01
    447  5.6471963872447972E-01  0.0000000000000000E+00  0.0000000000000000E+00  4.552848E+09  1.043839E+07  3.723792E+24  8.502600E+17  3.267772E+08  6.952992E+08  3.619844E+01  8.414313E-01
    448  5.6536832263240444E-01  0.0000000000000000E+00  0.0000000000000000E+00  4.523644E+09  1.021979E+07  3.620631E+24  8.530408E+17  3.264180E+08  6.929008E+08  3.676390E+01  8.422736E-01
    449  5.6598732854313394E-01  0.0000000000000000E+00  0.0000000000000000E+00  4.498616E+09  1.001907E+07  3.531106E+24  8.552887E+17  3.264584E+08  6.911041E+08  3.723359E+01  8.429306E-01
    450  5.6659397645869547E-01  0.0000000000000000E+00  0.0000000000000000E+00  4.472628E+09  9.836606E+06  3.444210E+24  8.576052E+17  3.260387E+08  6.888637E+08  3.773098E+01  8.435634E-01
    451  5.6718836172338816E-01  0.0000000000000000E+00  0.0000000000000000E+00  4.451418E+09  9.666948E+06  3.370492E+24  8.593689E+17  3.261890E+08  6.874135E+08  3.811794E+01  8.440457E-01
    452  5.6728108454291482E-01  0.0000000000000000E+00  0.0000000000000000E+00  4.448505E+09  9.641861E+06  3.360110E+24  8.596051E+17  3.262517E+08  6.872468E+08  3.817033E+01  8.441102E-01
    453  5.6738419737216728E-01  0.0000000000000000E+00  0.0000000000000000E+00  4.445027E+09  9.613750E+06  3.348073E+24  8.598871E+17  3.262898E+08  6.870182E+08  3.823311E+01  8.441793E-01
    454  5.6757530802717970E-01  0.0000000000000000E+00  0.0000000000000000E+00  4.436212E+09  9.558475E+06  3.320552E+24  8.606346E+17  3.260488E+08  6.861724E+08  3.840094E+01  8.443540E-01
    455  5.6795752933720445E-01  0.0000000000000000E+00  0.0000000000000000E+00  4.418070E+09  9.443144E+06  3.264063E+24  8.621371E+17  3.256074E+08  6.844689E+08  3.874267E+01  8.447176E-01
    456  5.6861003843965763E-01  0.0000000000000000E+00  0.0000000000000000E+00  4.391311E+09  9.256103E+06  3.178777E+24  8.642349E+17  3.253844E+08  6.822758E+08  3.922942E+01  8.452213E-01
    457  5.6957233261712026E-01  0.0000000000000000E+00  0.0000000000000000E+00  4.356766E+09  9.024366E+06  3.072305E+24  8.668434E+17  3.249886E+08  6.793351E+08  3.985179E+01  8.458194E-01
    458  5.7038584549722648E-01  0.0000000000000000E+00  0.0000000000000000E+00  4.330623E+09  8.838384E+06  2.991269E+24  8.686869E+17  3.250196E+08  6.773468E+08  4.030288E+01  8.462242E-01
    459  5.7108197954246265E-01  0.0000000000000000E+00  0.0000000000000000E+00  4.307002E+09  8.696258E+06  2.923646E+24  8.703395E+17  3.245082E+08  6.751207E+08  4.071634E+01  8.465777E-01
    460  5.7213040826085637E-01  0.0000000000000000E+00  0.0000000000000000E+00  4.274042E+09  8.485275E+06  2.828650E+24  8.725136E+17  3.241807E+08  6.722964E+08  4.127270E+01  8.470198E-01
    461  5.7312601582321765E-01  0.0000000000000000E+00  0.0000000000000000E+00  4.243790E+09  8.286767E+06  2.742240E+24  8.743917E+17  3.240996E+08  6.698544E+08  4.176494E+01  8.473935E-01
    462  5.7402766154316942E-01  0.0000000000000000E+00  0.0000000000000000E+00  4.225328E+09  8.173938E+06  2.691691E+24  8.754997E+17  3.238952E+08  6.682344E+08  4.206055E+01  8.476393E-01
    463  5.7547113964679975E-01  0.0000000000000000E+00  0.0000000000000000E+00  4.203051E+09  8.013800E+06  2.627326E+24  8.767513E+17  3.243017E+08  6.667695E+08  4.239883E+01  8.479083E-01
    464  5.7677761647860393E-01  0.0000000000000000E+00  0.0000000000000000E+00  4.181185E+09  7.891354E+06  2.570859E+24  8.779885E+17  3.238747E+08  6.646850E+08  4.273895E+01  8.481339E-01
    465  5.7697448327907463E-01  0.0000000000000000E+00  0.0000000000000000E+00  4.177745E+09  7.866691E+06  2.561126E+24  8.781712E+17  3.239505E+08  6.644660E+08  4.278953E+01  8.481701E-01
    466  5.7720332424781862E-01  0.0000000000000000E+00  0.0000000000000000E+00  4.173404E+09  7.844857E+06  2.550447E+24  8.784137E+17  3.238081E+08  6.640069E+08  4.285705E+01  8.482101E-01
    467  5.7758439909101700E-01  0.0000000000000000E+00  0.0000000000000000E+00  4.164920E+09  7.805193E+06  2.530170E+24  8.788876E+17  3.234557E+08  6.630527E+08  4.298960E+01  8.482857E-01
    468  5.7826762849829372E-01  0.0000000000000000E+00  0.0000000000000000E+00  4.149971E+09  7.714175E+06  2.491134E+24  8.796673E+17  3.234010E+08  6.617994E+08  4.320892E+01  8.484295E-01
    469  5.7950447193129206E-01  0.0000000000000000E+00  0.0000000000000000E+00  4.119541E+09  7.547961E+06  2.415924E+24  8.812209E+17  3.228530E+08  6.588982E+08  4.365270E+01  8.486878E-01
    470  5.8057910349149078E-01  0.0000000000000000E+00  0.0000000000000000E+00  4.089397E+09  7.384078E+06  2.342891E+24  8.826671E+17  3.223727E+08  6.560469E+08  4.407348E+01  8.489114E-01
    471  5.8074718745529497E-01  0.0000000000000000E+00  0.0000000000000000E+00  4.084785E+09  7.354948E+06  2.331157E+24  8.828754E+17  3.224174E+08  6.556976E+08  4.413462E+01  8.489459E-01
    472  5.8092058640600375E-01  0.0000000000000000E+00  0.0000000000000000E+00  4.079367E+09  7.325503E+06  2.318210E+24  8.831237E+17  3.223424E+08  6.551906E+08  4.420787E+01  8.489801E-01
    473  5.8123572226107056E-01  0.0000000000000000E+00  0.0000000000000000E+00  4.068859E+09  7.270144E+06  2.293507E+24  8.836011E+17  3.221558E+08  6.541743E+08  4.434926E+01  8.490446E-01
    474  5.8176715340287688E-01  0.0000000000000000E+00  0.0000000000000000E+00  4.051601E+09  7.167914E+06  2.251410E+24  8.843475E+17  3.221878E+08  6.527539E+08  4.457171E+01  8.491541E-01
    475  5.8262534196489579E-01  0.0000000000000000E+00  0.0000000000000000E+00  4.021303E+09  6.997511E+06  2.180052E+24  8.856073E+17  3.220678E+08  6.501138E+08  4.495218E+01  8.493205E-01
    476  5.8275112312946808E-01  0.0000000000000000E+00  0.0000000000000000E+00  4.016602E+09  6.972498E+06  2.169332E+24  8.857981E+17  3.220169E+08  6.496787E+08  4.501032E+01  8.493446E-01
    477  5.8289070915415353E-01  0.0000000000000000E+00  0.0000000000000000E+00  4.011491E+09  6.944705E+06  2.157614E+24  8.860026E+17  3.219811E+08  6.492200E+08  4.507275E+01  8.493713E-01
    478  5.8315054346160122E-01  0.0000000000000000E+00  0.0000000000000000E+00  4.002499E+09  6.894422E+06  2.136862E+24  8.863551E+17  3.219652E+08  6.484472E+08  4.518067E+01  8.494203E-01
    479  5.8362944623479529E-01  0.0000000000000000E+00  0.0000000000000000E+00  3.983430E+09  6.800961E+06  2.095376E+24  8.870970E+17  3.215724E+08  6.465386E+08  4.540995E+01  8.495047E-01
    480  5.8434311901810398E-01  0.0000000000000000E+00  0.0000000000000000E+00  3.956487E+09  6.659780E+06  2.036123E+24  8.880860E+17  3.213430E+08  6.440784E+08  4.571824E+01  8.496276E-01
    481  5.8501724185326864E-01  0.0000000000000000E+00  0.0000000000000000E+00  3.927868E+09  6.520999E+06  1.976060E+24  8.890846E+17  3.208379E+08  6.412527E+08  4.603407E+01  8.497295E-01
    482  5.8558496658190740E-01  0.0000000000000000E+00  0.0000000000000000E+00  3.906046E+09  6.408783E+06  1.929961E+24  8.897978E+17  3.206991E+08  6.392656E+08  4.626149E+01  8.498104E-01
    483  5.8649330641930986E-01  0.0000000000000000E+00  0.0000000000000000E+00  3.867784E+09  6.220739E+06  1.852006E+24  8.909776E+17  3.202958E+08  6.356334E+08  4.664301E+01  8.499204E-01
    484  5.8654596999999997E-01  0.0000000000000000E+00  0.0000000000000000E+00  3.865795E+09  6.210382E+06  1.847914E+24  8.910344E+17  3.202977E+08  6.354604E+08  4.666132E+01  8.499264E-01
