    1   1  1.5238E-03  2.1592E-03 h1   
    1   2  1.3678E-15  2.8491E-11 h2   
    2   3  2.2990E-15  7.8488E-11 he3  
    2   4  2.1613E-04  7.8533E-04 he4  
    3   6  1.0254E-21  1.5786E-12 li6  
    3   7  3.5917E-21  3.8419E-13 li7  
    4   9  6.2140E-18  3.7391E-08 be9  
    5  10  2.5804E-23  2.4174E-14 b10  
    5  11  3.9744E-15  8.4024E-07 b11  
    6  12  2.8700E-07  9.4645E-05 c12  
    6  13  1.5622E-11  4.2800E-07 c13  
    7  14  9.9594E-13  9.0138E-10 n14  
    7  15  5.6399E-11  1.2925E-05 n15  
    8  16  8.4229E-07  8.7814E-05 o16  
    8  17  2.3621E-12  6.0765E-07 o17  
    8  18  4.1367E-15  1.9087E-10 o18  
    9  19  2.8004E-15  6.9120E-09 f19  
   10  20  1.4857E-09  9.1773E-07 ne20 
   10  21  6.6851E-13  1.6197E-07 ne21 
   10  22  4.3076E-13  3.3079E-09 ne22 
   11  23  4.0867E-11  1.2238E-06 na23 
   12  24  4.5654E-06  8.8682E-03 mg24 
   12  25  1.9011E-09  2.8096E-05 mg25 
   12  26  7.3977E-10  9.5325E-06 mg26 
   13  27  7.8088E-08  1.3451E-03 al27 
   14  28  4.6475E-02  7.1171E+01 si28 
   14  29  2.8364E-05  8.2798E-01 si29 
   14  30  4.2964E-06  1.8264E-01 si30 
   15  31  2.0460E-05  2.5088E+00 p31  
   16  32  5.0481E-02  1.2754E+02 s32  
   16  33  2.0345E-05  6.3143E+00 s33  
   16  34  3.8587E-06  2.0676E-01 s34  
   16  36  3.0910E-17  3.2956E-10 s36  
   17  35  1.6984E-05  6.7076E+00 cl35 
   17  37  5.3879E-06  6.3054E+00 cl37 
   18  36  2.1804E-02  2.8170E+02 ar36 
   18  38  3.2288E-06  2.0995E-01 ar38 
   18  40  2.2381E-17  8.5074E-10 ar40 
   19  39  2.5608E-05  7.3744E+00 k39  
   19  40  1.9460E-10  4.3711E-01 k40  
   19  41  3.3108E-06  1.2569E+01 k41  
   20  40  3.0742E-02  5.1324E+02 ca40 
   20  42  9.1848E-08  2.1887E-01 ca42 
   20  43  1.3284E-07  1.4804E-01 ca43 
   20  44  1.6923E-04  1.1972E+02 ca44 
   20  46  2.3454E-23  8.3988E-15 ca46 
   20  48  3.4433E-30  2.4877E-23 ca48 
   21  45  1.0648E-06  2.7354E+01 sc45 
   22  46  1.6647E-06  7.4519E+00 ti46 
   22  47  8.3425E-06  4.0098E+01 ti47 
   22  48  2.1205E-03  9.8667E+02 ti48 
   22  49  1.2216E-04  7.4663E+02 ti49 
   22  50  1.8959E-18  1.1531E-11 ti50 
   23  50  3.6420E-12  3.9340E-03 v50  
   23  51  9.1430E-04  2.4272E+03 v51  
   24  50  2.3206E-04  3.1259E+02 cr50 
   24  52  4.0471E-02  2.7230E+03 cr52 
   24  53  3.1166E-03  1.8162E+03 cr53 
   24  54  5.1791E-17  1.1886E-10 cr54 
   25  55  3.3721E-02  2.5380E+03 mn55 
   26  54  1.4420E-02  2.0224E+02 fe54 
   26  56  7.3911E-01  6.3248E+02 fe56 
   26  57  1.1114E-02  3.8931E+02 fe57 
   26  58  4.7433E-16  1.2830E-10 fe58 
   27  59  3.4641E-05  1.0316E+01 co59 
   28  58  3.0565E-03  6.1820E+01 ni58 
   28  60  3.3973E-06  1.7353E-01 ni60 
   28  61  1.1183E-07  1.3012E-01 ni61 
   28  62  9.2789E-08  3.3427E-02 ni62 
   28  64  2.9662E-26  4.0808E-20 ni64 
   29  63  3.0584E-10  5.3163E-04 cu63 
   29  65  5.0563E-13  1.9101E-06 cu65 
   30  64  1.6510E-11  1.6637E-05 zn64 
   30  66  5.3241E-13  9.0600E-07 zn66 
   30  67  9.6374E-16  1.0999E-08 zn67 
   30  68  1.2394E-16  3.0533E-10 zn68 
   30  70  1.9416E-29  1.4058E-21 zn70 
   31  69  3.3840E-18  8.5414E-11 ga69 
   31  71  1.7432E-20  6.4281E-13 ga71 
   32  70  2.1295E-18  4.9289E-11 ge70 
   32  72  3.4109E-21  5.7450E-14 ge72 
   32  73  3.7614E-23  2.1950E-15 ge73 
   32  74  7.0497E-29  8.6779E-22 ge74 
   32  76  3.8741E-29  2.1716E-21 ge76 
   33  75  4.4683E-25  3.5905E-17 as75 
   34  74  1.6367E-23  1.5898E-14 se74 
   34  76  1.6766E-24  1.5573E-16 se76 
   34  77  1.0330E-25  1.1285E-17 se77 
   34  78  1.4935E-28  5.1495E-21 se78 
   34  80  6.3101E-29  1.0092E-21 se80 
   34  82  8.0185E-29  6.7821E-21 se82 
   35  79  2.0123E-25  1.6839E-17 br79 
   35  81  7.4167E-26  6.1775E-18 br81 
   36  78  1.1131E-24  3.6874E-15 kr78 
   36  80  8.0461E-25  3.9801E-16 kr80 
   36  82  1.3900E-24  1.3013E-16 kr82 
   36  83  1.1582E-25  1.0691E-17 kr83 
   36  84  1.2622E-28  2.3115E-21 kr84 
   36  86  4.6945E-27  2.7525E-19 kr86 
   37  85  8.4298E-26  7.6579E-18 rb85 
   37  87  6.7071E-30  1.5471E-21 rb87 
   38  84  8.9640E-26  3.1961E-16 sr84 
   38  86  7.9657E-25  1.5784E-16 sr86 
   38  87  6.1531E-26  1.7049E-17 sr87 
   38  88  2.7232E-26  6.3061E-19 sr88 
   39  89  1.2457E-26  1.1925E-18 y89  
   40  90  4.2113E-26  3.1515E-18 zr90 
   40  91  4.4625E-28  1.5146E-19 zr91 
   40  92  0.0000E+00  0.0000E+00 zr92 
   40  94  0.0000E+00  0.0000E+00 zr94 
   40  96  0.0000E+00  0.0000E+00 zr96 
   41  93  0.0000E+00  0.0000E+00 nb93 
   42  92  0.0000E+00  0.0000E+00 mo92 
   42  94  0.0000E+00  0.0000E+00 mo94 
   42  95  0.0000E+00  0.0000E+00 mo95 
   42  96  0.0000E+00  0.0000E+00 mo96 
   42  97  0.0000E+00  0.0000E+00 mo97 
   42  98  0.0000E+00  0.0000E+00 mo98 
   42 100  0.0000E+00  0.0000E+00 mo100
   44  96  0.0000E+00  0.0000E+00 ru96 
   44  98  0.0000E+00  0.0000E+00 ru98 
   44  99  0.0000E+00  0.0000E+00 ru99 
   44 100  0.0000E+00  0.0000E+00 ru100
   44 101  0.0000E+00  0.0000E+00 ru101
   44 102  0.0000E+00  0.0000E+00 ru102
   44 104  0.0000E+00  0.0000E+00 ru104
   45 103  0.0000E+00  0.0000E+00 rh103
   46 102  0.0000E+00  0.0000E+00 pd102
   46 104  0.0000E+00  0.0000E+00 pd104
   46 105  0.0000E+00  0.0000E+00 pd105
   46 106  0.0000E+00  0.0000E+00 pd106
   46 108  0.0000E+00  0.0000E+00 pd108
   46 110  0.0000E+00  0.0000E+00 pd110
   47 107  0.0000E+00  0.0000E+00 ag107
   47 109  0.0000E+00  0.0000E+00 ag109
   48 106  0.0000E+00  0.0000E+00 cd106
   48 108  0.0000E+00  0.0000E+00 cd108
   48 110  0.0000E+00  0.0000E+00 cd110
   48 111  0.0000E+00  0.0000E+00 cd111
   48 112  0.0000E+00  0.0000E+00 cd112
   48 113  0.0000E+00  0.0000E+00 cd113
   48 114  0.0000E+00  0.0000E+00 cd114
   48 116  0.0000E+00  0.0000E+00 cd116
   49 113  0.0000E+00  0.0000E+00 in113
   49 115  0.0000E+00  0.0000E+00 in115
   50 112  0.0000E+00  0.0000E+00 sn112
   50 114  0.0000E+00  0.0000E+00 sn114
   50 115  0.0000E+00  0.0000E+00 sn115
   50 116  0.0000E+00  0.0000E+00 sn116
   50 117  0.0000E+00  0.0000E+00 sn117
   50 118  0.0000E+00  0.0000E+00 sn118
   50 119  0.0000E+00  0.0000E+00 sn119
   50 120  0.0000E+00  0.0000E+00 sn120
   50 122  0.0000E+00  0.0000E+00 sn122
   50 124  0.0000E+00  0.0000E+00 sn124
   51 121  0.0000E+00  0.0000E+00 sb121
   51 123  0.0000E+00  0.0000E+00 sb123
   52 120  0.0000E+00  0.0000E+00 te120
   52 122  0.0000E+00  0.0000E+00 te122
   52 123  0.0000E+00  0.0000E+00 te123
   52 124  0.0000E+00  0.0000E+00 te124
   52 125  0.0000E+00  0.0000E+00 te125
   52 126  0.0000E+00  0.0000E+00 te126
   52 128  0.0000E+00  0.0000E+00 te128
   52 130  0.0000E+00  0.0000E+00 te130
   53 127  0.0000E+00  0.0000E+00 i127 
   54 124  0.0000E+00  0.0000E+00 xe124
   54 126  0.0000E+00  0.0000E+00 xe126
   54 128  0.0000E+00  0.0000E+00 xe128
   54 129  0.0000E+00  0.0000E+00 xe129
   54 130  0.0000E+00  0.0000E+00 xe130
   54 131  0.0000E+00  0.0000E+00 xe131
   54 132  0.0000E+00  0.0000E+00 xe132
   54 134  0.0000E+00  0.0000E+00 xe134
   54 136  0.0000E+00  0.0000E+00 xe136
   55 133  0.0000E+00  0.0000E+00 cs133
   56 130  0.0000E+00  0.0000E+00 ba130
   56 132  0.0000E+00  0.0000E+00 ba132
   56 134  0.0000E+00  0.0000E+00 ba134
   56 135  0.0000E+00  0.0000E+00 ba135
   56 136  0.0000E+00  0.0000E+00 ba136
   56 137  0.0000E+00  0.0000E+00 ba137
   56 138  0.0000E+00  0.0000E+00 ba138
   57 138  0.0000E+00  0.0000E+00 la138
   57 139  0.0000E+00  0.0000E+00 la139
   58 136  0.0000E+00  0.0000E+00 ce136
   58 138  0.0000E+00  0.0000E+00 ce138
   58 140  0.0000E+00  0.0000E+00 ce140
   58 142  0.0000E+00  0.0000E+00 ce142
   59 141  0.0000E+00  0.0000E+00 pr141
   60 142  0.0000E+00  0.0000E+00 nd142
   60 143  0.0000E+00  0.0000E+00 nd143
   60 144  0.0000E+00  0.0000E+00 nd144
   60 145  0.0000E+00  0.0000E+00 nd145
   60 146  0.0000E+00  0.0000E+00 nd146
   60 148  0.0000E+00  0.0000E+00 nd148
   60 150  0.0000E+00  0.0000E+00 nd150
   62 144  0.0000E+00  0.0000E+00 sm144
   62 147  0.0000E+00  0.0000E+00 sm147
   62 148  0.0000E+00  0.0000E+00 sm148
   62 149  0.0000E+00  0.0000E+00 sm149
   62 150  0.0000E+00  0.0000E+00 sm150
   62 152  0.0000E+00  0.0000E+00 sm152
   62 154  0.0000E+00  0.0000E+00 sm154
   63 151  0.0000E+00  0.0000E+00 eu151
   63 153  0.0000E+00  0.0000E+00 eu153
   64 152  0.0000E+00  0.0000E+00 gd152
   64 154  0.0000E+00  0.0000E+00 gd154
   64 155  0.0000E+00  0.0000E+00 gd155
   64 156  0.0000E+00  0.0000E+00 gd156
   64 157  0.0000E+00  0.0000E+00 gd157
   64 158  0.0000E+00  0.0000E+00 gd158
   64 160  0.0000E+00  0.0000E+00 gd160
   65 159  0.0000E+00  0.0000E+00 tb159
   66 156  0.0000E+00  0.0000E+00 dy156
   66 158  0.0000E+00  0.0000E+00 dy158
   66 160  0.0000E+00  0.0000E+00 dy160
   66 161  0.0000E+00  0.0000E+00 dy161
   66 162  0.0000E+00  0.0000E+00 dy162
   66 163  0.0000E+00  0.0000E+00 dy163
   66 164  0.0000E+00  0.0000E+00 dy164
   67 165  0.0000E+00  0.0000E+00 ho165
   68 162  0.0000E+00  0.0000E+00 er162
   68 164  0.0000E+00  0.0000E+00 er164
   68 166  0.0000E+00  0.0000E+00 er166
   68 167  0.0000E+00  0.0000E+00 er167
   68 168  0.0000E+00  0.0000E+00 er168
   68 170  0.0000E+00  0.0000E+00 er170
   69 169  0.0000E+00  0.0000E+00 tm169
   70 168  0.0000E+00  0.0000E+00 yb168
   70 170  0.0000E+00  0.0000E+00 yb170
   70 171  0.0000E+00  0.0000E+00 yb171
   70 172  0.0000E+00  0.0000E+00 yb172
   70 173  0.0000E+00  0.0000E+00 yb173
   70 174  0.0000E+00  0.0000E+00 yb174
   70 176  0.0000E+00  0.0000E+00 yb176
   71 175  0.0000E+00  0.0000E+00 lu175
   71 176  0.0000E+00  0.0000E+00 lu176
   72 174  0.0000E+00  0.0000E+00 hf174
   72 176  0.0000E+00  0.0000E+00 hf176
   72 177  0.0000E+00  0.0000E+00 hf177
   72 178  0.0000E+00  0.0000E+00 hf178
   72 179  0.0000E+00  0.0000E+00 hf179
   72 180  0.0000E+00  0.0000E+00 hf180
   73 180  0.0000E+00  0.0000E+00 ta180
   73 181  0.0000E+00  0.0000E+00 ta181
   74 180  0.0000E+00  0.0000E+00 w180 
   74 182  0.0000E+00  0.0000E+00 w182 
   74 183  0.0000E+00  0.0000E+00 w183 
   74 184  0.0000E+00  0.0000E+00 w184 
   74 186  0.0000E+00  0.0000E+00 w186 
   75 185  0.0000E+00  0.0000E+00 re185
   75 187  0.0000E+00  0.0000E+00 re187
   76 184  0.0000E+00  0.0000E+00 os184
   76 186  0.0000E+00  0.0000E+00 os186
   76 187  0.0000E+00  0.0000E+00 os187
   76 188  0.0000E+00  0.0000E+00 os188
   76 189  0.0000E+00  0.0000E+00 os189
   76 190  0.0000E+00  0.0000E+00 os190
   76 192  0.0000E+00  0.0000E+00 os192
   77 191  0.0000E+00  0.0000E+00 ir191
   77 193  0.0000E+00  0.0000E+00 ir193
   78 190  0.0000E+00  0.0000E+00 pt190
   78 192  0.0000E+00  0.0000E+00 pt192
   78 194  0.0000E+00  0.0000E+00 pt194
   78 195  0.0000E+00  0.0000E+00 pt195
   78 196  0.0000E+00  0.0000E+00 pt196
   78 198  0.0000E+00  0.0000E+00 pt198
   79 197  0.0000E+00  0.0000E+00 au197
   80 196  0.0000E+00  0.0000E+00 hg196
   80 198  0.0000E+00  0.0000E+00 hg198
   80 199  0.0000E+00  0.0000E+00 hg199
   80 200  0.0000E+00  0.0000E+00 hg200
   80 201  0.0000E+00  0.0000E+00 hg201
   80 202  0.0000E+00  0.0000E+00 hg202
   80 204  0.0000E+00  0.0000E+00 hg204
   81 203  0.0000E+00  0.0000E+00 tl203
   81 205  0.0000E+00  0.0000E+00 tl205
   82 204  0.0000E+00  0.0000E+00 pb204
   82 206  0.0000E+00  0.0000E+00 pb206
   82 207  0.0000E+00  0.0000E+00 pb207
   82 208  0.0000E+00  0.0000E+00 pb208
   83 209  0.0000E+00  0.0000E+00 bi209
   90 232  0.0000E+00  0.0000E+00 th232
   92 235  0.0000E+00  0.0000E+00 u235 
   92 238  0.0000E+00  0.0000E+00 u238 
