                           time                     pos                     vel                    temp                     den                    pres                    ener                    entr                      cs
      1  1.0175522000000001E-04  0.0000000000000000E+00  0.0000000000000000E+00  1.002631E+09  2.051720E+09  1.271492E+27  1.638951E+18  6.757439E+07  9.107713E+08  1.371429E+01  2.022900E-26
      2  1.0175522001017553E-04  0.0000000000000000E+00  0.0000000000000000E+00  1.002631E+09  2.051720E+09  1.271492E+27  1.638951E+18  6.757439E+07  9.107713E+08  1.371429E+01  2.022901E-26
      3  1.0175522003052657E-04  0.0000000000000000E+00  0.0000000000000000E+00  1.002631E+09  2.051720E+09  1.271492E+27  1.638951E+18  6.757439E+07  9.107713E+08  1.371429E+01  2.022904E-26
      4  1.0175522007122866E-04  0.0000000000000000E+00  0.0000000000000000E+00  1.002631E+09  2.051720E+09  1.271492E+27  1.638951E+18  6.757439E+07  9.107713E+08  1.371429E+01  2.022909E-26
      5  1.0175522015263284E-04  0.0000000000000000E+00  0.0000000000000000E+00  1.002631E+09  2.051720E+09  1.271492E+27  1.638951E+18  6.757439E+07  9.107713E+08  1.371429E+01  2.022919E-26
      6  1.0175522031544119E-04  0.0000000000000000E+00  0.0000000000000000E+00  1.002631E+09  2.051720E+09  1.271492E+27  1.638951E+18  6.757439E+07  9.107713E+08  1.371429E+01  2.022940E-26
      7  1.0175522064105789E-04  0.0000000000000000E+00  0.0000000000000000E+00  1.002631E+09  2.051720E+09  1.271492E+27  1.638951E+18  6.757439E+07  9.107713E+08  1.371429E+01  2.022982E-26
      8  1.0175522129229130E-04  0.0000000000000000E+00  0.0000000000000000E+00  1.002631E+09  2.051720E+09  1.271492E+27  1.638951E+18  6.757439E+07  9.107713E+08  1.371429E+01  2.023065E-26
      9  1.0175522259475811E-04  0.0000000000000000E+00  0.0000000000000000E+00  1.002631E+09  2.051720E+09  1.271492E+27  1.638951E+18  6.757439E+07  9.107713E+08  1.371429E+01  2.023231E-26
     10  1.0175522519969174E-04  0.0000000000000000E+00  0.0000000000000000E+00  1.002631E+09  2.051720E+09  1.271492E+27  1.638951E+18  6.757439E+07  9.107713E+08  1.371429E+01  2.023564E-26
     11  1.0175523040955900E-04  0.0000000000000000E+00  0.0000000000000000E+00  1.002631E+09  2.051720E+09  1.271492E+27  1.638951E+18  6.757439E+07  9.107713E+08  1.371429E+01  2.024229E-26
     12  1.0175524082929354E-04  0.0000000000000000E+00  0.0000000000000000E+00  1.002631E+09  2.051720E+09  1.271492E+27  1.638951E+18  6.757439E+07  9.107713E+08  1.371429E+01  2.025559E-26
     13  1.0175526166876259E-04  0.0000000000000000E+00  0.0000000000000000E+00  1.002631E+09  2.051720E+09  1.271492E+27  1.638951E+18  6.757439E+07  9.107713E+08  1.371429E+01  2.028219E-26
     14  1.0175530334770070E-04  0.0000000000000000E+00  0.0000000000000000E+00  1.002631E+09  2.051720E+09  1.271492E+27  1.638951E+18  6.757439E+07  9.107713E+08  1.371429E+01  2.033538E-26
     15  1.0175538670557692E-04  0.0000000000000000E+00  0.0000000000000000E+00  1.002631E+09  2.051720E+09  1.271492E+27  1.638951E+18  6.757439E+07  9.107713E+08  1.371429E+01  2.044179E-26
     16  1.0175555342132937E-04  0.0000000000000000E+00  0.0000000000000000E+00  1.002631E+09  2.051720E+09  1.271492E+27  1.638951E+18  6.757439E+07  9.107713E+08  1.371429E+01  2.065468E-26
     17  1.0175588685283427E-04  0.0000000000000000E+00  0.0000000000000000E+00  1.002631E+09  2.051720E+09  1.271492E+27  1.638951E+18  6.757439E+07  9.107713E+08  1.371429E+01  2.108057E-26
     18  1.0175655371584406E-04  0.0000000000000000E+00  0.0000000000000000E+00  1.002631E+09  2.051720E+09  1.271492E+27  1.638951E+18  6.757439E+07  9.107713E+08  1.371429E+01  2.193134E-26
     19  1.0175788744186364E-04  0.0000000000000000E+00  0.0000000000000000E+00  1.002631E+09  2.051720E+09  1.271492E+27  1.638951E+18  6.757439E+07  9.107713E+08  1.371429E+01  2.360462E-26
     20  1.0176055489390281E-04  0.0000000000000000E+00  0.0000000000000000E+00  1.002631E+09  2.051720E+09  1.271492E+27  1.638951E+18  6.757439E+07  9.107713E+08  1.371429E+01  2.676111E-26
     21  1.0176588979798114E-04  0.0000000000000000E+00  0.0000000000000000E+00  1.002631E+09  2.051720E+09  1.271492E+27  1.638951E+18  6.757439E+07  9.107713E+08  1.371429E+01  3.222483E-26
     22  1.0177655960613782E-04  0.0000000000000000E+00  0.0000000000000000E+00  1.002631E+09  2.051720E+09  1.271492E+27  1.638951E+18  6.757439E+07  9.107713E+08  1.371429E+01  4.061289E-26
     23  1.0179789922245117E-04  0.0000000000000000E+00  0.0000000000000000E+00  1.002631E+09  2.051720E+09  1.271492E+27  1.638951E+18  6.757439E+07  9.107713E+08  1.371429E+01  5.204946E-26
     24  1.0184057845507785E-04  0.0000000000000000E+00  0.0000000000000000E+00  1.002631E+09  2.051720E+09  1.271492E+27  1.638951E+18  6.757439E+07  9.107713E+08  1.371429E+01  6.633185E-26
     25  1.0192593692033123E-04  0.0000000000000000E+00  0.0000000000000000E+00  1.002631E+09  2.051720E+09  1.271492E+27  1.638951E+18  6.757440E+07  9.107713E+08  1.371429E+01  8.320713E-26
     26  1.0209665385083798E-04  0.0000000000000000E+00  0.0000000000000000E+00  1.002632E+09  2.051720E+09  1.271492E+27  1.638951E+18  6.757440E+07  9.107714E+08  1.371429E+01  1.025166E-25
     27  1.0243808771185149E-04  0.0000000000000000E+00  0.0000000000000000E+00  1.002633E+09  2.051720E+09  1.271492E+27  1.638951E+18  6.757442E+07  9.107714E+08  1.371429E+01  1.241771E-25
     28  1.0312095543387850E-04  0.0000000000000000E+00  0.0000000000000000E+00  1.002635E+09  2.051720E+09  1.271492E+27  1.638951E+18  6.757445E+07  9.107714E+08  1.371429E+01  1.481114E-25
     29  1.0448669087793252E-04  0.0000000000000000E+00  0.0000000000000000E+00  1.002638E+09  2.051720E+09  1.271492E+27  1.638951E+18  6.757450E+07  9.107714E+08  1.371429E+01  1.741703E-25
     30  1.0721816176604055E-04  0.0000000000000000E+00  0.0000000000000000E+00  1.002645E+09  2.051721E+09  1.271493E+27  1.638951E+18  6.757461E+07  9.107715E+08  1.371430E+01  2.021295E-25
     31  1.1268110354225661E-04  0.0000000000000000E+00  0.0000000000000000E+00  1.002660E+09  2.051723E+09  1.271494E+27  1.638951E+18  6.757484E+07  9.107717E+08  1.371431E+01  2.317715E-25
     32  1.2360698709468874E-04  0.0000000000000000E+00  0.0000000000000000E+00  1.002689E+09  2.051725E+09  1.271497E+27  1.638952E+18  6.757529E+07  9.107721E+08  1.371433E+01  2.629011E-25
     33  1.4545875419955299E-04  0.0000000000000000E+00  0.0000000000000000E+00  1.002747E+09  2.051731E+09  1.271503E+27  1.638954E+18  6.757619E+07  9.107729E+08  1.371437E+01  2.953590E-25
     34  1.8916228840928150E-04  0.0000000000000000E+00  0.0000000000000000E+00  1.002862E+09  2.051742E+09  1.271514E+27  1.638956E+18  6.757798E+07  9.107745E+08  1.371445E+01  3.290163E-25
     35  2.7656935682873854E-04  0.0000000000000000E+00  0.0000000000000000E+00  1.003094E+09  2.051762E+09  1.271535E+27  1.638962E+18  6.758158E+07  9.107776E+08  1.371462E+01  3.637887E-25
     36  4.5138349366765263E-04  0.0000000000000000E+00  0.0000000000000000E+00  1.003556E+09  2.051797E+09  1.271572E+27  1.638974E+18  6.758878E+07  9.107834E+08  1.371495E+01  4.811125E-25
     37  8.0101176734548069E-04  0.0000000000000000E+00  0.0000000000000000E+00  1.004480E+09  2.051848E+09  1.271630E+27  1.638999E+18  6.760321E+07  9.107936E+08  1.371563E+01  6.020914E-25
     38  1.5002683147011370E-03  0.0000000000000000E+00  0.0000000000000000E+00  1.006336E+09  2.051903E+09  1.271708E+27  1.639051E+18  6.763224E+07  9.108104E+08  1.371702E+01  7.264206E-25
     39  2.8987814094124497E-03  0.0000000000000000E+00  0.0000000000000000E+00  1.010079E+09  2.051834E+09  1.271716E+27  1.639166E+18  6.769094E+07  9.108310E+08  1.371997E+01  8.539661E-25
     40  5.6958075988350742E-03  0.0000000000000000E+00  0.0000000000000000E+00  1.017773E+09  2.051573E+09  1.271633E+27  1.639441E+18  6.780940E+07  9.108644E+08  1.372664E+01  9.833929E-25
     41  1.1289859977680325E-02  0.0000000000000000E+00  0.0000000000000000E+00  1.032646E+09  2.048213E+09  1.269104E+27  1.640245E+18  6.803460E+07  9.107165E+08  1.374348E+01  1.738896E-24
     42  1.9673159327464201E-02  0.0000000000000000E+00  0.0000000000000000E+00  1.055565E+09  2.043077E+09  1.265223E+27  1.642320E+18  6.833783E+07  9.104829E+08  1.377986E+01  2.504094E-24
     43  2.9673159103946783E-02  0.0000000000000000E+00  0.0000000000000000E+00  1.085648E+09  2.041704E+09  1.264515E+27  1.646562E+18  6.861311E+07  9.105509E+08  1.385188E+01  2.585716E-24
     44  3.9673158880429368E-02  0.0000000000000000E+00  0.0000000000000000E+00  1.117910E+09  2.040967E+09  1.264265E+27  1.653743E+18  6.872206E+07  9.106389E+08  1.397659E+01  2.940042E-24
     45  4.9673158656911950E-02  0.0000000000000000E+00  0.0000000000000000E+00  1.152243E+09  2.039661E+09  1.263405E+27  1.665454E+18  6.855617E+07  9.106299E+08  1.418681E+01  3.309511E-24
     46  5.9673158433394533E-02  0.0000000000000000E+00  0.0000000000000000E+00  1.188929E+09  2.038407E+09  1.262375E+27  1.683227E+18  6.800098E+07  9.105404E+08  1.452119E+01  3.689255E-24
     47  6.9673158209877115E-02  0.0000000000000000E+00  0.0000000000000000E+00  1.228036E+09  2.037184E+09  1.261110E+27  1.707303E+18  6.701230E+07  9.103507E+08  1.500597E+01  4.643760E-24
     48  7.9673157986359697E-02  0.0000000000000000E+00  0.0000000000000000E+00  1.269710E+09  2.036697E+09  1.260241E+27  1.735762E+18  6.569878E+07  9.101318E+08  1.562709E+01  5.597824E-24
     49  8.9673157762842279E-02  0.0000000000000000E+00  0.0000000000000000E+00  1.313670E+09  2.036317E+09  1.259391E+27  1.765252E+18  6.431788E+07  9.098942E+08  1.631694E+01  1.082860E-23
     50  9.0532828331488235E-02  0.0000000000000000E+00  0.0000000000000000E+00  1.317527E+09  2.036299E+09  1.259334E+27  1.767693E+18  6.420665E+07  9.098763E+08  1.637582E+01  1.166822E-23
     51  9.1630066783109962E-02  0.0000000000000000E+00  0.0000000000000000E+00  1.322463E+09  2.036284E+09  1.259269E+27  1.770765E+18  6.406787E+07  9.098546E+08  1.645030E+01  1.180699E-23
     52  9.3824543686353401E-02  0.0000000000000000E+00  0.0000000000000000E+00  1.332382E+09  2.036287E+09  1.259173E+27  1.776737E+18  6.380256E+07  9.098165E+08  1.659633E+01  1.198153E-23
     53  9.8213497492840293E-02  0.0000000000000000E+00  0.0000000000000000E+00  1.352318E+09  2.036223E+09  1.258959E+27  1.787854E+18  6.333057E+07  9.097488E+08  1.687225E+01  1.241301E-23
     54  1.0699140510581408E-01  0.0000000000000000E+00  0.0000000000000000E+00  1.391897E+09  2.034633E+09  1.257500E+27  1.805936E+18  6.266937E+07  9.095731E+08  1.733233E+01  1.575867E-23
     55  1.1699140488229666E-01  0.0000000000000000E+00  0.0000000000000000E+00  1.438081E+09  2.035354E+09  1.258248E+27  1.819738E+18  6.236968E+07  9.096852E+08  1.769252E+01  2.466095E-23
     56  1.2699140465877923E-01  0.0000000000000000E+00  0.0000000000000000E+00  1.483249E+09  2.036337E+09  1.259458E+27  1.827901E+18  6.241943E+07  9.099119E+08  1.790894E+01  3.802440E-23
     57  1.3699140443526181E-01  0.0000000000000000E+00  0.0000000000000000E+00  1.527376E+09  2.038804E+09  1.262051E+27  1.832441E+18  6.267815E+07  9.103080E+08  1.803005E+01  5.121864E-23
     58  1.4699140421174439E-01  0.0000000000000000E+00  0.0000000000000000E+00  1.570665E+09  2.038577E+09  1.262513E+27  1.834940E+18  6.306334E+07  9.105412E+08  1.809653E+01  5.800090E-23
     59  1.5699140398822697E-01  0.0000000000000000E+00  0.0000000000000000E+00  1.645637E+09  2.037947E+09  1.263279E+27  1.836463E+18  6.389619E+07  9.109893E+08  1.813664E+01  6.495180E-23
     60  1.6699140376470956E-01  0.0000000000000000E+00  0.0000000000000000E+00  1.742166E+09  2.036751E+09  1.264030E+27  1.837546E+18  6.499811E+07  9.115683E+08  1.816424E+01  7.303288E-23
     61  1.7699140354119214E-01  0.0000000000000000E+00  0.0000000000000000E+00  1.845157E+09  2.035593E+09  1.264997E+27  1.838135E+18  6.617678E+07  9.122196E+08  1.817860E+01  7.511865E-23
     62  1.8699140331767472E-01  0.0000000000000000E+00  0.0000000000000000E+00  1.955185E+09  2.034253E+09  1.266010E+27  1.838475E+18  6.742300E+07  9.129313E+08  1.818589E+01  7.715968E-23
     63  1.8799140329532299E-01  0.0000000000000000E+00  0.0000000000000000E+00  1.966801E+09  2.034153E+09  1.266155E+27  1.838504E+18  6.755314E+07  9.130107E+08  1.818641E+01  7.776553E-23
     64  1.8963312003490818E-01  0.0000000000000000E+00  0.0000000000000000E+00  1.986162E+09  2.033984E+09  1.266396E+27  1.838552E+18  6.776951E+07  9.131434E+08  1.818721E+01  7.888990E-23
     65  1.9291655351407852E-01  0.0000000000000000E+00  0.0000000000000000E+00  2.025801E+09  2.033502E+09  1.266781E+27  1.838654E+18  6.821084E+07  9.134070E+08  1.818865E+01  8.467823E-23
     66  1.9780481049280083E-01  0.0000000000000000E+00  0.0000000000000000E+00  2.087620E+09  2.032526E+09  1.267210E+27  1.838867E+18  6.889334E+07  9.138067E+08  1.819077E+01  1.070924E-22
     67  2.0474941767893826E-01  0.0000000000000000E+00  0.0000000000000000E+00  2.183706E+09  2.030718E+09  1.267662E+27  1.839692E+18  6.993191E+07  9.144158E+08  1.819702E+01  4.149069E-22
     68  2.0574941765658653E-01  0.0000000000000000E+00  0.0000000000000000E+00  2.198190E+09  2.030462E+09  1.267746E+27  1.839929E+18  7.008476E+07  9.145094E+08  1.819876E+01  6.360781E-22
     69  2.0736558875651756E-01  0.0000000000000000E+00  0.0000000000000000E+00  2.221806E+09  2.030064E+09  1.267899E+27  1.840426E+18  7.033104E+07  9.146634E+08  1.820235E+01  1.548345E-21
     70  2.1059793095637963E-01  0.0000000000000000E+00  0.0000000000000000E+00  2.269392E+09  2.029229E+09  1.268176E+27  1.842026E+18  7.081358E+07  9.149701E+08  1.821376E+01  2.172374E-20
     71  2.1124439939635203E-01  0.0000000000000000E+00  0.0000000000000000E+00  2.278926E+09  2.029057E+09  1.268227E+27  1.842480E+18  7.090737E+07  9.150309E+08  1.821698E+01  4.216728E-20
     72  2.1217681676788275E-01  0.0000000000000000E+00  0.0000000000000000E+00  2.292696E+09  2.028803E+09  1.268294E+27  1.843235E+18  7.104073E+07  9.151177E+08  1.822236E+01  1.171280E-19
     73  2.1404165151094415E-01  0.0000000000000000E+00  0.0000000000000000E+00  2.320312E+09  2.028245E+09  1.268385E+27  1.845182E+18  7.129923E+07  9.152864E+08  1.823633E+01  1.078690E-18
     74  2.1777132099706695E-01  0.0000000000000000E+00  0.0000000000000000E+00  2.375677E+09  2.026999E+09  1.268426E+27  1.851535E+18  7.176442E+07  9.156015E+08  1.828374E+01  1.379120E-16
     75  2.1840491138657772E-01  0.0000000000000000E+00  0.0000000000000000E+00  2.385120E+09  2.026784E+09  1.268424E+27  1.853050E+18  7.183374E+07  9.156522E+08  1.829555E+01  3.204870E-16
     76  2.1942549990767171E-01  0.0000000000000000E+00  0.0000000000000000E+00  2.400361E+09  2.026429E+09  1.268407E+27  1.855829E+18  7.193735E+07  9.157308E+08  1.831775E+01  1.242676E-15
     77  2.2146667694985972E-01  0.0000000000000000E+00  0.0000000000000000E+00  2.433639E+09  2.025503E+09  1.268222E+27  1.862914E+18  7.213406E+07  9.158825E+08  1.837765E+01  1.774614E-14
     78  2.2187491235829732E-01  0.0000000000000000E+00  0.0000000000000000E+00  2.440658E+09  2.025289E+09  1.268162E+27  1.864639E+18  7.216862E+07  9.159109E+08  1.839298E+01  2.988263E-14
     79  2.2242520468737736E-01  0.0000000000000000E+00  0.0000000000000000E+00  2.450115E+09  2.025001E+09  1.268077E+27  1.867152E+18  7.220952E+07  9.159474E+08  1.841584E+01  5.965492E-14
     80  2.2352578934553749E-01  0.0000000000000000E+00  0.0000000000000000E+00  2.469014E+09  2.024430E+09  1.267891E+27  1.872874E+18  7.226883E+07  9.160131E+08  1.847030E+01  2.255081E-13
     81  2.2572695866185771E-01  0.0000000000000000E+00  0.0000000000000000E+00  2.506146E+09  2.023250E+09  1.267377E+27  1.887438E+18  7.226773E+07  9.160980E+08  1.862433E+01  2.417250E-12
     82  2.3012929729449816E-01  0.0000000000000000E+00  0.0000000000000000E+00  2.579272E+09  2.020569E+09  1.265462E+27  1.930679E+18  7.158957E+07  9.159999E+08  1.921215E+01  8.416958E-11
     83  2.3616687195218308E-01  0.0000000000000000E+00  0.0000000000000000E+00  2.683628E+09  2.016550E+09  1.260728E+27  2.021128E+18  6.871027E+07  9.151203E+08  2.099742E+01  3.146812E-09
     84  2.4219954267631905E-01  0.0000000000000000E+00  0.0000000000000000E+00  2.791331E+09  2.012346E+09  1.254516E+27  2.121142E+18  6.472391E+07  9.137089E+08  2.374067E+01  7.553152E-08
     85  2.4277735645441942E-01  0.0000000000000000E+00  0.0000000000000000E+00  2.801713E+09  2.011892E+09  1.253899E+27  2.129459E+18  6.438233E+07  9.135780E+08  2.401038E+01  9.903495E-08
     86  2.4352493783377402E-01  0.0000000000000000E+00  0.0000000000000000E+00  2.815128E+09  2.011304E+09  1.253117E+27  2.139689E+18  6.396268E+07  9.134156E+08  2.435279E+01  1.399037E-07
     87  2.4502010059248322E-01  0.0000000000000000E+00  0.0000000000000000E+00  2.841873E+09  2.010147E+09  1.251641E+27  2.158224E+18  6.320703E+07  9.131203E+08  2.500636E+01  2.670649E-07
     88  2.4801042610990165E-01  0.0000000000000000E+00  0.0000000000000000E+00  2.894959E+09  2.007963E+09  1.249134E+27  2.187572E+18  6.205599E+07  9.126709E+08  2.614120E+01  7.638285E-07
     89  2.5264650830708335E-01  0.0000000000000000E+00  0.0000000000000000E+00  2.976094E+09  2.004630E+09  1.246179E+27  2.216044E+18  6.114309E+07  9.123245E+08  2.737744E+01  2.042577E-06
     90  2.5716291193891228E-01  0.0000000000000000E+00  0.0000000000000000E+00  3.054181E+09  2.001240E+09  1.243989E+27  2.230723E+18  6.097725E+07  9.122899E+08  2.807067E+01  3.286785E-06
     91  2.5758718934675101E-01  0.0000000000000000E+00  0.0000000000000000E+00  3.061491E+09  2.000921E+09  1.243812E+27  2.231675E+18  6.098630E+07  9.122979E+08  2.811685E+01  3.392799E-06
     92  2.5810436575995438E-01  0.0000000000000000E+00  0.0000000000000000E+00  3.070389E+09  2.000528E+09  1.243598E+27  2.232759E+18  6.100171E+07  9.123094E+08  2.816962E+01  3.516758E-06
     93  2.5913871858636112E-01  0.0000000000000000E+00  0.0000000000000000E+00  3.088177E+09  1.999731E+09  1.243177E+27  2.234702E+18  6.104592E+07  9.123378E+08  2.826453E+01  3.756808E-06
     94  2.6120742423917465E-01  0.0000000000000000E+00  0.0000000000000000E+00  3.123726E+09  1.998046E+09  1.242316E+27  2.237832E+18  6.117974E+07  9.124099E+08  2.841795E+01  4.217131E-06
     95  2.6454351712649188E-01  0.0000000000000000E+00  0.0000000000000000E+00  3.181154E+09  1.995131E+09  1.240888E+27  2.241324E+18  6.149093E+07  9.125600E+08  2.858858E+01  4.949478E-06
     96  2.6765485760010155E-01  0.0000000000000000E+00  0.0000000000000000E+00  3.235163E+09  1.992493E+09  1.239728E+27  2.243438E+18  6.185310E+07  9.127463E+08  2.869021E+01  5.668853E-06
     97  2.6795084249386819E-01  0.0000000000000000E+00  0.0000000000000000E+00  3.240349E+09  1.992248E+09  1.239627E+27  2.243598E+18  6.189037E+07  9.127663E+08  2.869780E+01  5.737553E-06
     98  2.6826751721532455E-01  0.0000000000000000E+00  0.0000000000000000E+00  3.245913E+09  1.991987E+09  1.239521E+27  2.243763E+18  6.193076E+07  9.127880E+08  2.870559E+01  5.816068E-06
     99  2.6890086665823726E-01  0.0000000000000000E+00  0.0000000000000000E+00  3.257090E+09  1.991463E+09  1.239310E+27  2.244073E+18  6.201309E+07  9.128326E+08  2.872019E+01  5.976883E-06
    100  2.7016756554406263E-01  0.0000000000000000E+00  0.0000000000000000E+00  3.279592E+09  1.990397E+09  1.238882E+27  2.244623E+18  6.218316E+07  9.129240E+08  2.874591E+01  6.320645E-06
    101  2.7270096331571342E-01  0.0000000000000000E+00  0.0000000000000000E+00  3.325101E+09  1.988154E+09  1.237970E+27  2.245490E+18  6.254123E+07  9.131119E+08  2.878592E+01  7.176339E-06
    102  2.7320359220400181E-01  0.0000000000000000E+00  0.0000000000000000E+00  3.334211E+09  1.987695E+09  1.237783E+27  2.245631E+18  6.261471E+07  9.131501E+08  2.879237E+01  7.391530E-06
    103  2.7398425693368211E-01  0.0000000000000000E+00  0.0000000000000000E+00  3.348413E+09  1.986985E+09  1.237497E+27  2.245832E+18  6.273018E+07  9.132108E+08  2.880158E+01  7.773447E-06
    104  2.7554558639304266E-01  0.0000000000000000E+00  0.0000000000000000E+00  3.381192E+09  1.985381E+09  1.236876E+27  2.246175E+18  6.300264E+07  9.133578E+08  2.881743E+01  8.797249E-06
    105  2.7585785228491477E-01  0.0000000000000000E+00  0.0000000000000000E+00  3.390255E+09  1.984941E+09  1.236712E+27  2.246237E+18  6.307965E+07  9.134001E+08  2.882032E+01  9.073534E-06
    106  2.7630995635705369E-01  0.0000000000000000E+00  0.0000000000000000E+00  3.403282E+09  1.984308E+09  1.236475E+27  2.246323E+18  6.319039E+07  9.134611E+08  2.882440E+01  9.541731E-06
    107  2.7721416450133146E-01  0.0000000000000000E+00  0.0000000000000000E+00  3.429040E+09  1.983048E+09  1.236001E+27  2.246483E+18  6.340964E+07  9.135820E+08  2.883210E+01  1.079470E-05
    108  2.7902258078988701E-01  0.0000000000000000E+00  0.0000000000000000E+00  3.479237E+09  1.980470E+09  1.234987E+27  2.246748E+18  6.383879E+07  9.138127E+08  2.884547E+01  1.544775E-05
    109  2.7935569814505778E-01  0.0000000000000000E+00  0.0000000000000000E+00  3.488291E+09  1.979980E+09  1.234785E+27  2.246789E+18  6.391654E+07  9.138530E+08  2.884762E+01  1.679652E-05
    110  2.7993068435920349E-01  0.0000000000000000E+00  0.0000000000000000E+00  3.503737E+09  1.979120E+09  1.234421E+27  2.246855E+18  6.404946E+07  9.139205E+08  2.885113E+01  1.964292E-05
    111  2.8108065678749489E-01  0.0000000000000000E+00  0.0000000000000000E+00  3.534079E+09  1.977369E+09  1.233660E+27  2.246969E+18  6.431150E+07  9.140501E+08  2.885734E+01  2.793090E-05
    112  2.8338060164407769E-01  0.0000000000000000E+00  0.0000000000000000E+00  3.591935E+09  1.973913E+09  1.232123E+27  2.247142E+18  6.481369E+07  9.142936E+08  2.886695E+01  6.086251E-05
    113  2.8711536815344940E-01  0.0000000000000000E+00  0.0000000000000000E+00  3.678105E+09  1.968807E+09  1.229897E+27  2.247325E+18  6.556504E+07  9.146712E+08  2.887660E+01  1.939528E-04
    114  2.8758872789252216E-01  0.0000000000000000E+00  0.0000000000000000E+00  3.688533E+09  1.968186E+09  1.229628E+27  2.247342E+18  6.565621E+07  9.147176E+08  2.887746E+01  2.208866E-04
    115  2.8822862880092742E-01  0.0000000000000000E+00  0.0000000000000000E+00  3.702394E+09  1.967338E+09  1.229251E+27  2.247364E+18  6.577758E+07  9.147778E+08  2.887853E+01  2.619040E-04
    116  2.8950843061773790E-01  0.0000000000000000E+00  0.0000000000000000E+00  3.729278E+09  1.965591E+09  1.228439E+27  2.247404E+18  6.601371E+07  9.148883E+08  2.888037E+01  3.620096E-04
    117  2.9206803425135891E-01  0.0000000000000000E+00  0.0000000000000000E+00  3.780022E+09  1.962008E+09  1.226677E+27  2.247473E+18  6.646153E+07  9.150789E+08  2.888316E+01  6.514191E-04
    118  2.9606319051936325E-01  0.0000000000000000E+00  0.0000000000000000E+00  3.850763E+09  1.956324E+09  1.223669E+27  2.247583E+18  6.709026E+07  9.153005E+08  2.888617E+01  1.418612E-03
    119  3.0008113546760845E-01  0.0000000000000000E+00  0.0000000000000000E+00  3.910882E+09  1.950395E+09  1.220216E+27  2.247719E+18  6.763072E+07  9.154127E+08  2.888885E+01  2.652998E-03
    120  3.0058784693536489E-01  0.0000000000000000E+00  0.0000000000000000E+00  3.917824E+09  1.949678E+09  1.219791E+27  2.247741E+18  6.769321E+07  9.154234E+08  2.888923E+01  2.840807E-03
    121  3.0127306903426826E-01  0.0000000000000000E+00  0.0000000000000000E+00  3.927009E+09  1.948728E+09  1.219228E+27  2.247770E+18  6.777584E+07  9.154376E+08  2.888979E+01  3.105371E-03
    122  3.0264351323207506E-01  0.0000000000000000E+00  0.0000000000000000E+00  3.944523E+09  1.946910E+09  1.218147E+27  2.247833E+18  6.793317E+07  9.154639E+08  2.889106E+01  3.667627E-03
    123  3.0291760207163643E-01  0.0000000000000000E+00  0.0000000000000000E+00  3.947950E+09  1.946552E+09  1.217935E+27  2.247846E+18  6.796392E+07  9.154689E+08  2.889134E+01  3.784864E-03
    124  3.0340248024076877E-01  0.0000000000000000E+00  0.0000000000000000E+00  3.953824E+09  1.945929E+09  1.217561E+27  2.247870E+18  6.801665E+07  9.154767E+08  2.889186E+01  3.995806E-03
    125  3.0437223657903340E-01  0.0000000000000000E+00  0.0000000000000000E+00  3.965264E+09  1.944689E+09  1.216812E+27  2.247920E+18  6.811933E+07  9.154900E+08  2.889300E+01  4.429393E-03
    126  3.0456618784668632E-01  0.0000000000000000E+00  0.0000000000000000E+00  3.967510E+09  1.944442E+09  1.216662E+27  2.247931E+18  6.813950E+07  9.154923E+08  2.889325E+01  4.517665E-03
    127  3.0495409038199217E-01  0.0000000000000000E+00  0.0000000000000000E+00  3.976116E+09  1.943754E+09  1.216304E+27  2.247951E+18  6.821559E+07  9.155217E+08  2.889376E+01  4.697535E-03
    128  3.0572989545260387E-01  0.0000000000000000E+00  0.0000000000000000E+00  3.999588E+09  1.942084E+09  1.215501E+27  2.247994E+18  6.842204E+07  9.156185E+08  2.889496E+01  5.085963E-03
    129  3.0588505646672620E-01  0.0000000000000000E+00  0.0000000000000000E+00  4.005600E+09  1.941687E+09  1.215321E+27  2.248003E+18  6.847474E+07  9.156458E+08  2.889524E+01  5.168910E-03
    130  3.0612317364717762E-01  0.0000000000000000E+00  0.0000000000000000E+00  4.014825E+09  1.941077E+09  1.215045E+27  2.248017E+18  6.855555E+07  9.156879E+08  2.889570E+01  5.300264E-03
    131  3.0659940800808039E-01  0.0000000000000000E+00  0.0000000000000000E+00  4.033130E+09  1.939858E+09  1.214492E+27  2.248049E+18  6.871574E+07  9.157709E+08  2.889677E+01  5.575331E-03
    132  3.0755187672988593E-01  0.0000000000000000E+00  0.0000000000000000E+00  4.069046E+09  1.937423E+09  1.213370E+27  2.248125E+18  6.902913E+07  9.159315E+08  2.889972E+01  6.169826E-03
    133  3.0909929299643651E-01  0.0000000000000000E+00  0.0000000000000000E+00  4.125551E+09  1.933473E+09  1.211511E+27  2.248297E+18  6.951819E+07  9.161769E+08  2.890792E+01  7.272382E-03
    134  3.0930702292488688E-01  0.0000000000000000E+00  0.0000000000000000E+00  4.132893E+09  1.932943E+09  1.211256E+27  2.248325E+18  6.958124E+07  9.162076E+08  2.890946E+01  7.430478E-03
    135  3.0959718465776032E-01  0.0000000000000000E+00  0.0000000000000000E+00  4.143149E+09  1.932204E+09  1.210900E+27  2.248368E+18  6.966904E+07  9.162505E+08  2.891181E+01  7.654861E-03
    136  3.1017750812350725E-01  0.0000000000000000E+00  0.0000000000000000E+00  4.163336E+09  1.930728E+09  1.210182E+27  2.248463E+18  6.984085E+07  9.163333E+08  2.891733E+01  8.111607E-03
    137  3.1133815505500112E-01  0.0000000000000000E+00  0.0000000000000000E+00  4.202542E+09  1.927789E+09  1.208723E+27  2.248696E+18  7.016959E+07  9.164875E+08  2.893238E+01  9.030423E-03
    138  3.1306586665670172E-01  0.0000000000000000E+00  0.0000000000000000E+00  4.257733E+09  1.923464E+09  1.206498E+27  2.249186E+18  7.061537E+07  9.166843E+08  2.896822E+01  1.033161E-02
    139  3.1322974459608238E-01  0.0000000000000000E+00  0.0000000000000000E+00  4.262831E+09  1.923056E+09  1.206285E+27  2.249245E+18  7.065519E+07  9.167014E+08  2.897267E+01  1.045015E-02
    140  3.1345338857274091E-01  0.0000000000000000E+00  0.0000000000000000E+00  4.269618E+09  1.922504E+09  1.205992E+27  2.249327E+18  7.070767E+07  9.167230E+08  2.897908E+01  1.061178E-02
    141  3.1390067652605796E-01  0.0000000000000000E+00  0.0000000000000000E+00  4.283018E+09  1.921405E+09  1.205403E+27  2.249506E+18  7.080965E+07  9.167643E+08  2.899311E+01  1.093543E-02
    142  3.1479525243269202E-01  0.0000000000000000E+00  0.0000000000000000E+00  4.309039E+09  1.919230E+09  1.204219E+27  2.249924E+18  7.100041E+07  9.168378E+08  2.902651E+01  1.160301E-02
    143  3.1632030783945753E-01  0.0000000000000000E+00  0.0000000000000000E+00  4.350580E+09  1.915648E+09  1.202203E+27  2.250851E+18  7.127854E+07  9.169331E+08  2.910206E+01  1.294485E-02
    144  3.1654519563389782E-01  0.0000000000000000E+00  0.0000000000000000E+00  4.356436E+09  1.915135E+09  1.201908E+27  2.251015E+18  7.131456E+07  9.169442E+08  2.911537E+01  1.318339E-02
    145  3.1687567803688510E-01  0.0000000000000000E+00  0.0000000000000000E+00  4.364892E+09  1.914390E+09  1.201476E+27  2.251266E+18  7.136488E+07  9.169591E+08  2.913603E+01  1.355621E-02
    146  3.1753664284285965E-01  0.0000000000000000E+00  0.0000000000000000E+00  4.381130E+09  1.912945E+09  1.200625E+27  2.251815E+18  7.145490E+07  9.169825E+08  2.918126E+01  1.440052E-02
    147  3.1822989761602571E-01  0.0000000000000000E+00  0.0000000000000000E+00  4.397244E+09  1.911486E+09  1.199746E+27  2.252457E+18  7.153436E+07  9.169983E+08  2.923450E+01  1.544624E-02
    148  3.1961640716235784E-01  0.0000000000000000E+00  0.0000000000000000E+00  4.426951E+09  1.908703E+09  1.198002E+27  2.253948E+18  7.165001E+07  9.170017E+08  2.935909E+01  1.810477E-02
    149  3.1981757439637343E-01  0.0000000000000000E+00  0.0000000000000000E+00  4.430912E+09  1.908314E+09  1.197749E+27  2.254188E+18  7.166148E+07  9.169984E+08  2.937915E+01  1.856069E-02
    150  3.2009201213223121E-01  0.0000000000000000E+00  0.0000000000000000E+00  4.436316E+09  1.907784E+09  1.197403E+27  2.254522E+18  7.167621E+07  9.169933E+08  2.940730E+01  1.921221E-02
    151  3.2064088760394671E-01  0.0000000000000000E+00  0.0000000000000000E+00  4.446486E+09  1.906741E+09  1.196702E+27  2.255222E+18  7.169714E+07  9.169760E+08  2.946634E+01  2.062714E-02
    152  3.2173863854737778E-01  0.0000000000000000E+00  0.0000000000000000E+00  4.465241E+09  1.904684E+09  1.195265E+27  2.256732E+18  7.171409E+07  9.169198E+08  2.959469E+01  2.394234E-02
    153  3.2195622750277714E-01  0.0000000000000000E+00  0.0000000000000000E+00  4.468792E+09  1.904278E+09  1.194975E+27  2.257048E+18  7.171433E+07  9.169060E+08  2.962168E+01  2.467964E-02
    154  3.2228888352676172E-01  0.0000000000000000E+00  0.0000000000000000E+00  4.473746E+09  1.903660E+09  1.194519E+27  2.257542E+18  7.170973E+07  9.168794E+08  2.966389E+01  2.586309E-02
    155  3.2295419557473093E-01  0.0000000000000000E+00  0.0000000000000000E+00  4.483347E+09  1.902425E+09  1.193594E+27  2.258562E+18  7.169460E+07  9.168208E+08  2.975145E+01  2.843169E-02
    156  3.2428481967066930E-01  0.0000000000000000E+00  0.0000000000000000E+00  4.499503E+09  1.899955E+09  1.191641E+27  2.260722E+18  7.162761E+07  9.166633E+08  2.993774E+01  3.437080E-02
    157  3.2455094448985700E-01  0.0000000000000000E+00  0.0000000000000000E+00  4.502441E+09  1.899461E+09  1.191240E+27  2.261169E+18  7.161031E+07  9.166275E+08  2.997649E+01  3.568130E-02
    158  3.2497687692205246E-01  0.0000000000000000E+00  0.0000000000000000E+00  4.506532E+09  1.898675E+09  1.190583E+27  2.261894E+18  7.157673E+07  9.165635E+08  3.003939E+01  3.786196E-02
    159  3.2582874178644333E-01  0.0000000000000000E+00  0.0000000000000000E+00  4.513783E+09  1.897107E+09  1.189244E+27  2.263370E+18  7.149978E+07  9.164238E+08  3.016764E+01  4.250502E-02
    160  3.2599911475932153E-01  0.0000000000000000E+00  0.0000000000000000E+00  4.515023E+09  1.896795E+09  1.188971E+27  2.263668E+18  7.148243E+07  9.163935E+08  3.019357E+01  4.347415E-02
    161  3.2633986070507787E-01  0.0000000000000000E+00  0.0000000000000000E+00  4.517502E+09  1.896172E+09  1.188425E+27  2.264266E+18  7.144759E+07  9.163326E+08  3.024568E+01  4.544827E-02
    162  3.2702135259659060E-01  0.0000000000000000E+00  0.0000000000000000E+00  4.530765E+09  1.894487E+09  1.187185E+27  2.265498E+18  7.144525E+07  9.162612E+08  3.035420E+01  4.956159E-02
    163  3.2838433637961600E-01  0.0000000000000000E+00  0.0000000000000000E+00  4.575852E+09  1.890191E+09  1.184361E+27  2.268437E+18  7.154955E+07  9.162107E+08  3.061836E+01  5.960550E-02
    164  3.2859590197464711E-01  0.0000000000000000E+00  0.0000000000000000E+00  4.583476E+09  1.889490E+09  1.183898E+27  2.268985E+18  7.156159E+07  9.162012E+08  3.066822E+01  6.155584E-02
    165  3.2891765992774569E-01  0.0000000000000000E+00  0.0000000000000000E+00  4.595071E+09  1.888426E+09  1.183185E+27  2.269871E+18  7.157432E+07  9.161832E+08  3.074928E+01  6.475433E-02
    166  3.2956117583394279E-01  0.0000000000000000E+00  0.0000000000000000E+00  4.618169E+09  1.886298E+09  1.181727E+27  2.271852E+18  7.157760E+07  9.161330E+08  3.093181E+01  7.213153E-02
    167  3.2968987901518221E-01  0.0000000000000000E+00  0.0000000000000000E+00  4.622783E+09  1.885873E+09  1.181430E+27  2.272283E+18  7.157461E+07  9.161206E+08  3.097180E+01  7.378120E-02
    168  3.2989045083085178E-01  0.0000000000000000E+00  0.0000000000000000E+00  4.629974E+09  1.885210E+09  1.180963E+27  2.272979E+18  7.156743E+07  9.160998E+08  3.103657E+01  7.647019E-02
    169  3.3029159446219092E-01  0.0000000000000000E+00  0.0000000000000000E+00  4.644241E+09  1.883890E+09  1.180016E+27  2.274464E+18  7.154265E+07  9.160511E+08  3.117546E+01  8.232581E-02
    170  3.3109388172486925E-01  0.0000000000000000E+00  0.0000000000000000E+00  4.672603E+09  1.881258E+09  1.178060E+27  2.277822E+18  7.145175E+07  9.159264E+08  3.149349E+01  9.609794E-02
    171  3.3125377558961916E-01  0.0000000000000000E+00  0.0000000000000000E+00  4.678200E+09  1.880736E+09  1.177660E+27  2.278556E+18  7.142653E+07  9.158967E+08  3.156373E+01  9.920812E-02
    172  3.3148212537472360E-01  0.0000000000000000E+00  0.0000000000000000E+00  4.686195E+09  1.879991E+09  1.177083E+27  2.279643E+18  7.138653E+07  9.158515E+08  3.166827E+01  1.038620E-01
    173  3.3193882494493249E-01  0.0000000000000000E+00  0.0000000000000000E+00  4.702015E+09  1.878510E+09  1.175907E+27  2.281960E+18  7.129064E+07  9.157502E+08  3.189288E+01  1.139999E-01
    174  3.3285222408535031E-01  0.0000000000000000E+00  0.0000000000000000E+00  4.733101E+09  1.875576E+09  1.173462E+27  2.287180E+18  7.103448E+07  9.155015E+08  3.240867E+01  1.377868E-01
    175  3.3416986057586351E-01  0.0000000000000000E+00  0.0000000000000000E+00  4.776317E+09  1.871428E+09  1.169703E+27  2.296122E+18  7.050783E+07  9.150245E+08  3.332526E+01  1.808869E-01
    176  3.3435485309170804E-01  0.0000000000000000E+00  0.0000000000000000E+00  4.782285E+09  1.870850E+09  1.169151E+27  2.297510E+18  7.042002E+07  9.149464E+08  3.347105E+01  1.878392E-01
    177  3.3462102287176354E-01  0.0000000000000000E+00  0.0000000000000000E+00  4.790483E+09  1.870035E+09  1.168350E+27  2.299554E+18  7.028523E+07  9.148268E+08  3.368816E+01  1.981267E-01
    178  3.3515336243187455E-01  0.0000000000000000E+00  0.0000000000000000E+00  4.806879E+09  1.868406E+09  1.166712E+27  2.303808E+18  6.999922E+07  9.145729E+08  3.414746E+01  2.198473E-01
    179  3.3621804155209661E-01  0.0000000000000000E+00  0.0000000000000000E+00  4.837760E+09  1.865205E+09  1.163303E+27  2.312868E+18  6.935677E+07  9.139946E+08  3.516099E+01  2.673987E-01
    180  3.3786341283448118E-01  0.0000000000000000E+00  0.0000000000000000E+00  4.880306E+09  1.860396E+09  1.157758E+27  2.327601E+18  6.825272E+07  9.129513E+08  3.691824E+01  3.476106E-01
    181  3.3808766837147519E-01  0.0000000000000000E+00  0.0000000000000000E+00  4.885375E+09  1.859761E+09  1.156985E+27  2.329622E+18  6.809660E+07  9.127968E+08  3.716914E+01  3.589305E-01
    182  3.3844433503541205E-01  0.0000000000000000E+00  0.0000000000000000E+00  4.893344E+09  1.858754E+09  1.155754E+27  2.332799E+18  6.785077E+07  9.125495E+08  3.757021E+01  3.766672E-01
    183  3.3915766836328576E-01  0.0000000000000000E+00  0.0000000000000000E+00  4.908312E+09  1.856771E+09  1.153288E+27  2.339026E+18  6.736612E+07  9.120454E+08  3.837549E+01  4.117164E-01
    184  3.4058433501903324E-01  0.0000000000000000E+00  0.0000000000000000E+00  4.933968E+09  1.852947E+09  1.148407E+27  2.350664E+18  6.645439E+07  9.110218E+08  3.994678E+01  4.778431E-01
    185  3.4086966835018273E-01  0.0000000000000000E+00  0.0000000000000000E+00  4.938060E+09  1.852217E+09  1.147447E+27  2.352824E+18  6.628171E+07  9.108148E+08  4.024817E+01  4.900390E-01
    186  3.4132321543392680E-01  0.0000000000000000E+00  0.0000000000000000E+00  4.944564E+09  1.851057E+09  1.145936E+27  2.356137E+18  6.602139E+07  9.104916E+08  4.071457E+01  5.089030E-01
    187  3.4223030960141493E-01  0.0000000000000000E+00  0.0000000000000000E+00  4.955146E+09  1.848816E+09  1.142970E+27  2.362294E+18  6.553343E+07  9.098488E+08  4.159530E+01  5.438730E-01
    188  3.4404449793639114E-01  0.0000000000000000E+00  0.0000000000000000E+00  4.991157E+09  1.843756E+09  1.137124E+27  2.373227E+18  6.483103E+07  9.087407E+08  4.321102E+01  6.055188E-01
    189  3.4436515979499949E-01  0.0000000000000000E+00  0.0000000000000000E+00  5.004268E+09  1.842502E+09  1.136045E+27  2.374941E+18  6.477654E+07  9.086157E+08  4.348733E+01  6.154667E-01
    190  3.4463335045023519E-01  0.0000000000000000E+00  0.0000000000000000E+00  5.015292E+09  1.841449E+09  1.135198E+27  2.376316E+18  6.472971E+07  9.085338E+08  4.372529E+01  6.243489E-01
    191  3.4516973176070664E-01  0.0000000000000000E+00  0.0000000000000000E+00  5.037595E+09  1.839331E+09  1.133483E+27  2.379140E+18  6.462998E+07  9.083638E+08  4.422207E+01  6.426945E-01
    192  3.4624249438164956E-01  0.0000000000000000E+00  0.0000000000000000E+00  5.082789E+09  1.835073E+09  1.129989E+27  2.385029E+18  6.441126E+07  9.080022E+08  4.528862E+01  6.820853E-01
    193  3.4645704690583812E-01  0.0000000000000000E+00  0.0000000000000000E+00  5.091818E+09  1.834224E+09  1.129287E+27  2.386215E+18  6.436586E+07  9.079274E+08  4.551012E+01  6.899894E-01
    194  3.4678736243208458E-01  0.0000000000000000E+00  0.0000000000000000E+00  5.105688E+09  1.832922E+09  1.128207E+27  2.388047E+18  6.429643E+07  9.078116E+08  4.585347E+01  7.023910E-01
    195  3.4744799348457744E-01  0.0000000000000000E+00  0.0000000000000000E+00  5.133273E+09  1.830333E+09  1.126065E+27  2.391636E+18  6.416512E+07  9.075830E+08  4.653709E+01  7.267285E-01
    196  3.4876925558956318E-01  0.0000000000000000E+00  0.0000000000000000E+00  5.187758E+09  1.825243E+09  1.121931E+27  2.398201E+18  6.396512E+07  9.071649E+08  4.782278E+01  7.716138E-01
    197  3.5080481265186914E-01  0.0000000000000000E+00  0.0000000000000000E+00  5.269420E+09  1.817667E+09  1.116101E+27  2.406255E+18  6.386929E+07  9.066750E+08  4.943749E+01  8.276452E-01
    198  3.5106830242006465E-01  0.0000000000000000E+00  0.0000000000000000E+00  5.279791E+09  1.816706E+09  1.115400E+27  2.407069E+18  6.387928E+07  9.066288E+08  4.960251E+01  8.338753E-01
    199  3.5144078223220898E-01  0.0000000000000000E+00  0.0000000000000000E+00  5.294075E+09  1.815369E+09  1.114429E+27  2.408168E+18  6.389773E+07  9.065667E+08  4.982157E+01  8.416353E-01
    200  3.5218574185649759E-01  0.0000000000000000E+00  0.0000000000000000E+00  5.322332E+09  1.812702E+09  1.112529E+27  2.410152E+18  6.395592E+07  9.064583E+08  5.021338E+01  8.557603E-01
    201  3.5367566110507487E-01  0.0000000000000000E+00  0.0000000000000000E+00  5.376430E+09  1.807375E+09  1.108813E+27  2.413463E+18  6.412734E+07  9.062741E+08  5.084963E+01  8.797561E-01
    202  3.5397364495479033E-01  0.0000000000000000E+00  0.0000000000000000E+00  5.386663E+09  1.806293E+09  1.108058E+27  2.414034E+18  6.416649E+07  9.062370E+08  5.095792E+01  8.839504E-01
    203  3.5453977010838267E-01  0.0000000000000000E+00  0.0000000000000000E+00  5.405930E+09  1.804232E+09  1.106630E+27  2.415070E+18  6.424672E+07  9.061702E+08  5.114883E+01  8.915328E-01
    204  3.5567202041556734E-01  0.0000000000000000E+00  0.0000000000000000E+00  5.442165E+09  1.800038E+09  1.103706E+27  2.416921E+18  6.441564E+07  9.060271E+08  5.147618E+01  9.048017E-01
    205  3.5793652102993667E-01  0.0000000000000000E+00  0.0000000000000000E+00  5.506116E+09  1.791499E+09  1.097678E+27  2.419881E+18  6.477283E+07  9.057056E+08  5.194811E+01  9.250718E-01
    206  3.5830837175603031E-01  0.0000000000000000E+00  0.0000000000000000E+00  5.517119E+09  1.789977E+09  1.096630E+27  2.420273E+18  6.484706E+07  9.056589E+08  5.200227E+01  9.279155E-01
    207  3.5879407395595209E-01  0.0000000000000000E+00  0.0000000000000000E+00  5.533496E+09  1.787818E+09  1.095190E+27  2.420749E+18  6.496602E+07  9.056125E+08  5.206242E+01  9.314103E-01
    208  3.5976547835579564E-01  0.0000000000000000E+00  0.0000000000000000E+00  5.572330E+09  1.783084E+09  1.092185E+27  2.421572E+18  6.527194E+07  9.055743E+08  5.214581E+01  9.380767E-01
    209  3.5995975923576434E-01  0.0000000000000000E+00  0.0000000000000000E+00  5.580554E+09  1.782108E+09  1.091578E+27  2.421719E+18  6.533909E+07  9.055718E+08  5.215780E+01  9.393598E-01
    210  3.6034832099570174E-01  0.0000000000000000E+00  0.0000000000000000E+00  5.597441E+09  1.780138E+09  1.090367E+27  2.422006E+18  6.547885E+07  9.055724E+08  5.217768E+01  9.418837E-01
    211  3.6112544451557660E-01  0.0000000000000000E+00  0.0000000000000000E+00  5.631674E+09  1.776187E+09  1.087965E+27  2.422541E+18  6.576839E+07  9.055846E+08  5.220355E+01  9.467676E-01
    212  3.6267969155532631E-01  0.0000000000000000E+00  0.0000000000000000E+00  5.702497E+09  1.768269E+09  1.083276E+27  2.423464E+18  6.639163E+07  9.056622E+08  5.219944E+01  9.559880E-01
    213  3.6292749650265738E-01  0.0000000000000000E+00  0.0000000000000000E+00  5.714055E+09  1.767013E+09  1.082549E+27  2.423591E+18  6.649666E+07  9.056819E+08  5.219083E+01  9.574141E-01
    214  3.6342310639731956E-01  0.0000000000000000E+00  0.0000000000000000E+00  5.737172E+09  1.764500E+09  1.081102E+27  2.423827E+18  6.670942E+07  9.057241E+08  5.216772E+01  9.601114E-01
    215  3.6441432618664393E-01  0.0000000000000000E+00  0.0000000000000000E+00  5.783842E+09  1.759492E+09  1.078265E+27  2.424223E+18  6.715154E+07  9.058289E+08  5.209240E+01  9.650843E-01
    216  3.6461257014450882E-01  0.0000000000000000E+00  0.0000000000000000E+00  5.793188E+09  1.758490E+09  1.077702E+27  2.424286E+18  6.724231E+07  9.058522E+08  5.207248E+01  9.660220E-01
    217  3.6500905806023853E-01  0.0000000000000000E+00  0.0000000000000000E+00  5.811882E+09  1.756484E+09  1.076581E+27  2.424409E+18  6.742554E+07  9.059007E+08  5.202902E+01  9.678183E-01
    218  3.6580203389169802E-01  0.0000000000000000E+00  0.0000000000000000E+00  5.849080E+09  1.752455E+09  1.074336E+27  2.424612E+18  6.779855E+07  9.060023E+08  5.192534E+01  9.711611E-01
    219  3.6738798555461699E-01  0.0000000000000000E+00  0.0000000000000000E+00  5.922008E+09  1.744325E+09  1.069820E+27  2.424845E+18  6.856450E+07  9.062149E+08  5.165344E+01  9.767643E-01
    220  3.6770473816443672E-01  0.0000000000000000E+00  0.0000000000000000E+00  5.936304E+09  1.742695E+09  1.068917E+27  2.424859E+18  6.872071E+07  9.062590E+08  5.158820E+01  9.777172E-01
    221  3.6833824338407611E-01  0.0000000000000000E+00  0.0000000000000000E+00  5.964381E+09  1.739432E+09  1.067100E+27  2.424897E+18  6.903105E+07  9.063434E+08  5.145439E+01  9.794181E-01
    222  3.6960525382335491E-01  0.0000000000000000E+00  0.0000000000000000E+00  6.019032E+09  1.732921E+09  1.063468E+27  2.424883E+18  6.965504E+07  9.065108E+08  5.115732E+01  9.824120E-01
    223  3.6985865591121064E-01  0.0000000000000000E+00  0.0000000000000000E+00  6.029502E+09  1.731628E+09  1.062741E+27  2.424860E+18  6.977850E+07  9.065418E+08  5.109344E+01  9.829572E-01
    224  3.7036546008692217E-01  0.0000000000000000E+00  0.0000000000000000E+00  6.050342E+09  1.729043E+09  1.061289E+27  2.424804E+18  7.002668E+07  9.066048E+08  5.096193E+01  9.839566E-01
    225  3.7137906843834523E-01  0.0000000000000000E+00  0.0000000000000000E+00  6.089841E+09  1.723685E+09  1.058184E+27  2.424664E+18  7.051144E+07  9.066945E+08  5.069405E+01  9.856241E-01
    226  3.7340628514119134E-01  0.0000000000000000E+00  0.0000000000000000E+00  6.172445E+09  1.712432E+09  1.051790E+27  2.423961E+18  7.157881E+07  9.069410E+08  5.003823E+01  9.879057E-01
    227  3.7372686220757673E-01  0.0000000000000000E+00  0.0000000000000000E+00  6.186146E+09  1.710602E+09  1.050779E+27  2.423791E+18  7.176333E+07  9.069939E+08  4.991567E+01  9.881719E-01
    228  3.7436801634034755E-01  0.0000000000000000E+00  0.0000000000000000E+00  6.213857E+09  1.706906E+09  1.048750E+27  2.423400E+18  7.214186E+07  9.071073E+08  4.965926E+01  9.885885E-01
    229  3.7565032460588921E-01  0.0000000000000000E+00  0.0000000000000000E+00  6.270519E+09  1.699345E+09  1.044654E+27  2.422439E+18  7.293996E+07  9.073652E+08  4.909752E+01  9.891517E-01
    230  3.7590678625899754E-01  0.0000000000000000E+00  0.0000000000000000E+00  6.281964E+09  1.697812E+09  1.043831E+27  2.422215E+18  7.310556E+07  9.074213E+08  4.897736E+01  9.892278E-01
    231  3.7641970956521420E-01  0.0000000000000000E+00  0.0000000000000000E+00  6.305023E+09  1.694707E+09  1.042165E+27  2.421757E+18  7.344097E+07  9.075353E+08  4.873432E+01  9.893627E-01
    232  3.7744555617764752E-01  0.0000000000000000E+00  0.0000000000000000E+00  6.351242E+09  1.688441E+09  1.038818E+27  2.420758E+18  7.412757E+07  9.077741E+08  4.822917E+01  9.895133E-01
    233  3.7949724940251411E-01  0.0000000000000000E+00  0.0000000000000000E+00  6.443504E+09  1.675700E+09  1.032065E+27  2.418421E+18  7.555969E+07  9.082887E+08  4.714787E+01  9.894748E-01
    234  3.8267361316137039E-01  0.0000000000000000E+00  0.0000000000000000E+00  6.570827E+09  1.656692E+09  1.021762E+27  2.414726E+18  7.768053E+07  9.089718E+08  4.551829E+01  9.893629E-01
    235  3.8307178090397609E-01  0.0000000000000000E+00  0.0000000000000000E+00  6.585078E+09  1.654344E+09  1.020442E+27  2.414271E+18  7.793040E+07  9.090361E+08  4.532621E+01  9.892614E-01
    236  3.8370140842004741E-01  0.0000000000000000E+00  0.0000000000000000E+00  6.608160E+09  1.650595E+09  1.018356E+27  2.413520E+18  7.833830E+07  9.091492E+08  4.501271E+01  9.892021E-01
    237  3.8496066345219004E-01  0.0000000000000000E+00  0.0000000000000000E+00  6.656221E+09  1.642825E+09  1.014091E+27  2.411828E+18  7.920898E+07  9.094119E+08  4.434007E+01  9.890835E-01
    238  3.8747917351647526E-01  0.0000000000000000E+00  0.0000000000000000E+00  6.758710E+09  1.626101E+09  1.005086E+27  2.407580E+18  8.117469E+07  9.100688E+08  4.281376E+01  9.887608E-01
    239  3.8784195566437091E-01  0.0000000000000000E+00  0.0000000000000000E+00  6.774311E+09  1.623554E+09  1.003740E+27  2.406870E+18  8.148747E+07  9.101821E+08  4.257090E+01  9.887580E-01
    240  3.8847270378022614E-01  0.0000000000000000E+00  0.0000000000000000E+00  6.801887E+09  1.619080E+09  1.001396E+27  2.405551E+18  8.204754E+07  9.103914E+08  4.213761E+01  9.886802E-01
    241  3.8973420001193665E-01  0.0000000000000000E+00  0.0000000000000000E+00  6.859382E+09  1.609927E+09  9.967102E+26  2.402595E+18  8.324917E+07  9.108753E+08  4.121248E+01  9.885350E-01
    242  3.8998649925827877E-01  0.0000000000000000E+00  0.0000000000000000E+00  6.871157E+09  1.608077E+09  9.957811E+26  2.401945E+18  8.350212E+07  9.109825E+08  4.101813E+01  9.884951E-01
    243  3.9026248800098690E-01  0.0000000000000000E+00  0.0000000000000000E+00  6.884410E+09  1.606029E+09  9.947667E+26  2.401205E+18  8.378813E+07  9.111079E+08  4.079929E+01  9.884627E-01
    244  3.9081446548640314E-01  0.0000000000000000E+00  0.0000000000000000E+00  6.910917E+09  1.601933E+09  9.927481E+26  2.399687E+18  8.436793E+07  9.113646E+08  4.035807E+01  9.884036E-01
    245  3.9191842045723563E-01  0.0000000000000000E+00  0.0000000000000000E+00  6.946009E+09  1.594423E+09  9.883456E+26  2.397845E+18  8.516389E+07  9.115084E+08  3.978306E+01  9.883959E-01
    246  3.9412633039890060E-01  0.0000000000000000E+00  0.0000000000000000E+00  7.016796E+09  1.579145E+09  9.794518E+26  2.393803E+18  8.683212E+07  9.118365E+08  3.859849E+01  9.883755E-01
    247  3.9448753951773580E-01  0.0000000000000000E+00  0.0000000000000000E+00  7.028500E+09  1.576616E+09  9.779946E+26  2.393074E+18  8.711861E+07  9.118988E+08  3.839655E+01  9.883572E-01
    248  3.9495468367790443E-01  0.0000000000000000E+00  0.0000000000000000E+00  7.043713E+09  1.573335E+09  9.761074E+26  2.392122E+18  8.749247E+07  9.119816E+08  3.813551E+01  9.883575E-01
    249  3.9588897199824175E-01  0.0000000000000000E+00  0.0000000000000000E+00  7.074409E+09  1.566761E+09  9.723540E+26  2.390133E+18  8.825865E+07  9.121621E+08  3.760516E+01  9.883614E-01
    250  3.9775754863891633E-01  0.0000000000000000E+00  0.0000000000000000E+00  7.137903E+09  1.553528E+09  9.649630E+26  2.385690E+18  8.989566E+07  9.126110E+08  3.649126E+01  9.884067E-01
    251  3.9812000234755190E-01  0.0000000000000000E+00  0.0000000000000000E+00  7.150860E+09  1.550911E+09  9.635382E+26  2.384709E+18  9.023984E+07  9.127189E+08  3.625979E+01  9.883903E-01
    252  3.9860870384005820E-01  0.0000000000000000E+00  0.0000000000000000E+00  7.168494E+09  1.547368E+09  9.616195E+26  2.383355E+18  9.071246E+07  9.128708E+08  3.594467E+01  9.884035E-01
    253  3.9958610682507073E-01  0.0000000000000000E+00  0.0000000000000000E+00  7.203900E+09  1.540033E+09  9.576199E+26  2.380525E+18  9.168491E+07  9.131742E+08  3.530674E+01  9.884415E-01
    254  4.0051082632265300E-01  0.0000000000000000E+00  0.0000000000000000E+00  7.236450E+09  1.532898E+09  9.536566E+26  2.377810E+18  9.260729E+07  9.134366E+08  3.471652E+01  9.884744E-01
    255  4.0236026531781754E-01  0.0000000000000000E+00  0.0000000000000000E+00  7.301485E+09  1.518538E+09  9.457339E+26  2.372005E+18  9.452237E+07  9.140010E+08  3.352716E+01  9.886071E-01
    256  4.0271120352414713E-01  0.0000000000000000E+00  0.0000000000000000E+00  7.313617E+09  1.515767E+09  9.441939E+26  2.370864E+18  9.489108E+07  9.141057E+08  3.330468E+01  9.886066E-01
    257  4.0319692257422918E-01  0.0000000000000000E+00  0.0000000000000000E+00  7.330330E+09  1.511919E+09  9.420547E+26  2.369263E+18  9.540593E+07  9.142515E+08  3.299695E+01  9.886374E-01
    258  4.0379372634630056E-01  0.0000000000000000E+00  0.0000000000000000E+00  7.350479E+09  1.507127E+09  9.393631E+26  2.367287E+18  9.603786E+07  9.144206E+08  3.262522E+01  9.886763E-01
    259  4.0498733389044334E-01  0.0000000000000000E+00  0.0000000000000000E+00  7.389789E+09  1.497423E+09  9.338594E+26  2.363282E+18  9.730520E+07  9.147400E+08  3.189803E+01  9.887647E-01
    260  4.0737454897872888E-01  0.0000000000000000E+00  0.0000000000000000E+00  7.460351E+09  1.477813E+09  9.223183E+26  2.355651E+18  9.971128E+07  9.151853E+08  3.059130E+01  9.889794E-01
    261  4.1153431241615385E-01  0.0000000000000000E+00  0.0000000000000000E+00  7.552980E+09  1.443470E+09  9.005408E+26  2.344589E+18  1.032639E+08  9.151736E+08  2.884127E+01  9.893656E-01
    262  4.1217699614039460E-01  0.0000000000000000E+00  0.0000000000000000E+00  7.565366E+09  1.438299E+09  8.971809E+26  2.343044E+18  1.037656E+08  9.151292E+08  2.861047E+01  9.894321E-01
    263  4.1346236358887611E-01  0.0000000000000000E+00  0.0000000000000000E+00  7.588983E+09  1.427973E+09  8.904331E+26  2.339975E+18  1.047561E+08  9.150191E+08  2.816259E+01  9.895470E-01
    264  4.1603309848583914E-01  0.0000000000000000E+00  0.0000000000000000E+00  7.645431E+09  1.406001E+09  8.766162E+26  2.331894E+18  1.071728E+08  9.150729E+08  2.709133E+01  9.897610E-01
    265  4.1654724546523175E-01  0.0000000000000000E+00  0.0000000000000000E+00  7.655105E+09  1.401565E+09  8.737310E+26  2.330449E+18  1.076134E+08  9.150321E+08  2.690646E+01  9.898051E-01
    266  4.1744484643632618E-01  0.0000000000000000E+00  0.0000000000000000E+00  7.669663E+09  1.393890E+09  8.686098E+26  2.328250E+18  1.083066E+08  9.148892E+08  2.662463E+01  9.898787E-01
    267  4.1924004837851503E-01  0.0000000000000000E+00  0.0000000000000000E+00  7.687163E+09  1.378992E+09  8.579968E+26  2.325623E+18  1.092834E+08  9.142338E+08  2.626493E+01  9.900264E-01
    268  4.1959908876695279E-01  0.0000000000000000E+00  0.0000000000000000E+00  7.688758E+09  1.376084E+09  8.558110E+26  2.325402E+18  1.094092E+08  9.140404E+08  2.622631E+01  9.900579E-01
    269  4.2031716954382831E-01  0.0000000000000000E+00  0.0000000000000000E+00  7.702501E+09  1.369628E+09  8.516486E+26  2.323127E+18  1.100761E+08  9.139939E+08  2.596003E+01  9.901096E-01
    270  4.2175333109757940E-01  0.0000000000000000E+00  0.0000000000000000E+00  7.747333E+09  1.355536E+09  8.436037E+26  2.315269E+18  1.121434E+08  9.144810E+08  2.512254E+01  9.901899E-01
    271  4.2462565420508158E-01  0.0000000000000000E+00  0.0000000000000000E+00  7.835061E+09  1.326106E+09  8.266488E+26  2.298344E+18  1.164832E+08  9.154456E+08  2.350197E+01  9.903365E-01
    272  4.2878000311016973E-01  0.0000000000000000E+00  0.0000000000000000E+00  7.872747E+09  1.286699E+09  7.987978E+26  2.289684E+18  1.192719E+08  9.137245E+08  2.267601E+01  9.906045E-01
    273  4.3427881972988985E-01  0.0000000000000000E+00  0.0000000000000000E+00  7.910749E+09  1.230803E+09  7.588999E+26  2.278677E+18  1.228931E+08  9.108229E+08  2.171249E+01  9.908976E-01
    274  4.4198143443438043E-01  0.0000000000000000E+00  0.0000000000000000E+00  7.936702E+09  1.150746E+09  7.010605E+26  2.266090E+18  1.273796E+08  9.056431E+08  2.069593E+01  9.912101E-01
    275  4.4298143441202870E-01  0.0000000000000000E+00  0.0000000000000000E+00  7.945916E+09  1.139285E+09  6.932639E+26  2.262685E+18  1.283427E+08  9.051667E+08  2.046001E+01  9.912333E-01
    276  4.4498143436732523E-01  0.0000000000000000E+00  0.0000000000000000E+00  7.960016E+09  1.120282E+09  6.802549E+26  2.257365E+18  1.298943E+08  9.042959E+08  2.009602E+01  9.912764E-01
    277  4.4538143435838456E-01  0.0000000000000000E+00  0.0000000000000000E+00  7.963614E+09  1.120614E+09  6.806522E+26  2.256862E+18  1.300161E+08  9.044316E+08  2.005946E+01  9.912831E-01
    278  4.4618143434050317E-01  0.0000000000000000E+00  0.0000000000000000E+00  7.988196E+09  1.131492E+09  6.898766E+26  2.253480E+18  1.305502E+08  9.061683E+08  1.984657E+01  9.912470E-01
    279  4.4778143430474038E-01  0.0000000000000000E+00  0.0000000000000000E+00  8.071445E+09  1.176718E+09  7.277390E+26  2.242465E+18  1.320144E+08  9.126774E+08  1.919808E+01  9.910837E-01
    280  4.5098143423321480E-01  0.0000000000000000E+00  0.0000000000000000E+00  8.102116E+09  1.157906E+09  7.156160E+26  2.233619E+18  1.343073E+08  9.124952E+08  1.867176E+01  9.911238E-01
    281  4.5601091123720577E-01  0.0000000000000000E+00  0.0000000000000000E+00  8.174055E+09  1.161675E+09  7.224675E+26  2.219129E+18  1.373662E+08  9.155168E+08  1.788422E+01  9.910586E-01
    282  4.6467032810697456E-01  0.0000000000000000E+00  0.0000000000000000E+00  8.097451E+09  1.013438E+09  6.107096E+26  2.212924E+18  1.419686E+08  9.015400E+08  1.748615E+01  9.914680E-01
    283  4.7467032788345714E-01  0.0000000000000000E+00  0.0000000000000000E+00  8.131267E+09  9.707967E+08  5.821076E+26  2.198772E+18  1.461387E+08  8.995443E+08  1.677769E+01  9.914507E-01
    284  4.8467032765993973E-01  0.0000000000000000E+00  0.0000000000000000E+00  8.124951E+09  9.035169E+08  5.347991E+26  2.187298E+18  1.504218E+08  8.940187E+08  1.622782E+01  9.916640E-01
    285  4.8567032763758800E-01  0.0000000000000000E+00  0.0000000000000000E+00  8.093825E+09  8.804421E+08  5.172792E+26  2.191072E+18  1.503543E+08  8.907151E+08  1.637011E+01  9.916552E-01
    286  4.8709203903422588E-01  0.0000000000000000E+00  0.0000000000000000E+00  8.035742E+09  8.426438E+08  4.886816E+26  2.198149E+18  1.500744E+08  8.849657E+08  1.664464E+01  9.918378E-01
    287  4.8993546182750164E-01  0.0000000000000000E+00  0.0000000000000000E+00  7.924848E+09  7.618608E+08  4.300022E+26  2.207745E+18  1.507099E+08  8.731443E+08  1.702367E+01  9.921362E-01
    288  4.9479014436398666E-01  0.0000000000000000E+00  0.0000000000000000E+00  7.767890E+09  6.579248E+08  3.571671E+26  2.221603E+18  1.517083E+08  8.564744E+08  1.760382E+01  9.925239E-01
    289  5.0228322626120692E-01  0.0000000000000000E+00  0.0000000000000000E+00  7.712865E+09  6.193545E+08  3.311560E+26  2.225937E+18  1.525169E+08  8.500708E+08  1.777142E+01  9.926915E-01
    290  5.1228322603768950E-01  0.0000000000000000E+00  0.0000000000000000E+00  7.592644E+09  5.419220E+08  2.805312E+26  2.233209E+18  1.546644E+08  8.366244E+08  1.807006E+01  9.929343E-01
    291  5.2228322581417208E-01  0.0000000000000000E+00  0.0000000000000000E+00  7.449275E+09  4.725480E+08  2.360651E+26  2.248194E+18  1.553795E+08  8.219943E+08  1.878419E+01  9.932582E-01
    292  5.2328322579182029E-01  0.0000000000000000E+00  0.0000000000000000E+00  7.433548E+09  4.655262E+08  2.316613E+26  2.249790E+18  1.554635E+08  8.204240E+08  1.886389E+01  9.932923E-01
    293  5.2528322574711683E-01  0.0000000000000000E+00  0.0000000000000000E+00  7.400466E+09  4.512628E+08  2.227560E+26  2.253308E+18  1.555971E+08  8.171438E+08  1.904337E+01  9.933588E-01
    294  5.2928322565770991E-01  0.0000000000000000E+00  0.0000000000000000E+00  7.329931E+09  4.243928E+08  2.060341E+26  2.261876E+18  1.555079E+08  8.104114E+08  1.950024E+01  9.935036E-01
    295  5.3728322547889595E-01  0.0000000000000000E+00  0.0000000000000000E+00  7.203520E+09  3.754793E+08  1.767007E+26  2.275497E+18  1.561162E+08  7.980070E+08  2.026804E+01  9.937408E-01
    296  5.3828322545654417E-01  0.0000000000000000E+00  0.0000000000000000E+00  7.187211E+09  3.696058E+08  1.732552E+26  2.276959E+18  1.562431E+08  7.964592E+08  2.035397E+01  9.937492E-01
    297  5.3990223226844136E-01  0.0000000000000000E+00  0.0000000000000000E+00  7.159406E+09  3.601708E+08  1.677067E+26  2.280150E+18  1.563000E+08  7.938203E+08  2.054591E+01  9.937979E-01
    298  5.4314024589223586E-01  0.0000000000000000E+00  0.0000000000000000E+00  7.104315E+09  3.423419E+08  1.573203E+26  2.286515E+18  1.563846E+08  7.886513E+08  2.094051E+01  9.938854E-01
    299  5.4961627313982486E-01  0.0000000000000000E+00  0.0000000000000000E+00  7.005534E+09  3.117987E+08  1.399249E+26  2.297521E+18  1.567025E+08  7.794289E+08  2.165873E+01  9.940375E-01
    300  5.5961627291630744E-01  0.0000000000000000E+00  0.0000000000000000E+00  6.852096E+09  2.702755E+08  1.169261E+26  2.316172E+18  1.568214E+08  7.653808E+08  2.300153E+01  9.942659E-01
    301  5.6061627289395566E-01  0.0000000000000000E+00  0.0000000000000000E+00  6.837097E+09  2.664276E+08  1.148564E+26  2.317596E+18  1.569152E+08  7.640488E+08  2.311171E+01  9.942728E-01
    302  5.6129978123193758E-01  0.0000000000000000E+00  0.0000000000000000E+00  6.828570E+09  2.638284E+08  1.134890E+26  2.318325E+18  1.570561E+08  7.632297E+08  2.316691E+01  9.942831E-01
    303  5.6266679790790142E-01  0.0000000000000000E+00  0.0000000000000000E+00  6.806545E+09  2.587484E+08  1.107358E+26  2.321077E+18  1.570114E+08  7.612925E+08  2.338345E+01  9.943163E-01
    304  5.6540083125982898E-01  0.0000000000000000E+00  0.0000000000000000E+00  6.763101E+09  2.485345E+08  1.052837E+26  2.326138E+18  1.570695E+08  7.574462E+08  2.379161E+01  9.943564E-01
    305  5.6964737609515259E-01  0.0000000000000000E+00  0.0000000000000000E+00  6.691909E+09  2.334808E+08  9.728998E+25  2.335139E+18  1.569056E+08  7.512718E+08  2.455588E+01  9.944993E-01
    306  5.7648473712835713E-01  0.0000000000000000E+00  0.0000000000000000E+00  6.583569E+09  2.106476E+08  8.555906E+25  2.347729E+18  1.571477E+08  7.418044E+08  2.570833E+01  9.945600E-01
    307  5.7746541819919639E-01  0.0000000000000000E+00  0.0000000000000000E+00  6.560510E+09  2.077507E+08  8.398135E+25  2.351042E+18  1.567163E+08  7.400414E+08  2.603442E+01  9.946638E-01
    308  5.7863556253631476E-01  0.0000000000000000E+00  0.0000000000000000E+00  6.549143E+09  2.039001E+08  8.215969E+25  2.351358E+18  1.572846E+08  7.388769E+08  2.606068E+01  9.946514E-01
    309  5.8097585121055151E-01  0.0000000000000000E+00  0.0000000000000000E+00  6.506763E+09  1.969666E+08  7.861413E+25  2.356799E+18  1.570209E+08  7.353910E+08  2.661175E+01  9.947052E-01
    310  5.8502932217215631E-01  0.0000000000000000E+00  0.0000000000000000E+00  6.447721E+09  1.854253E+08  7.297476E+25  2.362932E+18  1.574804E+08  7.302978E+08  2.725361E+01  9.948030E-01
    311  5.8654596999999997E-01  0.0000000000000000E+00  0.0000000000000000E+00  6.425199E+09  1.812498E+08  7.095698E+25  2.365065E+18  1.576842E+08  7.284008E+08  2.748341E+01  9.948428E-01
