                           time                    temp                     den                    ener                    sdot                   sneut                   s-snu                      ye                   1-sum
      1  1.0175522000000001E-04  1.0026310000000000E+09  2.0517198000000000E+09  1.638951E+18  3.299081E+16  0.000000E+00  3.299081E+16  5.000000E-01  0.000000E+00  4.718750E+02  1.430322E-14
      2  1.0175522001017553E-04  1.0026310000000269E+09  2.0517198000000026E+09  1.638951E+18  3.301011E+16  0.000000E+00  3.301011E+16  5.000000E-01  1.110223E-16 -1.290950E+12 -3.910773E-05
      3  1.0175522003052657E-04  1.0026310000000808E+09  2.0517198000000076E+09  1.638951E+18  3.304858E+16  0.000000E+00  3.304858E+16  5.000000E-01  3.330669E-16 -3.864842E+12 -1.169443E-04
      4  1.0175522007122866E-04  1.0026310000001886E+09  2.0517198000000179E+09  1.638951E+18  3.312504E+16  0.000000E+00  3.312504E+16  5.000000E-01  4.440892E-16 -8.980746E+12 -2.711165E-04
      5  1.0175522015263284E-04  1.0026310000004040E+09  2.0517198000000381E+09  1.638951E+18  3.327609E+16  0.000000E+00  3.327609E+16  5.000000E-01  3.330669E-16 -1.908626E+13 -5.735728E-04
      6  1.0175522031544119E-04  1.0026310000008349E+09  2.0517198000000789E+09  1.638951E+18  3.357076E+16  0.000000E+00  3.357076E+16  5.000000E-01  2.220446E-16 -3.880176E+13 -1.155820E-03
      7  1.0175522064105789E-04  1.0026310000016968E+09  2.0517198000001605E+09  1.638951E+18  3.413162E+16  0.000000E+00  3.413162E+16  5.000000E-01  4.440892E-16 -7.632561E+13 -2.236214E-03
      8  1.0175522129229130E-04  1.0026310000034206E+09  2.0517198000003233E+09  1.638951E+18  3.514773E+16  0.000000E+00  3.514773E+16  5.000000E-01  0.000000E+00 -1.443085E+14 -4.105769E-03
      9  1.0175522259475811E-04  1.0026310000068681E+09  2.0517198000006490E+09  1.638951E+18  3.681728E+16  0.000000E+00  3.681728E+16  5.000000E-01  0.000000E+00 -2.560091E+14 -6.953504E-03
     10  1.0175522519969174E-04  1.0026310000137632E+09  2.0517198000013008E+09  1.638951E+18  3.908156E+16  0.000000E+00  3.908156E+16  5.000000E-01  0.000000E+00 -4.074973E+14 -1.042684E-02
     11  1.0175523040955900E-04  1.0026310000275533E+09  2.0517198000026040E+09  1.638951E+18  4.120247E+16  0.000000E+00  4.120247E+16  5.000000E-01  2.220446E-16 -5.493860E+14 -1.333381E-02
     12  1.0175524082929354E-04  1.0026310000551337E+09  2.0517198000052106E+09  1.638951E+18  4.219312E+16  0.000000E+00  4.219312E+16  5.000000E-01  0.000000E+00 -6.156373E+14 -1.459094E-02
     13  1.0175526166876259E-04  1.0026310001102942E+09  2.0517198000104237E+09  1.638951E+18  4.231795E+16  0.000000E+00  4.231795E+16  5.000000E-01  0.000000E+00 -6.239296E+14 -1.474385E-02
     14  1.0175530334770070E-04  1.0026310002206154E+09  2.0517198000208497E+09  1.638951E+18  4.232078E+16  0.000000E+00  4.232078E+16  5.000000E-01  2.220446E-16 -6.239996E+14 -1.474452E-02
     15  1.0175538670557692E-04  1.0026310004412578E+09  2.0517198000417023E+09  1.638951E+18  4.232680E+16  0.000000E+00  4.232680E+16  5.000000E-01  2.220446E-16 -6.241636E+14 -1.474630E-02
     16  1.0175555342132937E-04  1.0026310008825426E+09  2.0517198000834069E+09  1.638951E+18  4.233883E+16  0.000000E+00  4.233883E+16  5.000000E-01  1.110223E-16 -6.244916E+14 -1.474986E-02
     17  1.0175588685283427E-04  1.0026310017651120E+09  2.0517198001668165E+09  1.638951E+18  4.236288E+16  0.000000E+00  4.236288E+16  5.000000E-01  1.110223E-16 -6.251475E+14 -1.475696E-02
     18  1.0175655371584406E-04  1.0026310035302510E+09  2.0517198003336353E+09  1.638951E+18  4.241098E+16  0.000000E+00  4.241098E+16  5.000000E-01  1.110223E-16 -6.264586E+14 -1.477114E-02
     19  1.0175788744186364E-04  1.0026310070605290E+09  2.0517198006672730E+09  1.638951E+18  4.250708E+16  0.000000E+00  4.250708E+16  5.000000E-01  1.110223E-16 -6.290783E+14 -1.479938E-02
     20  1.0176055489390281E-04  1.0026310141210849E+09  2.0517198013345487E+09  1.638951E+18  4.269894E+16  0.000000E+00  4.269894E+16  5.000000E-01  0.000000E+00 -6.343070E+14 -1.485533E-02
     21  1.0176588979798114E-04  1.0026310282421968E+09  2.0517198026690998E+09  1.638951E+18  4.308098E+16  0.000000E+00  4.308098E+16  5.000000E-01  1.110223E-16 -6.447133E+14 -1.496515E-02
     22  1.0177655960613782E-04  1.0026310564844207E+09  2.0517198053382025E+09  1.638951E+18  4.383364E+16  0.000000E+00  4.383364E+16  5.000000E-01  3.330669E-16 -6.652065E+14 -1.517571E-02
     23  1.0179789922245117E-04  1.0026311129688683E+09  2.0517198106764073E+09  1.638951E+18  4.525557E+16  0.000000E+00  4.525557E+16  5.000000E-01  0.000000E+00 -7.039643E+14 -1.555531E-02
     24  1.0184057845507785E-04  1.0026312259377633E+09  2.0517198213528171E+09  1.638951E+18  4.776373E+16  0.000000E+00  4.776373E+16  5.000000E-01 -2.220446E-16 -7.725159E+14 -1.617370E-02
     25  1.0192593692033123E-04  1.0026314518755537E+09  2.0517198427056370E+09  1.638951E+18  5.187397E+16  0.000000E+00  5.187397E+16  5.000000E-01  0.000000E+00 -8.849540E+14 -1.705969E-02
     26  1.0209665385083798E-04  1.0026319037511343E+09  2.0517198854112763E+09  1.638951E+18  5.741686E+16  0.000000E+00  5.741686E+16  5.000000E-01 -2.220446E-16 -1.036688E+15 -1.805546E-02
     27  1.0243808771185149E-04  1.0026328075022956E+09  2.0517199708225551E+09  1.638951E+18  6.255101E+16  0.000000E+00  6.255101E+16  5.000000E-01  3.330669E-16 -1.177247E+15 -1.882059E-02
     28  1.0312095543387850E-04  1.0026346150046182E+09  2.0517201416451128E+09  1.638951E+18  6.490424E+16  0.000000E+00  6.490424E+16  5.000000E-01  1.110223E-16 -1.241529E+15 -1.912863E-02
     29  1.0448669087793252E-04  1.0026382300092632E+09  2.0517204832902279E+09  1.638951E+18  6.519875E+16  0.000000E+00  6.519875E+16  5.000000E-01  1.110223E-16 -1.249293E+15 -1.916130E-02
     30  1.0721816176604055E-04  1.0026454600185533E+09  2.0517211665804586E+09  1.638951E+18  6.523365E+16  0.000000E+00  6.523365E+16  5.000000E-01  2.220446E-16 -1.249475E+15 -1.915385E-02
     31  1.1268110354225661E-04  1.0026599200371336E+09  2.0517225331609197E+09  1.638951E+18  6.528266E+16  0.000000E+00  6.528266E+16  5.000000E-01  3.330669E-16 -1.249873E+15 -1.914556E-02
     32  1.2360698709468874E-04  1.0026888400742940E+09  2.0517252663218420E+09  1.638952E+18  6.545673E+16  0.000000E+00  6.545673E+16  5.000000E-01  3.330669E-16 -1.250678E+15 -1.910695E-02
     33  1.4545875419955299E-04  1.0027466801486149E+09  2.0517307326436863E+09  1.638954E+18  6.564676E+16  0.000000E+00  6.564676E+16  5.000000E-01 -4.440892E-16 -1.252272E+15 -1.907592E-02
     34  1.8916228840928150E-04  1.0028623602972567E+09  2.0517416652873750E+09  1.638956E+18  6.619590E+16  0.000000E+00  6.619590E+16  5.000000E-01 -4.440892E-16 -1.255492E+15 -1.896632E-02
     35  2.7656935682873854E-04  1.0030936376634958E+09  2.0517618762599940E+09  1.638962E+18  6.704037E+16  0.000000E+00  6.704037E+16  5.000000E-01 -2.220446E-16 -1.261925E+15 -1.882335E-02
     36  4.5138349366765263E-04  1.0035558795489148E+09  2.0517969908678210E+09  1.638974E+18  6.878282E+16  0.000000E+00  6.878282E+16  5.000000E-01 -6.661338E-16 -1.274892E+15 -1.853503E-02
     37  8.0101176734548069E-04  1.0044800201126952E+09  2.0518484209894333E+09  1.638999E+18  7.178004E+16  0.000000E+00  7.178004E+16  5.000000E-01 -4.440892E-16 -1.301137E+15 -1.812673E-02
     38  1.5002683147011370E-03  1.0063357194567921E+09  2.0519030173923433E+09  1.639051E+18  7.705976E+16  0.000000E+00  7.705976E+16  5.000000E-01  2.220446E-16 -1.355264E+15 -1.758719E-02
     39  2.8987814094124497E-03  1.0100788550643476E+09  2.0518335729847806E+09  1.639166E+18  8.708504E+16  0.000000E+00  8.708504E+16  5.000000E-01  0.000000E+00 -1.470492E+15 -1.688570E-02
     40  5.6958075988350742E-03  1.0177731717499071E+09  2.0515730470154409E+09  1.639441E+18  1.118315E+17  0.000000E+00  1.118315E+17  5.000000E-01 -1.443290E-14 -1.736172E+15 -1.552489E-02
     41  1.1289859977680325E-02  1.0326458454610995E+09  2.0482130505784326E+09  1.640245E+18  1.797097E+17  0.000000E+00  1.797097E+17  5.000000E-01 -5.115242E-12 -2.360189E+15 -1.313334E-02
     42  1.9673159327464201E-02  1.0555647458989002E+09  2.0430773189453661E+09  1.642320E+18  3.191539E+17  0.000000E+00  3.191539E+17  4.999999E-01 -1.280487E-11 -3.726098E+15 -1.167492E-02
     43  2.9673159103946783E-02  1.0856482189855623E+09  2.0417042882712185E+09  1.646562E+18  5.471218E+17  0.000000E+00  5.471218E+17  4.999997E-01 -1.280465E-11 -6.582687E+15 -1.203148E-02
     44  3.9673158880429368E-02  1.1179097394025419E+09  2.0409673845864077E+09  1.653743E+18  9.163381E+17  0.000000E+00  9.163381E+17  4.999992E-01 -1.280442E-11 -1.151659E+16 -1.256806E-02
     45  4.9673158656911950E-02  1.1522432863173585E+09  2.0396613051227481E+09  1.665454E+18  1.454110E+18  0.000000E+00  1.454110E+18  4.999977E-01 -1.280465E-11 -1.913253E+16 -1.315755E-02
     46  5.9673158433394533E-02  1.1889285774798036E+09  2.0384071418732715E+09  1.683227E+18  2.103580E+18  0.000000E+00  2.103580E+18  4.999943E-01 -2.599586E-07 -2.846992E+16 -1.353404E-02
     47  6.9673158209877115E-02  1.2280355177374701E+09  2.0371836250039067E+09  1.707303E+18  2.648893E+18  0.000000E+00  2.648893E+18  4.999879E-01 -3.305647E-07 -3.640109E+16 -1.374200E-02
     48  7.9673157986359697E-02  1.2697096280694101E+09  2.0366969991561060E+09  1.735762E+18  3.084811E+18  0.000000E+00  3.084811E+18  4.999785E-01 -3.340875E-07 -5.437796E+16 -1.762764E-02
     49  8.9673157762842279E-02  1.3136701292737994E+09  2.0363166795231330E+09  1.765252E+18  3.884808E+18  0.000000E+00  3.884808E+18  4.999675E-01 -3.422862E-07 -1.143719E+17 -2.944080E-02
     50  9.0532828331488235E-02  1.3175265038278441E+09  2.0362990224157307E+09  1.767693E+18  2.799427E+18  0.000000E+00  2.799427E+18  4.999666E-01 -3.422862E-07 -4.026826E+16 -1.438447E-02
     51  9.1630066783109962E-02  1.3224631071154320E+09  2.0362844475851357E+09  1.770765E+18  2.775435E+18  0.000000E+00  2.775435E+18  4.999653E-01 -3.422862E-07 -4.118173E+16 -1.483794E-02
     52  9.3824543686353401E-02  1.3323817291050243E+09  2.0362866131677480E+09  1.776737E+18  2.666676E+18  0.000000E+00  2.666676E+18  4.999629E-01 -3.422862E-07 -3.967035E+16 -1.487633E-02
     53  9.8213497492840293E-02  1.3523175097012932E+09  2.0362230005816014E+09  1.787854E+18  2.394325E+18  0.000000E+00  2.394325E+18  4.999581E-01 -3.422862E-07 -3.608976E+16 -1.507304E-02
     54  1.0699140510581408E-01  1.3918971413500023E+09  2.0346333274008777E+09  1.805936E+18  1.816536E+18  0.000000E+00  1.816536E+18  4.999494E-01 -3.422862E-07 -3.327705E+16 -1.831895E-02
     55  1.1699140488229666E-01  1.4380812648435047E+09  2.0353544784167869E+09  1.819738E+18  5.230625E+17  0.000000E+00  5.230625E+17  4.999413E-01 -5.452371E-07  3.543319E+16  6.774179E-02
     56  1.2699140465877923E-01  1.4832491957019794E+09  2.0363368379952486E+09  1.827901E+18  6.445329E+17  0.000000E+00  6.445329E+17  4.999352E-01 -1.502320E-06 -1.340792E+16 -2.080255E-02
     57  1.3699140443526181E-01  1.5273757494677417E+09  2.0388040916177917E+09  1.832441E+18  3.415961E+17  0.000000E+00  3.415961E+17  4.999304E-01 -1.547575E-06 -6.233236E+15 -1.824739E-02
     58  1.4699140421174439E-01  1.5706650893845162E+09  2.0385767927809088E+09  1.834940E+18  1.820507E+17  0.000000E+00  1.820507E+17  4.999264E-01 -1.588687E-06 -2.759377E+15 -1.515719E-02
     59  1.5699140398822697E-01  1.6456374034583724E+09  2.0379467181641119E+09  1.836463E+18  1.033118E+17  0.000000E+00  1.033118E+17  4.999230E-01 -5.737908E-06  7.696206E+14  7.449496E-03
     60  1.6699140376470956E-01  1.7421657169014254E+09  2.0367505021989834E+09  1.837546E+18  7.563687E+16  0.000000E+00  7.563687E+16  4.999207E-01 -3.392250E-05  3.329030E+14  4.401333E-03
     61  1.7699140354119214E-01  1.8451571840282564E+09  2.0355925182102344E+09  1.838135E+18  4.088224E+16  0.000000E+00  4.088224E+16  4.999181E-01 -3.222143E-05 -6.885381E+14 -1.684198E-02
     62  1.8699140331767472E-01  1.9551850565054920E+09  2.0342531911224871E+09  1.838475E+18 -2.047018E+15  0.000000E+00 -2.047018E+15  4.999158E-01 -3.321510E-05  2.999642E+15 -1.465372E+00
     63  1.8799140329532299E-01  1.9668011178433118E+09  2.0341533688276677E+09  1.838504E+18  2.915641E+16  0.000000E+00  2.915641E+16  4.999156E-01 -3.353277E-05 -4.157142E+14 -1.425807E-02
     64  1.8963312003490818E-01  1.9861623034586973E+09  2.0339840775848305E+09  1.838552E+18  2.934609E+16  0.000000E+00  2.934609E+16  4.999152E-01 -3.353277E-05 -3.549984E+14 -1.209696E-02
     65  1.9291655351407852E-01  2.0258013307790544E+09  2.0335016091726193E+09  1.838654E+18  3.365168E+16  0.000000E+00  3.365168E+16  4.999145E-01 -3.353277E-05 -3.191734E+14 -9.484620E-03
     66  1.9780481049280083E-01  2.0876199081654904E+09  2.0325258826927693E+09  1.838867E+18  5.806169E+16  0.000000E+00  5.806169E+16  4.999136E-01 -3.353277E-05 -2.770401E+14 -4.771479E-03
     67  2.0474941767893826E-01  2.1837058342683678E+09  2.0307176795668020E+09  1.839692E+18  2.527312E+17  0.000000E+00  2.527312E+17  4.999123E-01 -3.357171E-05 -6.034020E+15 -2.387525E-02
     68  2.0574941765658653E-01  2.1981902914674683E+09  2.0304617331488037E+09  1.839929E+18  2.661487E+17  0.000000E+00  2.661487E+17  4.999121E-01 -3.357453E-05 -2.097799E+15 -7.882055E-03
     69  2.0736558875651756E-01  2.2218058325612683E+09  2.0300643937935503E+09  1.840426E+18  3.587881E+17  0.000000E+00  3.587881E+17  4.999118E-01 -3.357453E-05 -2.208463E+15 -6.155340E-03
     70  2.1059793095637963E-01  2.2693918051550622E+09  2.0292286029799209E+09  1.842026E+18  6.635514E+17  0.000000E+00  6.635514E+17  4.999111E-01 -3.357453E-05 -4.149362E+15 -6.253264E-03
     71  2.1124439939635203E-01  2.2789255973399320E+09  2.0290571043320279E+09  1.842480E+18  7.437008E+17  0.000000E+00  7.437008E+17  4.999109E-01 -3.357453E-05 -4.538472E+15 -6.102550E-03
     72  2.1217681676788275E-01  2.2926964881613908E+09  2.0288026247139511E+09  1.843235E+18  8.807061E+17  0.000000E+00  8.807061E+17  4.999107E-01 -3.357453E-05 -5.419555E+15 -6.153648E-03
     73  2.1404165151094415E-01  2.3203117788211722E+09  2.0282445878236458E+09  1.845182E+18  1.226818E+18  0.000000E+00  1.226818E+18  4.999102E-01 -3.357453E-05 -7.804008E+15 -6.361180E-03
     74  2.1777132099706695E-01  2.3756767151442013E+09  2.0269990525621805E+09  1.851535E+18  2.300327E+18  0.000000E+00  2.300327E+18  4.999089E-01 -3.357453E-05 -1.693950E+16 -7.363952E-03
     75  2.1840491138657772E-01  2.3851204434584413E+09  2.0267838835140316E+09  1.853050E+18  2.514383E+18  0.000000E+00  2.514383E+18  4.999086E-01 -3.357453E-05 -1.761122E+16 -7.004193E-03
     76  2.1942549990767171E-01  2.4003608424188223E+09  2.0264290078785009E+09  1.855829E+18  2.941873E+18  0.000000E+00  2.941873E+18  4.999081E-01 -3.357453E-05 -2.134178E+16 -7.254485E-03
     77  2.2146667694985972E-01  2.4336391261381116E+09  2.0255026620552976E+09  1.862914E+18  4.110244E+18  0.000000E+00  4.110244E+18  4.999069E-01 -3.357453E-05 -3.323208E+16 -8.085185E-03
     78  2.2187491235829732E-01  2.4406584476199961E+09  2.0252890413146167E+09  1.864639E+18  4.368736E+18  0.000000E+00  4.368736E+18  4.999066E-01 -3.357453E-05 -3.528640E+16 -8.077027E-03
     79  2.2242520468737736E-01  2.4501154922673516E+09  2.0250010132759078E+09  1.867152E+18  4.769487E+18  0.000000E+00  4.769487E+18  4.999062E-01 -3.357453E-05 -3.965998E+16 -8.315354E-03
     80  2.2352578934553749E-01  2.4690135127597451E+09  2.0244300150781014E+09  1.872874E+18  5.649005E+18  0.000000E+00  5.649005E+18  4.999053E-01 -3.357453E-05 -5.018410E+16 -8.883706E-03
     81  2.2572695866185771E-01  2.5061462868623004E+09  2.0232495334670358E+09  1.887438E+18  7.659625E+18  0.000000E+00  7.659625E+18  4.999032E-01 -3.357453E-05 -7.968080E+16 -1.040270E-02
     82  2.3012929729449816E-01  2.5792723557998319E+09  2.0205688640376670E+09  1.930679E+18  1.212155E+19  0.000000E+00  1.212155E+19  4.998976E-01 -3.357453E-05 -1.813495E+17 -1.496092E-02
     83  2.3616687195218308E-01  2.6836275289769897E+09  2.0165497060892639E+09  2.021128E+18  1.659310E+19  0.000000E+00  1.659310E+19  4.998885E-01 -3.359156E-05 -2.307192E+17 -1.390453E-02
     84  2.4219954267631905E-01  2.7913313369128761E+09  2.0123456358823941E+09  2.121142E+18  2.014555E+19  0.000000E+00  2.014555E+19  4.998822E-01 -3.369349E-05 -9.842660E+17 -4.885774E-02
     85  2.4277735645441942E-01  2.8017131417926836E+09  2.0118922452529380E+09  2.129459E+18  1.403338E+19  0.000000E+00  1.403338E+19  4.998818E-01 -3.370219E-05 -2.755193E+17 -1.963315E-02
     86  2.4352493783377402E-01  2.8151284915479765E+09  2.0113040188407528E+09  2.139689E+18  1.325546E+19  0.000000E+00  1.325546E+19  4.998812E-01 -3.370219E-05 -2.672914E+17 -2.016463E-02
     87  2.4502010059248322E-01  2.8418725611396699E+09  2.0101469701296949E+09  2.158224E+18  1.143718E+19  0.000000E+00  1.143718E+19  4.998802E-01 -3.370219E-05 -2.370501E+17 -2.072628E-02
     88  2.4801042610990165E-01  2.8949586501440244E+09  2.0079630142811100E+09  2.187572E+18  7.926547E+18  0.000000E+00  7.926547E+18  4.998782E-01 -3.370219E-05 -1.841960E+17 -2.323786E-02
     89  2.5264650830708335E-01  2.9760938265632896E+09  2.0046295226790278E+09  2.216044E+18  5.980788E+18  0.000000E+00  5.980788E+18  4.998744E-01 -6.758522E-05 -1.520758E+17 -2.542739E-02
     90  2.5716291193891228E-01  3.0541809424255133E+09  2.0012396257507162E+09  2.230723E+18  3.018552E+18  0.000000E+00  3.018552E+18  4.998713E-01 -6.566723E-05 -7.203922E+16 -2.386549E-02
     91  2.5758718934675101E-01  3.0614909972976284E+09  2.0009206840877857E+09  2.231675E+18  2.203430E+18  0.000000E+00  2.203430E+18  4.998710E-01 -6.566723E-05 -5.272348E+16 -2.392791E-02
     92  2.5810436575995438E-01  3.0703888873177247E+09  2.0005283746343024E+09  2.232759E+18  2.022590E+18  0.000000E+00  2.022590E+18  4.998706E-01 -6.566723E-05 -4.775759E+16 -2.361210E-02
     93  2.5913871858636112E-01  3.0881774602969284E+09  1.9997311707933910E+09  2.234702E+18  1.754418E+18  0.000000E+00  1.754418E+18  4.998698E-01 -6.566723E-05 -4.268000E+16 -2.432715E-02
     94  2.6120742423917465E-01  3.1237256498678842E+09  1.9980463799243081E+09  2.237832E+18  1.141432E+18  0.000000E+00  1.141432E+18  4.998680E-01 -6.566723E-05 -8.416663E+15 -7.373776E-03
     95  2.6454351712649188E-01  3.1811544829881606E+09  1.9951305171830173E+09  2.241324E+18 -2.722220E+18  0.000000E+00 -2.722220E+18  4.998649E-01 -6.614664E-05  6.437598E+17 -2.364834E-01
     96  2.6765485760010155E-01  3.2351632484634275E+09  1.9924925805235960E+09  2.243438E+18  2.195436E+19  0.000000E+00  2.195436E+19  4.998617E-01 -8.927383E-05 -3.418727E+18 -1.557197E-01
     97  2.6795084249386819E-01  3.2403493611437616E+09  1.9922481635632608E+09  2.243598E+18  9.638839E+17  0.000000E+00  9.638839E+17  4.998614E-01 -8.922672E-05 -7.897385E+16 -8.193295E-02
     98  2.6826751721532455E-01  3.2459131506728377E+09  1.9919865018771446E+09  2.243763E+18  5.203562E+17  0.000000E+00  5.203562E+17  4.998611E-01 -8.922672E-05 -1.346386E+16 -2.587432E-02
     99  2.6890086665823726E-01  3.2570895055855441E+09  1.9914626650380673E+09  2.244073E+18  4.743749E+17  0.000000E+00  4.743749E+17  4.998604E-01 -8.922672E-05 -1.160974E+16 -2.447377E-02
    100  2.7016756554406263E-01  3.2795923734238796E+09  1.9903967024091442E+09  2.244623E+18  4.318218E+17  0.000000E+00  4.318218E+17  4.998589E-01 -8.922672E-05 -1.454788E+16 -3.368956E-02
    101  2.7270096331571342E-01  3.3251007321080585E+09  1.9881536060385942E+09  2.245490E+18  4.864072E+17  0.000000E+00  4.864072E+17  4.998559E-01 -8.922672E-05 -4.328250E+16 -8.898409E-02
    102  2.7320359220400181E-01  3.3342108021850142E+09  1.9876952585646241E+09  2.245631E+18  2.853984E+17  0.000000E+00  2.853984E+17  4.998553E-01 -8.922672E-05 -8.572231E+15 -3.003601E-02
    103  2.7398425693368211E-01  3.3484126576900072E+09  1.9869854489534078E+09  2.245832E+18  2.547759E+17  0.000000E+00  2.547759E+17  4.998543E-01 -8.922672E-05 -7.280402E+15 -2.857571E-02
    104  2.7554558639304266E-01  3.3811916234869308E+09  1.9853807960675349E+09  2.246175E+18  3.982589E+17  0.000000E+00  3.982589E+17  4.998522E-01 -8.922672E-05 -4.144746E+16 -1.040716E-01
    105  2.7585785228491477E-01  3.3902546049602299E+09  1.9849412126257603E+09  2.246237E+18  2.052045E+17  0.000000E+00  2.052045E+17  4.998518E-01 -8.922672E-05 -6.338761E+15 -3.088998E-02
    106  2.7630995635705369E-01  3.4032822976693420E+09  1.9843083277120011E+09  2.246323E+18  1.963040E+17  0.000000E+00  1.963040E+17  4.998512E-01 -8.922672E-05 -6.052581E+15 -3.083268E-02
    107  2.7721416450133146E-01  3.4290402773327341E+09  1.9830476225603318E+09  2.246483E+18  2.429429E+17  0.000000E+00  2.429429E+17  4.998499E-01 -8.922672E-05 -1.613555E+16 -6.641703E-02
    108  2.7902258078988701E-01  3.4792369222819629E+09  1.9804699943476210E+09  2.246748E+18  5.581152E+17  0.000000E+00  5.581152E+17  4.998472E-01 -8.922672E-05 -5.138920E+16 -9.207633E-02
    109  2.7935569814505778E-01  3.4882913766110249E+09  1.9799798885623417E+09  2.246789E+18  1.606068E+17  0.000000E+00  1.606068E+17  4.998467E-01 -8.922672E-05 -8.942294E+15 -5.567818E-02
    110  2.7993068435920349E-01  3.5037371237901411E+09  1.9791200458413630E+09  2.246855E+18  1.395502E+17  0.000000E+00  1.395502E+17  4.998458E-01 -8.922672E-05 -8.509442E+15 -6.097765E-02
    111  2.8108065678749489E-01  3.5340788918963742E+09  1.9773694522464561E+09  2.246969E+18  3.717039E+17  0.000000E+00  3.717039E+17  4.998439E-01 -8.922672E-05 -5.803494E+16 -1.561322E-01
    112  2.8338060164407769E-01  3.5919352474939141E+09  1.9739126229623387E+09  2.247142E+18  2.046263E+18  0.000000E+00  2.046263E+18  4.998399E-01 -8.922672E-05 -4.260615E+16 -2.082144E-02
    113  2.8711536815344940E-01  3.6781046501821899E+09  1.9688066829207873E+09  2.247325E+18 -5.806514E+18  0.000000E+00 -5.806514E+18  4.998327E-01 -8.922672E-05 -6.136697E+17  1.056864E-01
    114  2.8758872789252216E-01  3.6885334820131898E+09  1.9681863956710901E+09  2.247342E+18 -1.987902E+17  0.000000E+00 -1.987902E+17  4.998317E-01 -8.922672E-05  1.408845E+15 -7.087092E-03
    115  2.8822862880092742E-01  3.7023942352196188E+09  1.9673376504337225E+09  2.247364E+18  9.700637E+16  0.000000E+00  9.700637E+16  4.998304E-01 -8.922672E-05 -1.740827E+16 -1.794549E-01
    116  2.8950843061773790E-01  3.7292777259890113E+09  1.9655913205133438E+09  2.247404E+18  7.483019E+17  0.000000E+00  7.483019E+17  4.998275E-01 -8.922672E-05 -1.445330E+17 -1.931480E-01
    117  2.9206803425135891E-01  3.7800220176146607E+09  1.9620078711012080E+09  2.247473E+18  3.343978E+18  0.000000E+00  3.343978E+18  4.998216E-01 -8.922672E-05 -2.474590E+16 -7.400137E-03
    118  2.9606319051936325E-01  3.8507629823273201E+09  1.9563243285207384E+09  2.247583E+18 -7.145552E+17  0.000000E+00 -7.145552E+17  4.998114E-01 -8.922672E-05 -2.034698E+18  2.847503E+00
    119  3.0008113546760845E-01  3.9108815387550511E+09  1.9503946953903813E+09  2.247719E+18  2.738921E+19  0.000000E+00  2.738921E+19  4.997999E-01 -8.922672E-05  4.882813E+18  1.782751E-01
    120  3.0058784693536489E-01  3.9178235404987841E+09  1.9496778291964130E+09  2.247741E+18  2.295981E+18  0.000000E+00  2.295981E+18  4.997984E-01 -8.922672E-05 -1.240527E+17 -5.403037E-02
    121  3.0127306903426826E-01  3.9270085559138117E+09  1.9487283509463587E+09  2.247770E+18 -7.622104E+16  0.000000E+00 -7.622104E+16  4.997963E-01 -8.922672E-05 -8.316986E+15  1.091167E-01
    122  3.0264351323207506E-01  3.9445234498529797E+09  1.9469098207269611E+09  2.247833E+18 -1.367895E+18  0.000000E+00 -1.367895E+18  4.997921E-01 -8.922672E-05  1.550800E+15 -1.133712E-03
    123  3.0291760207163643E-01  3.9479498320517321E+09  1.9465524497444901E+09  2.247846E+18  5.575444E+15  0.000000E+00  5.575444E+15  4.997912E-01 -8.922672E-05 -2.253251E+15 -4.041384E-01
    124  3.0340248024076877E-01  3.9538240793041382E+09  1.9459293940522192E+09  2.247870E+18  7.301846E+15  0.000000E+00  7.301846E+15  4.997897E-01 -8.922672E-05 -2.822465E+15 -3.865413E-01
    125  3.0437223657903340E-01  3.9652637557839117E+09  1.9446892508367894E+09  2.247920E+18 -3.591669E+17  0.000000E+00 -3.591669E+17  4.997865E-01 -8.922672E-05 -4.683340E+15  1.303945E-02
    126  3.0456618784668632E-01  3.9675104839373693E+09  1.9444417088434100E+09  2.247931E+18  3.748583E+16  0.000000E+00  3.748583E+16  4.997859E-01 -8.922672E-05 -8.724569E+14 -2.327431E-02
    127  3.0495409038199217E-01  3.9761156435959988E+09  1.9437541734082882E+09  2.247951E+18  7.359847E+17  0.000000E+00  7.359847E+17  4.997846E-01 -8.922672E-05 -1.048343E+17 -1.424409E-01
    128  3.0572989545260387E-01  3.9995883836471524E+09  1.9420838238241000E+09  2.247994E+18  2.918762E+18  0.000000E+00  2.918762E+18  4.997820E-01 -8.922672E-05 -8.502794E+17 -2.913151E-01
    129  3.0588505646672620E-01  4.0055996133003030E+09  1.9416865994702330E+09  2.248003E+18 -2.668538E+17  0.000000E+00 -2.668538E+17  4.997815E-01 -8.922672E-05 -1.432103E+16  5.366621E-02
    130  3.0612317364717762E-01  4.0148247209354310E+09  1.9410770008304942E+09  2.248017E+18 -1.274251E+17  0.000000E+00 -1.274251E+17  4.997806E-01 -8.922672E-05 -2.150039E+16  1.687297E-01
    131  3.0659940800808039E-01  4.0331302981588340E+09  1.9398582543477066E+09  2.248049E+18 -1.502569E+18  0.000000E+00 -1.502569E+18  4.997789E-01 -8.922672E-05 -1.601661E+17  1.065948E-01
    132  3.0755187672988593E-01  4.0690459728918638E+09  1.9374229529818270E+09  2.248125E+18  1.606955E+19  0.000000E+00  1.606955E+19  4.997753E-01 -8.922672E-05 -5.339703E+17 -3.322870E-02
    133  3.0909929299643651E-01  4.1255511983442664E+09  1.9334726264249680E+09  2.248297E+18  5.206358E+19  0.000000E+00  5.206358E+19  4.997689E-01 -8.922672E-05  5.096668E+18  9.789315E-02
    134  3.0930702292488688E-01  4.1328932806466088E+09  1.9329433437365410E+09  2.248325E+18 -3.272584E+17  0.000000E+00 -3.272584E+17  4.997680E-01 -8.922672E-05  1.198902E+17 -3.663473E-01
    135  3.0959718465776032E-01  4.1431488626883464E+09  1.9322040300362976E+09  2.248368E+18 -8.083484E+17  0.000000E+00 -8.083484E+17  4.997667E-01 -8.922672E-05 -3.433362E+15  4.247379E-03
    136  3.1017750812350725E-01  4.1633362105074868E+09  1.9307281413183732E+09  2.248463E+18 -6.945913E+18  0.000000E+00 -6.945913E+18  4.997640E-01 -8.922672E-05 -3.652532E+16  5.258535E-03
    137  3.1133815505500112E-01  4.2025416712521920E+09  1.9277888798609307E+09  2.248696E+18  2.638401E+19  0.000000E+00  2.638401E+19  4.997583E-01 -8.922672E-05  1.543942E+18  5.851808E-02
    138  3.1306586665670172E-01  4.2577331010310073E+09  1.9234639526603343E+09  2.249186E+18 -1.899714E+20  0.000000E+00 -1.899714E+20  4.997489E-01 -8.922672E-05  3.978513E+18 -2.094270E-02
    139  3.1322974459608238E-01  4.2628309679935269E+09  1.9230564317241797E+09  2.249245E+18 -3.316883E+18  0.000000E+00 -3.316883E+18  4.997479E-01 -8.922672E-05  1.994133E+15 -6.012071E-04
    140  3.1345338857274091E-01  4.2696180299488997E+09  1.9225044554106624E+09  2.249327E+18  3.107179E+16  0.000000E+00  3.107179E+16  4.997466E-01 -8.922672E-05 -4.780204E+16 -1.538439E+00
    141  3.1390067652605796E-01  4.2830175137424269E+09  1.9214047836784472E+09  2.249506E+18 -9.588935E+17  0.000000E+00 -9.588935E+17  4.997439E-01 -8.922672E-05 -3.995296E+17  4.166569E-01
    142  3.1479525243269202E-01  4.3090387172541685E+09  1.9192298319591098E+09  2.249924E+18  2.960738E+19  0.000000E+00  2.960738E+19  4.997382E-01 -8.922672E-05 -4.825854E+18 -1.629950E-01
    143  3.1632030783945753E-01  4.3505796073600769E+09  1.9156478856344361E+09  2.250851E+18  2.721398E+20  0.000000E+00  2.721398E+20  4.997273E-01 -8.922672E-05 -1.390563E+19 -5.109738E-02
    144  3.1654519563389782E-01  4.3564355277331181E+09  1.9151348473214915E+09  2.251015E+18  9.743585E+17  0.000000E+00  9.743585E+17  4.997256E-01 -8.922672E-05  3.655176E+17  3.751366E-01
    145  3.1687567803688510E-01  4.3648923771974430E+09  1.9143904217075341E+09  2.251266E+18  2.359690E+18  0.000000E+00  2.359690E+18  4.997230E-01 -8.922672E-05 -5.084385E+17 -2.154683E-01
    146  3.1753664284285965E-01  4.3811303263893967E+09  1.9129447774289966E+09  2.251815E+18 -5.732333E+18  0.000000E+00 -5.732333E+18  4.997176E-01 -8.922672E-05 -5.774337E+17  1.007327E-01
    147  3.1822989761602571E-01  4.3972440925164776E+09  1.9114861128096068E+09  2.252457E+18 -4.392293E+19  0.000000E+00 -4.392293E+19  4.997115E-01 -8.922672E-05  1.103639E+18 -2.512671E-02
    148  3.1961640716235784E-01  4.4269506304868326E+09  1.9087029953195381E+09  2.253948E+18  1.308885E+21  0.000000E+00  1.308885E+21  4.996980E-01 -8.922672E-05 -4.577382E+19 -3.497161E-02
    149  3.1981757439637343E-01  4.4309118448801956E+09  1.9083143529947736E+09  2.254188E+18  1.871023E+19  0.000000E+00  1.871023E+19  4.996959E-01 -8.922672E-05  5.242477E+17  2.801931E-02
    150  3.2009201213223121E-01  4.4363158397935905E+09  1.9077841567121193E+09  2.254522E+18 -2.675131E+18  0.000000E+00 -2.675131E+18  4.996929E-01 -8.922672E-05  1.118264E+17 -4.180223E-02
    151  3.2064088760394671E-01  4.4464864623833303E+09  1.9067408225314777E+09  2.255222E+18 -4.118804E+19  0.000000E+00 -4.118804E+19  4.996867E-01 -8.922672E-05  2.044578E+18 -4.964009E-02
    152  3.2173863854737778E-01  4.4652413309791975E+09  1.9046835284623408E+09  2.256732E+18 -7.781047E+19  0.000000E+00 -7.781047E+19  4.996731E-01 -8.922672E-05  7.373319E+18 -9.475998E-02
    153  3.2195622750277714E-01  4.4687923735930948E+09  1.9042780696309979E+09  2.257048E+18 -1.165877E+19  0.000000E+00 -1.165877E+19  4.996703E-01 -8.922672E-05  3.706231E+17 -3.178923E-02
    154  3.2228888352676172E-01  4.4737459736898336E+09  1.9036602199549460E+09  2.257542E+18 -8.556101E+18  0.000000E+00 -8.556101E+18  4.996657E-01 -8.922672E-05  4.168581E+15 -4.872057E-04
    155  3.2295419557473093E-01  4.4833465564228134E+09  1.9024252539150684E+09  2.258562E+18 -5.838183E+19  0.000000E+00 -5.838183E+19  4.996561E-01 -8.922672E-05  1.717018E+18 -2.941015E-02
    156  3.2428481967066930E-01  4.4995029485022840E+09  1.8999550608532517E+09  2.260722E+18 -3.229254E+20  0.000000E+00 -3.229254E+20  4.996347E-01 -8.922672E-05  2.593413E+19 -8.030997E-02
    157  3.2455094448985700E-01  4.5024413104551535E+09  1.8994614358930380E+09  2.261169E+18 -2.791333E+19  0.000000E+00 -2.791333E+19  4.996301E-01 -8.922672E-05  1.006458E+18 -3.605654E-02
    158  3.2497687692205246E-01  4.5065320912855167E+09  1.8986746000556576E+09  2.261894E+18 -1.291905E+19  0.000000E+00 -1.291905E+19  4.996224E-01 -8.922672E-05  9.596813E+16 -7.428423E-03
    159  3.2582874178644333E-01  4.5137834959496346E+09  1.8971072936664405E+09  2.263370E+18 -8.744536E+19  0.000000E+00 -8.744536E+19  4.996060E-01 -8.922672E-05  4.420232E+18 -5.054851E-02
    160  3.2599911475932153E-01  4.5150230725024414E+09  1.8967954826971018E+09  2.263668E+18 -1.556752E+18  0.000000E+00 -1.556752E+18  4.996026E-01 -8.922672E-05 -8.030526E+15  5.158514E-03
    161  3.2633986070507787E-01  4.5175022256080542E+09  1.8961718607584245E+09  2.264266E+18  1.858575E+16  0.000000E+00  1.858575E+16  4.995955E-01 -8.922672E-05 -8.260361E+16 -4.444461E+00
    162  3.2702135259659060E-01  4.5307647669797249E+09  1.8944873495583293E+09  2.265498E+18 -3.205550E+19  0.000000E+00 -3.205550E+19  4.995807E-01 -8.922672E-05  1.761574E+19 -5.495387E-01
    163  3.2838433637961600E-01  4.5758517247551661E+09  1.8901905264674335E+09  2.268437E+18  3.378114E+21  0.000000E+00  3.378114E+21  4.995474E-01 -8.922672E-05 -4.271866E+20 -1.264571E-01
    164  3.2859590197464711E-01  4.5834758680426130E+09  1.8894904461825466E+09  2.268985E+18  9.518307E+19  0.000000E+00  9.518307E+19  4.995416E-01 -8.922672E-05 -9.788726E+18 -1.028410E-01
    165  3.2891765992774569E-01  4.5950709893473711E+09  1.8884257343165329E+09  2.269871E+18 -3.065793E+17  0.000000E+00 -3.065793E+17  4.995325E-01 -8.922672E-05 -1.135183E+19  3.702738E+01
    166  3.2956117583394279E-01  4.6181688073890114E+09  1.8862984784053686E+09  2.271852E+18 -1.643959E+20  0.000000E+00 -1.643959E+20  4.995131E-01 -8.922672E-05 -8.491556E+19  5.165308E-01
    167  3.2968987901518221E-01  4.6227832332357149E+09  1.8858731477294805E+09  2.272283E+18 -7.242979E+18  0.000000E+00 -7.242979E+18  4.995089E-01 -8.922672E-05 -2.862343E+18  3.951887E-01
    168  3.2989045083085178E-01  4.6299743823699722E+09  1.8852103098330019E+09  2.272979E+18 -3.915590E+18  0.000000E+00 -3.915590E+18  4.995023E-01 -8.922672E-05 -3.568557E+18  9.113713E-01
    169  3.3029159446219092E-01  4.6442414573517799E+09  1.8838899694055169E+09  2.274464E+18 -4.370456E+19  0.000000E+00 -4.370456E+19  4.994884E-01 -8.922672E-05 -2.734630E+19  6.257081E-01
    170  3.3109388172486925E-01  4.6726028337738085E+09  1.8812579238147593E+09  2.277822E+18 -3.108646E+20  0.000000E+00 -3.108646E+20  4.994577E-01 -8.922672E-05 -2.114951E+20  6.803449E-01
    171  3.3125377558961916E-01  4.6782004595804787E+09  1.8807361456281383E+09  2.278556E+18 -2.624475E+19  0.000000E+00 -2.624475E+19  4.994511E-01 -8.922672E-05 -7.812209E+18  2.976675E-01
    172  3.3148212537472360E-01  4.6861946165298243E+09  1.8799909767189155E+09  2.279643E+18 -2.805770E+19  0.000000E+00 -2.805770E+19  4.994412E-01 -8.922672E-05 -7.187087E+18  2.561538E-01
    173  3.3193882494493249E-01  4.7020151114483385E+09  1.8785095715200861E+09  2.281960E+18 -6.141873E+19  0.000000E+00 -6.141873E+19  4.994204E-01 -8.922672E-05 -6.908505E+19  1.124821E+00
    174  3.3285222408535031E-01  4.7331012690110912E+09  1.8755760475830832E+09  2.287180E+18  8.833169E+21  0.000000E+00  8.833169E+21  4.993732E-01 -8.922672E-05 -9.118402E+20 -1.032291E-01
    175  3.3416986057586351E-01  4.7763167387937040E+09  1.8714276689878418E+09  2.296122E+18  1.340678E+22  0.000000E+00  1.340678E+22  4.992898E-01 -8.922672E-05 -2.420555E+21 -1.805471E-01
    176  3.3435485309170804E-01  4.7822847188879757E+09  1.8708502400587530E+09  2.297510E+18  4.364666E+20  0.000000E+00  4.364666E+20  4.992764E-01 -8.922672E-05 -6.075897E+19 -1.392065E-01
    177  3.3462102287176354E-01  4.7904829941259928E+09  1.8700353310609570E+09  2.299554E+18 -4.234940E+19  0.000000E+00 -4.234940E+19  4.992564E-01 -8.922672E-05 -2.921911E+19  6.899533E-01
    178  3.3515336243187455E-01  4.8068793200060339E+09  1.8684055222585940E+09  2.303808E+18 -9.108820E+19  0.000000E+00 -9.108820E+19  4.992135E-01 -8.922672E-05 -1.984823E+20  2.179012E+00
    179  3.3621804155209661E-01  4.8377598552150135E+09  1.8652051853877237E+09  2.312868E+18  2.031091E+22  0.000000E+00  2.031091E+22  4.991156E-01 -8.922672E-05 -3.042797E+21 -1.498109E-01
    180  3.3786341283448118E-01  4.8803058710016479E+09  1.8603963085349331E+09  2.327601E+18 -2.210952E+22  0.000000E+00 -2.210952E+22  4.989298E-01 -8.922672E-05  8.589181E+20 -3.884834E-02
    181  3.3808766837147519E-01  4.8853753041029568E+09  1.8597612250132174E+09  2.329622E+18 -4.489355E+20  0.000000E+00 -4.489355E+20  4.989012E-01 -8.922672E-05  1.343220E+19 -2.992011E-02
    182  3.3844433503541205E-01  4.8933438558667965E+09  1.8587538795611553E+09  2.332799E+18  1.460957E+20  0.000000E+00  1.460957E+20  4.988540E-01 -8.922672E-05 -7.894548E+19 -5.403684E-01
    183  3.3915766836328576E-01  4.9083121599634333E+09  1.8567709466630998E+09  2.339026E+18 -2.522085E+20  0.000000E+00 -2.522085E+20  4.987539E-01 -8.922672E-05 -6.148046E+20  2.437684E+00
    184  3.4058433501903324E-01  4.9339678608034811E+09  1.8529468373183191E+09  2.350664E+18 -9.412971E+20  0.000000E+00 -9.412971E+20  4.985317E-01 -8.922672E-05 -2.247486E+21  2.387648E+00
    185  3.4086966835018273E-01  4.9380596993195143E+09  1.8522170913556736E+09  2.352824E+18  3.997549E+20  0.000000E+00  3.997549E+20  4.984840E-01 -8.922672E-05 -1.192235E+20 -2.982416E-01
    186  3.4132321543392680E-01  4.9445638165168352E+09  1.8510571352022913E+09  2.356137E+18  1.360949E+20  0.000000E+00  1.360949E+20  4.984062E-01 -8.922672E-05 -7.861251E+19 -5.776301E-01
    187  3.4223030960141493E-01  4.9551457142284260E+09  1.8488161939538538E+09  2.362294E+18 -1.353418E+21  0.000000E+00 -1.353418E+21  4.982440E-01 -8.922672E-05 -4.156860E+20  3.071379E-01
    188  3.4404449793639114E-01  4.9911567056481066E+09  1.8437564045388269E+09  2.373227E+18 -1.694880E+22  0.000000E+00 -1.694880E+22  4.978957E-01 -8.922672E-05 -1.719806E+21  1.014707E-01
    189  3.4436515979499949E-01  5.0042676532056999E+09  1.8425015390833523E+09  2.374941E+18 -5.310611E+22  0.000000E+00 -5.310611E+22  4.978505E-01 -8.922672E-05  1.183351E+22 -2.228277E-01
    190  3.4463335045023519E-01  5.0152923251597643E+09  1.8414488170024998E+09  2.376316E+18 -9.174979E+20  0.000000E+00 -9.174979E+20  4.978342E-01 -8.922672E-05  1.048486E+20 -1.142767E-01
    191  3.4516973176070664E-01  5.0375953047713976E+09  1.8393307023446343E+09  2.379140E+18  1.278896E+21  0.000000E+00  1.278896E+21  4.978007E-01 -8.922672E-05 -7.975397E+20 -6.236156E-01
    192  3.4624249438164956E-01  5.0827894380011158E+09  1.8350731211645174E+09  2.385029E+18  1.659421E+22  0.000000E+00  1.659421E+22  4.977302E-01 -8.922672E-05 -7.574321E+21 -4.564435E-01
    193  3.4645704690583812E-01  5.0918181189933262E+09  1.8342244999258559E+09  2.386215E+18  1.250399E+21  0.000000E+00  1.250399E+21  4.977155E-01 -8.922672E-05 -4.290643E+20 -3.431418E-01
    194  3.4678736243208458E-01  5.1056876150995178E+09  1.8329215310045671E+09  2.388047E+18  7.268977E+20  0.000000E+00  7.268977E+20  4.976926E-01 -8.922672E-05 -3.072542E+20 -4.226924E-01
    195  3.4744799348457744E-01  5.1332729137238464E+09  1.8303332916831410E+09  2.391636E+18  4.403335E+21  0.000000E+00  4.403335E+21  4.976452E-01 -8.922672E-05 -2.180089E+21 -4.950994E-01
    196  3.4876925558956318E-01  5.1877581560155497E+09  1.8252425068956087E+09  2.398201E+18  7.544225E+22  0.000000E+00  7.544225E+22  4.975450E-01 -8.922672E-05 -1.073739E+22 -1.423260E-01
    197  3.5080481265186914E-01  5.2694200283510075E+09  1.8176671974461844E+09  2.406255E+18 -1.567292E+23  0.000000E+00 -1.567292E+23  4.973785E-01 -8.922673E-05  2.257079E+22 -1.440115E-01
    198  3.5106830242006465E-01  5.2797910445952921E+09  1.8167063588461952E+09  2.407069E+18 -5.161038E+21  0.000000E+00 -5.161038E+21  4.973560E-01 -8.922672E-05  4.167128E+20 -8.074204E-02
    199  3.5144078223220898E-01  5.2940747496179152E+09  1.8153687456501429E+09  2.408168E+18  9.928913E+20  0.000000E+00  9.928913E+20  4.973239E-01 -8.922672E-05 -4.195476E+20 -4.225514E-01
    200  3.5218574185649759E-01  5.3223321701253996E+09  1.8127018145021987E+09  2.410152E+18  7.364350E+21  0.000000E+00  7.364350E+21  4.972587E-01 -8.922673E-05 -2.407682E+21 -3.269375E-01
    201  3.5367566110507487E-01  5.3764295546997280E+09  1.8073750048274045E+09  2.413463E+18  3.498065E+22  0.000000E+00  3.498065E+22  4.971250E-01 -8.922672E-05 -1.271756E+22 -3.635599E-01
    202  3.5397364495479033E-01  5.3866625428930340E+09  1.8062930741686895E+09  2.414034E+18  4.150197E+21  0.000000E+00  4.150197E+21  4.970978E-01 -8.922672E-05 -9.307636E+20 -2.242698E-01
    203  3.5453977010838267E-01  5.4059297831558151E+09  1.8042317031852367E+09  2.415070E+18  2.510963E+21  0.000000E+00  2.510963E+21  4.970457E-01 -8.922672E-05 -7.664200E+20 -3.052295E-01
    204  3.5567202041556734E-01  5.4421653835132637E+09  1.8000384872965446E+09  2.416921E+18  1.075562E+22  0.000000E+00  1.075562E+22  4.969401E-01 -8.922672E-05 -3.677548E+21 -3.419189E-01
    205  3.5793652102993667E-01  5.5061159697510309E+09  1.7914992017742381E+09  2.419881E+18 -1.332679E+23  0.000000E+00 -1.332679E+23  4.967251E-01 -8.922672E-05  1.782578E+22 -1.337590E-01
    206  3.5830837175603031E-01  5.5171194733276339E+09  1.7899773340942130E+09  2.420273E+18 -2.778991E+20  0.000000E+00 -2.778991E+20  4.966894E-01 -8.922672E-05  1.315181E+20 -4.732585E-01
    207  3.5879407395595209E-01  5.5334955289376020E+09  1.7878180166476767E+09  2.420749E+18  1.786333E+21  0.000000E+00  1.786333E+21  4.966426E-01 -8.922672E-05 -3.927353E+20 -2.198556E-01
    208  3.5976547835579564E-01  5.5723298459742413E+09  1.7830835722750256E+09  2.421572E+18 -4.866372E+21  0.000000E+00 -4.866372E+21  4.965485E-01 -8.922672E-05 -1.055511E+19  2.168989E-03
    209  3.5995975923576434E-01  5.5805542354097881E+09  1.7821076556980770E+09  2.421719E+18  1.693378E+21  0.000000E+00  1.693378E+21  4.965296E-01 -8.922672E-05 -3.276782E+20 -1.935056E-01
    210  3.6034832099570174E-01  5.5974410319306402E+09  1.7801375521645937E+09  2.422006E+18  2.627977E+21  0.000000E+00  2.627977E+21  4.964916E-01 -8.922672E-05 -5.056738E+20 -1.924194E-01
    211  3.6112544451557660E-01  5.6316737035014572E+09  1.7761870184262457E+09  2.422541E+18  2.001491E+22  0.000000E+00  2.001491E+22  4.964154E-01 -8.922672E-05 -3.258834E+21 -1.628203E-01
    212  3.6267969155532631E-01  5.7024971222667789E+09  1.7682690854093881E+09  2.423464E+18 -3.749697E+22  0.000000E+00 -3.749697E+22  4.962613E-01 -8.922672E-05  1.395853E+22 -3.722575E-01
    213  3.6292749650265738E-01  5.7140553400025244E+09  1.7670128067959769E+09  2.423591E+18  3.448010E+21  0.000000E+00  3.448010E+21  4.962365E-01 -8.922672E-05 -2.100640E+20 -6.092326E-02
    214  3.6342310639731956E-01  5.7371717754740191E+09  1.7645002495691543E+09  2.423827E+18  1.020634E+22  0.000000E+00  1.020634E+22  4.961868E-01 -8.922672E-05 -1.308734E+21 -1.282276E-01
    215  3.6441432618664393E-01  5.7838416006347351E+09  1.7594921331600661E+09  2.424223E+18  8.436856E+22  0.000000E+00  8.436856E+22  4.960868E-01 -8.922672E-05 -7.666729E+21 -9.087187E-02
    216  3.6461257014450882E-01  5.7931882362728577E+09  1.7584895424676466E+09  2.424286E+18  6.087536E+21  0.000000E+00  6.087536E+21  4.960667E-01 -8.922672E-05 -9.352576E+20 -1.536348E-01
    217  3.6500905806023853E-01  5.8118815075490990E+09  1.7564843610828080E+09  2.424409E+18  7.810066E+21  0.000000E+00  7.810066E+21  4.960264E-01 -8.922672E-05 -9.278391E+20 -1.188004E-01
    218  3.6580203389169802E-01  5.8490799474555292E+09  1.7524547522972512E+09  2.424612E+18  6.267873E+22  0.000000E+00  6.267873E+22  4.959453E-01 -8.922672E-05 -4.921725E+21 -7.852304E-02
    219  3.6738798555461699E-01  5.9220077454064054E+09  1.7443252175436029E+09  2.424845E+18  4.539779E+23  0.000000E+00  4.539779E+23  4.957818E-01 -8.922672E-05 -8.637300E+21 -1.902582E-02
    220  3.6770473816443672E-01  5.9363038086409626E+09  1.7426947549577641E+09  2.424859E+18  4.017898E+22  0.000000E+00  4.017898E+22  4.957489E-01 -8.922672E-05 -4.208736E+21 -1.047497E-01
    221  3.6833824338407611E-01  5.9643812296601076E+09  1.7394323360615730E+09  2.424897E+18  5.949532E+22  0.000000E+00  5.949532E+22  4.956829E-01 -8.922673E-05 -3.563068E+21 -5.988820E-02
    222  3.6960525382335491E-01  6.0190316072610445E+09  1.7329211320296216E+09  2.424883E+18  4.824526E+23  0.000000E+00  4.824526E+23  4.955502E-01 -8.922672E-05 -1.096790E+22 -2.273363E-02
    223  3.6985865591121064E-01  6.0295024909707766E+09  1.7316277412914560E+09  2.424860E+18  2.424240E+22  0.000000E+00  2.424240E+22  4.955235E-01 -8.922671E-05 -1.798666E+21 -7.419505E-02
    224  3.7036546008692217E-01  6.0503417092292948E+09  1.7290431580597053E+09  2.424804E+18  3.199181E+22  0.000000E+00  3.199181E+22  4.954701E-01 -8.922672E-05 -1.312939E+21 -4.103985E-02
    225  3.7137906843834523E-01  6.0898406060385342E+09  1.7236846743366957E+09  2.424664E+18  2.755584E+23  0.000000E+00  2.755584E+23  4.953629E-01 -8.922671E-05 -3.389061E+21 -1.229889E-02
    226  3.7340628514119134E-01  6.1724449086006050E+09  1.7124316651468940E+09  2.423961E+18 -1.773619E+24  0.000000E+00 -1.773619E+24  4.951475E-01 -8.922671E-05  3.695226E+23 -2.083439E-01
    227  3.7372686220757673E-01  6.1861456545238867E+09  1.7106021173864725E+09  2.423791E+18 -4.124006E+22  0.000000E+00 -4.124006E+22  4.951133E-01 -8.922671E-05  7.036594E+21 -1.706252E-01
    228  3.7436801634034755E-01  6.2138566250427790E+09  1.7069060871654894E+09  2.423400E+18  1.257446E+23  0.000000E+00  1.257446E+23  4.950448E-01 -8.922671E-05 -5.931620E+21 -4.717195E-02
    229  3.7565032460588921E-01  6.2705185525387268E+09  1.6993447665320015E+09  2.422439E+18  1.538229E+24  0.000000E+00  1.538229E+24  4.949075E-01 -8.922673E-05 -2.212046E+22 -1.438047E-02
    230  3.7590678625899754E-01  6.2819644588581629E+09  1.6978121508617733E+09  2.422215E+18  6.342694E+22  0.000000E+00  6.342694E+22  4.948799E-01 -8.922673E-05 -4.857776E+21 -7.658854E-02
    231  3.7641970956521420E-01  6.3050231899404764E+09  1.6947068591447492E+09  2.421757E+18  1.113625E+23  0.000000E+00  1.113625E+23  4.948248E-01 -8.922673E-05 -4.874263E+21 -4.376934E-02
    232  3.7744555617764752E-01  6.3512422071138792E+09  1.6884405073482819E+09  2.420758E+18  1.078363E+24  0.000000E+00  1.078363E+24  4.947143E-01 -8.922673E-05 -7.889591E+21 -7.316265E-03
    233  3.7949724940251411E-01  6.4435042635358849E+09  1.6756997350065603E+09  2.418421E+18 -1.590006E+24  0.000000E+00 -1.590006E+24  4.944926E-01 -8.922660E-05  1.232299E+24 -7.750280E-01
    234  3.8267361316137039E-01  6.5708269628301926E+09  1.6566915131791584E+09  2.414726E+18 -1.321937E+25  0.000000E+00 -1.321937E+25  4.941479E-01 -8.922687E-05 -1.988435E+24  1.504183E-01
    235  3.8307178090397609E-01  6.5850778710954819E+09  1.6543441777964573E+09  2.414271E+18 -2.395190E+23  0.000000E+00 -2.395190E+23  4.941047E-01 -8.922686E-05 -3.747908E+22  1.564764E-01
    236  3.8370140842004741E-01  6.6081601160284958E+09  1.6505953417056823E+09  2.413520E+18  1.672799E+23  0.000000E+00  1.672799E+23  4.940364E-01 -8.922686E-05 -1.497821E+22 -8.953980E-02
    237  3.8496066345219004E-01  6.6562211424171171E+09  1.6428247991066754E+09  2.411828E+18  2.814731E+24  0.000000E+00  2.814731E+24  4.938998E-01 -8.922688E-05 -9.537684E+21 -3.388488E-03
    238  3.8747917351647526E-01  6.7587104871605873E+09  1.6261006706170518E+09  2.407580E+18  8.681997E+24  0.000000E+00  8.681997E+24  4.936264E-01 -8.922663E-05  2.837500E+24  3.268257E-01
    239  3.8784195566437091E-01  6.7743108790830965E+09  1.6235544007954161E+09  2.406870E+18  8.609830E+22  0.000000E+00  8.609830E+22  4.935870E-01 -8.922662E-05  5.935886E+22  6.894313E-01
    240  3.8847270378022614E-01  6.8018868597712812E+09  1.6190802335298042E+09  2.405551E+18 -3.223777E+22  0.000000E+00 -3.223777E+22  4.935184E-01 -8.922657E-05 -4.380171E+22  1.358708E+00
    241  3.8973420001193665E-01  6.8593815180565500E+09  1.6099267910738778E+09  2.402595E+18  4.309046E+24  0.000000E+00  4.309046E+24  4.933811E-01 -8.922676E-05 -2.045265E+23 -4.746446E-02
    242  3.8998649925827877E-01  6.8711570439032145E+09  1.6080766209116516E+09  2.401945E+18 -5.843842E+22  0.000000E+00 -5.843842E+22  4.933536E-01 -8.922676E-05 -2.531863E+22  4.332531E-01
    243  3.9026248800098690E-01  6.8844104818529625E+09  1.6060286917802541E+09  2.401205E+18 -1.257005E+23  0.000000E+00 -1.257005E+23  4.933235E-01 -8.922678E-05 -1.055205E+22  8.394592E-02
    244  3.9081446548640314E-01  6.9109173577524605E+09  1.6019328335174596E+09  2.399687E+18  7.871041E+21  0.000000E+00  7.871041E+21  4.932632E-01 -8.922677E-05 -5.534818E+22 -7.031875E+00
    245  3.9191842045723563E-01  6.9460085937883492E+09  1.5944234046611390E+09  2.397845E+18  1.703552E+24  0.000000E+00  1.703552E+24  4.931427E-01 -8.922686E-05 -7.626226E+22 -4.476662E-02
    246  3.9412633039890060E-01  7.0167956651016722E+09  1.5791448622844315E+09  2.393803E+18  2.209322E+25  0.000000E+00  2.209322E+25  4.929026E-01 -8.922750E-05  4.242619E+23  1.920326E-02
    247  3.9448753951773580E-01  7.0284997373443632E+09  1.5766159787640424E+09  2.393074E+18  9.576944E+22  0.000000E+00  9.576944E+22  4.928635E-01 -8.922758E-05 -2.872043E+22 -2.998914E-01
    248  3.9495468367790443E-01  7.0437126753542919E+09  1.5733346491997690E+09  2.392122E+18 -5.386054E+23  0.000000E+00 -5.386054E+23  4.928129E-01 -8.922760E-05 -2.601915E+22  4.830837E-02
    249  3.9588897199824175E-01  7.0744087884602575E+09  1.5667606587756028E+09  2.390133E+18 -8.602960E+23  0.000000E+00 -8.602960E+23  4.927119E-01 -8.922754E-05 -1.190138E+23  1.383405E-01
    250  3.9775754863891633E-01  7.1379033612907877E+09  1.5535282994471090E+09  2.385690E+18  1.951470E+25  0.000000E+00  1.951470E+25  4.925104E-01 -8.922917E-05  1.640689E+23  8.407450E-03
    251  3.9812000234755190E-01  7.1508598223032198E+09  1.5509112712219729E+09  2.384709E+18 -3.176571E+23  0.000000E+00 -3.176571E+23  4.924714E-01 -8.922927E-05 -5.070509E+22  1.596221E-01
    252  3.9860870384005820E-01  7.1684940340640841E+09  1.5473678046623225E+09  2.383355E+18 -1.378569E+24  0.000000E+00 -1.378569E+24  4.924188E-01 -8.922932E-05 -4.564732E+22  3.311211E-02
    253  3.9958610682507073E-01  7.2038999704548492E+09  1.5400329548869920E+09  2.380525E+18 -3.834539E+24  0.000000E+00 -3.834539E+24  4.923137E-01 -8.922970E-05 -2.042069E+23  5.325462E-02
    254  4.0051082632265300E-01  7.2364502642749157E+09  1.5328981589244423E+09  2.377810E+18 -2.829238E+24  0.000000E+00 -2.829238E+24  4.922145E-01 -8.923008E-05 -1.616952E+23  5.715151E-02
    255  4.0236026531781754E-01  7.3014852489926271E+09  1.5185376117043731E+09  2.372005E+18  1.302025E+25  0.000000E+00  1.302025E+25  4.920165E-01 -8.923151E-05  1.452863E+22  1.115849E-03
    256  4.0271120352414713E-01  7.3136173260786362E+09  1.5157670764186668E+09  2.370864E+18 -1.091881E+24  0.000000E+00 -1.091881E+24  4.919790E-01 -8.923142E-05 -4.360286E+22  3.993371E-02
    257  4.0319692257422918E-01  7.3303297044108496E+09  1.5119192681792049E+09  2.369263E+18 -2.949890E+24  0.000000E+00 -2.949890E+24  4.919271E-01 -8.923141E-05 -2.653675E+22  8.995844E-03
    258  4.0379372634630056E-01  7.3504791012591734E+09  1.5071270914699652E+09  2.367287E+18 -3.339439E+24  0.000000E+00 -3.339439E+24  4.918635E-01 -8.923130E-05 -3.457020E+22  1.035210E-02
    259  4.0498733389044334E-01  7.3897888832524023E+09  1.4974229882509718E+09  2.363282E+18 -2.334073E+24  0.000000E+00 -2.334073E+24  4.917366E-01 -8.923208E-05 -2.261882E+23  9.690705E-02
    260  4.0737454897872888E-01  7.4603507124857063E+09  1.4778125799952374E+09  2.355651E+18  3.151587E+26  0.000000E+00  3.151587E+26  4.914843E-01 -8.922658E-05  2.793001E+24  8.862207E-03
    261  4.1153431241615385E-01  7.5529798222465458E+09  1.4434703643898113E+09  2.344589E+18 -2.846938E+25  0.000000E+00 -2.846938E+25  4.910532E-01 -8.921736E-05  4.376456E+24 -1.537250E-01
    262  4.1217699614039460E-01  7.5653657292823734E+09  1.4382989190206060E+09  2.343044E+18 -3.307475E+24  0.000000E+00 -3.307475E+24  4.909877E-01 -8.921670E-05  2.708108E+23 -8.187841E-02
    263  4.1346236358887611E-01  7.5889829127184839E+09  1.4279727322994623E+09  2.339975E+18 -2.702209E+25  0.000000E+00 -2.702209E+25  4.908578E-01 -8.921687E-05  8.801313E+22 -3.257080E-03
    264  4.1603309848583914E-01  7.6454308003445559E+09  1.4060012771099887E+09  2.331894E+18 -2.981639E+26  0.000000E+00 -2.981639E+26  4.906016E-01 -8.922185E-05 -7.478442E+23  2.508165E-03
    265  4.1654724546523175E-01  7.6551049837016249E+09  1.4015645190411298E+09  2.330449E+18  1.594965E+24  0.000000E+00  1.594965E+24  4.905510E-01 -8.922161E-05  4.245935E+22  2.662087E-02
    266  4.1744484643632618E-01  7.6696634328407240E+09  1.3938901139198146E+09  2.328250E+18 -1.764213E+25  0.000000E+00 -1.764213E+25  4.904631E-01 -8.922173E-05  3.046543E+23 -1.726856E-02
    267  4.1924004837851503E-01  7.6871630098824949E+09  1.3789915852116334E+09  2.325623E+18  3.960678E+24  0.000000E+00  3.960678E+24  4.902898E-01 -8.922115E-05 -1.851981E+23 -4.675919E-02
    268  4.1959908876695279E-01  7.6887583179933395E+09  1.3760835591854615E+09  2.325402E+18  7.413356E+23  0.000000E+00  7.413356E+23  4.902556E-01 -8.922114E-05  6.700463E+22  9.038367E-02
    269  4.2031716954382831E-01  7.7025013340652285E+09  1.3696284033740041E+09  2.323127E+18 -3.388525E+25  0.000000E+00 -3.388525E+25  4.901876E-01 -8.922137E-05  6.967013E+23 -2.056061E-02
    270  4.2175333109757940E-01  7.7473329853210802E+09  1.3555358098047440E+09  2.315269E+18  1.285068E+26  0.000000E+00  1.285068E+26  4.900525E-01 -8.922303E-05 -4.252058E+23 -3.308819E-03
    271  4.2462565420508158E-01  7.8350610923178082E+09  1.3261060909538608E+09  2.298344E+18  3.098578E+25  0.000000E+00  3.098578E+25  4.897852E-01 -8.920806E-05  8.137553E+24  2.626221E-01
    272  4.2878000311016973E-01  7.8727469979065037E+09  1.2866988135037711E+09  2.289684E+18  7.224896E+26  0.000000E+00  7.224896E+26  4.894120E-01 -8.918447E-05 -5.550977E+23 -7.683123E-04
    273  4.3427881972988985E-01  7.9107489383438740E+09  1.2308025650624442E+09  2.278677E+18 -1.793628E+27  0.000000E+00 -1.793628E+27  4.889490E-01 -8.913357E-05  1.574169E+25 -8.776449E-03
    274  4.4198143443438043E-01  7.9367016615531521E+09  1.1507457722329180E+09  2.266090E+18 -2.010371E+25  0.000000E+00 -2.010371E+25  4.883644E-01 -8.912393E-05 -5.465005E+23  2.718406E-02
    275  4.4298143441202870E-01  7.9459156213736572E+09  1.1392849911145139E+09  2.262685E+18 -2.241064E+25  0.000000E+00 -2.241064E+25  4.882936E-01 -8.912341E-05  8.927240E+23 -3.983483E-02
    276  4.4498143436732523E-01  7.9600162671679106E+09  1.1202823442341185E+09  2.257365E+18  1.729815E+26  0.000000E+00  1.729815E+26  4.881553E-01 -8.912582E-05 -2.554701E+24 -1.476864E-02
    277  4.4538143435838456E-01  7.9636142231139307E+09  1.1206140680089927E+09  2.256862E+18  4.768172E+24  0.000000E+00  4.768172E+24  4.881280E-01 -8.912562E-05  2.327698E+23  4.881742E-02
    278  4.4618143434050317E-01  7.9881959957968798E+09  1.1314920762676840E+09  2.253480E+18 -3.749378E+25  0.000000E+00 -3.749378E+25  4.880731E-01 -8.912390E-05  5.738198E+23 -1.530440E-02
    279  4.4778143430474038E-01  8.0714448912449312E+09  1.1767183015617318E+09  2.242465E+18  2.511470E+26  0.000000E+00  2.511470E+26  4.879577E-01 -8.912895E-05  4.016786E+23  1.599376E-03
    280  4.5098143423321480E-01  8.1021156816187649E+09  1.1579060136905227E+09  2.233619E+18 -2.053554E+27  0.000000E+00 -2.053554E+27  4.877147E-01 -8.916273E-05  4.699736E+24 -2.288586E-03
    281  4.5601091123720577E-01  8.1740548095174303E+09  1.1616745493810248E+09  2.219129E+18  3.320596E+27  0.000000E+00  3.320596E+27  4.873612E-01 -8.906196E-05 -6.818490E+24 -2.053394E-03
    282  4.6467032810697456E-01  8.0974509419291801E+09  1.0134376179766961E+09  2.212924E+18  1.015599E+28  0.000000E+00  1.015599E+28  4.868080E-01 -8.904062E-05 -1.001352E+26 -9.859712E-03
    283  4.7467032788345714E-01  8.1312667679485941E+09  9.7079672131905329E+08  2.198772E+18 -1.983853E+27  0.000000E+00 -1.983853E+27  4.862580E-01 -8.894341E-05  9.320210E+24 -4.698036E-03
    284  4.8467032765993973E-01  8.1249506840182467E+09  9.0351694128843391E+08  2.187298E+18 -1.018928E+28  0.000000E+00 -1.018928E+28  4.857077E-01 -8.886943E-05  7.200252E+25 -7.066498E-03
    285  4.8567032763758800E-01  8.0938248489571819E+09  8.8044213364948785E+08  2.191072E+18  1.759482E+26  0.000000E+00  1.759482E+26  4.856636E-01 -8.886877E-05 -3.637932E+24 -2.067615E-02
    286  4.8709203903422588E-01  8.0357415442620554E+09  8.4264383120440078E+08  2.198149E+18 -5.223091E+26  0.000000E+00 -5.223091E+26  4.856049E-01 -8.886144E-05 -8.087038E+24  1.548324E-02
    287  4.8993546182750164E-01  7.9248480451593943E+09  7.6186079456009507E+08  2.207745E+18 -9.805335E+26  0.000000E+00 -9.805335E+26  4.855025E-01 -8.885882E-05  5.049626E+24 -5.149876E-03
    288  4.9479014436398666E-01  7.7678899552732916E+09  6.5792482303381121E+08  2.221603E+18  3.046097E+27  0.000000E+00  3.046097E+27  4.853641E-01 -8.890667E-05 -1.179175E+25 -3.871103E-03
    289  5.0228322626120692E-01  7.7128649775523167E+09  6.1935453404646754E+08  2.225937E+18  6.612854E+26  0.000000E+00  6.612854E+26  4.851866E-01 -8.893113E-05  6.360981E+24  9.619116E-03
    290  5.1228322603768950E-01  7.5926437793597441E+09  5.4192204371926463E+08  2.233209E+18 -2.940720E+26  0.000000E+00 -2.940720E+26  4.849871E-01 -8.894094E-05 -1.946141E+25  6.617907E-02
    291  5.2228322581417208E-01  7.4492745312410774E+09  4.7254799150922328E+08  2.248194E+18  1.069321E+27  0.000000E+00  1.069321E+27  4.848314E-01 -8.895488E-05 -9.050132E+24 -8.463434E-03
    292  5.2328322579182029E-01  7.4335477944923439E+09  4.6552615436952734E+08  2.249790E+18 -1.888936E+25  0.000000E+00 -1.888936E+25  4.848179E-01 -8.895443E-05  4.134555E+22 -2.188827E-03
    293  5.2528322574711683E-01  7.4004660217967968E+09  4.5126279883142793E+08  2.253308E+18 -2.036165E+25  0.000000E+00 -2.036165E+25  4.847920E-01 -8.895472E-05 -5.899201E+23  2.897211E-02
    294  5.2928322565770991E-01  7.3299312742831850E+09  4.2439283270439142E+08  2.261876E+18 -1.134051E+26  0.000000E+00 -1.134051E+26  4.847445E-01 -8.895162E-05 -1.152493E+24  1.016262E-02
    295  5.3728322547889595E-01  7.2035196182496223E+09  3.7547927636359751E+08  2.275497E+18  6.420405E+26  0.000000E+00  6.420405E+26  4.846638E-01 -8.895284E-05 -6.238139E+22 -9.716115E-05
    296  5.3828322545654417E-01  7.1872114629747620E+09  3.6960581824730015E+08  2.276959E+18 -2.174727E+25  0.000000E+00 -2.174727E+25  4.846550E-01 -8.895367E-05 -2.954775E+23  1.358688E-02
    297  5.3990223226844136E-01  7.1594062666500044E+09  3.6017076840787977E+08  2.280150E+18 -4.090240E+24  0.000000E+00 -4.090240E+24  4.846412E-01 -8.895342E-05 -3.490175E+22  8.532934E-03
    298  5.4314024589223586E-01  7.1043153072545319E+09  3.4234193213803041E+08  2.286515E+18 -5.305718E+25  0.000000E+00 -5.305718E+25  4.846154E-01 -8.895431E-05 -1.130333E+24  2.130405E-02
    299  5.4961627313982486E-01  7.0055338213254747E+09  3.1179874183026284E+08  2.297521E+18 -1.211927E+26  0.000000E+00 -1.211927E+26  4.845703E-01 -8.895379E-05 -5.444563E+24  4.492485E-02
    300  5.5961627291630744E-01  6.8520958958331995E+09  2.7027550692156833E+08  2.316172E+18  3.158347E+26  0.000000E+00  3.158347E+26  4.845140E-01 -8.895646E-05 -1.517583E+24 -4.804991E-03
    301  5.6061627289395566E-01  6.8370970047046576E+09  2.6642763899232629E+08  2.317596E+18 -5.006903E+24  0.000000E+00 -5.006903E+24  4.845091E-01 -8.895669E-05  2.468192E+22 -4.929579E-03
    302  5.6129978123193758E-01  6.8285696274761572E+09  2.6382836925057295E+08  2.318325E+18  3.372844E+23  0.000000E+00  3.372844E+23  4.845059E-01 -8.895669E-05  2.321820E+22  6.883864E-02
    303  5.6266679790790142E-01  6.8065448677488050E+09  2.5874837747649348E+08  2.321077E+18 -1.191941E+24  0.000000E+00 -1.191941E+24  4.844995E-01 -8.895680E-05 -4.326743E+22  3.629997E-02
    304  5.6540083125982898E-01  6.7631012526655779E+09  2.4853454618544543E+08  2.326138E+18 -3.051312E+25  0.000000E+00 -3.051312E+25  4.844876E-01 -8.895598E-05 -1.612565E+24  5.284823E-02
    305  5.6964737609515259E-01  6.6919092007472630E+09  2.3348076254873130E+08  2.335139E+18  2.209683E+25  0.000000E+00  2.209683E+25  4.844706E-01 -8.895605E-05  8.891265E+23  4.023773E-02
    306  5.7648473712835713E-01  6.5835690756990871E+09  2.1064761741352934E+08  2.347729E+18  1.827077E+26  0.000000E+00  1.827077E+26  4.844471E-01 -8.895508E-05  5.569978E+23  3.048573E-03
    307  5.7746541819919639E-01  6.5605095510459080E+09  2.0775067951824677E+08  2.351042E+18 -4.316663E+24  0.000000E+00 -4.316663E+24  4.844441E-01 -8.895490E-05 -1.053452E+23  2.440432E-02
    308  5.7863556253631476E-01  6.5491429495238180E+09  2.0390013245355761E+08  2.351358E+18  1.133432E+23  0.000000E+00  1.133432E+23  4.844409E-01 -8.895489E-05  3.751576E+21  3.309926E-02
    309  5.8097585121055151E-01  6.5067626904563074E+09  1.9696664889991561E+08  2.356799E+18 -4.692617E+24  0.000000E+00 -4.692617E+24  4.844348E-01 -8.895496E-05 -3.067795E+23  6.537492E-02
    310  5.8502932217215631E-01  6.4477210507314262E+09  1.8542526330476135E+08  2.362932E+18  2.183128E+25  0.000000E+00  2.183128E+25  4.844251E-01 -8.895496E-05  3.549946E+23  1.626082E-02
    311  5.8654596999999997E-01  6.4251993000000000E+09  1.8124975000000000E+08  2.365065E+18 -7.992393E+23  0.000000E+00 -7.992393E+23  4.844217E-01 -8.895494E-05 -2.770314E+22  3.466189E-02
