    1   1  1.3935E-02  1.9745E-02 h1   
    1   2  1.6620E-09  3.4617E-05 h2   
    2   3  8.0520E-10  2.7490E-05 he3  
    2   4  3.2709E-02  1.1885E-01 he4  
    3   6  4.4177E-13  6.8009E-04 li6  
    3   7  2.9339E-13  3.1382E-05 li7  
    4   9  2.0473E-12  1.2319E-02 be9  
    5  10  2.1637E-14  2.0271E-05 b10  
    5  11  1.7307E-12  3.6588E-04 b11  
    6  12  5.7280E-07  1.8889E-04 c12  
    6  13  4.3191E-10  1.1833E-05 c13  
    7  14  1.2494E-10  1.1308E-07 n14  
    7  15  9.4923E-10  2.1754E-04 n15  
    8  16  1.4313E-06  1.4922E-04 o16  
    8  17  2.4238E-10  6.2352E-05 o17  
    8  18  1.7171E-12  7.9228E-08 o18  
    9  19  4.4765E-12  1.1049E-05 f19  
   10  20  3.0006E-08  1.8535E-05 ne20 
   10  21  1.1579E-10  2.8054E-05 ne21 
   10  22  1.0543E-10  8.0966E-07 ne22 
   11  23  1.4696E-09  4.4009E-05 na23 
   12  24  3.4901E-06  6.7796E-03 mg24 
   12  25  2.2869E-08  3.3798E-04 mg25 
   12  26  2.6574E-08  3.4243E-04 mg26 
   13  27  4.1315E-07  7.1169E-03 al27 
   14  28  1.7630E-03  2.6998E+00 si28 
   14  29  1.7132E-05  5.0011E-01 si29 
   14  30  9.2220E-06  3.9203E-01 si30 
   15  31  2.8106E-05  3.4465E+00 p31  
   16  32  2.3465E-03  5.9283E+00 s32  
   16  33  4.6847E-05  1.4539E+01 s33  
   16  34  2.3442E-05  1.2561E+00 s34  
   16  36  4.6742E-11  4.9835E-04 s36  
   17  35  7.1076E-05  2.8071E+01 cl35 
   17  37  4.8024E-05  5.6202E+01 cl37 
   18  36  2.0522E-03  2.6514E+01 ar36 
   18  38  3.6457E-05  2.3706E+00 ar38 
   18  40  7.5628E-11  2.8748E-03 ar40 
   19  39  1.5726E-04  4.5286E+01 k39  
   19  40  5.5574E-07  1.2483E+03 k40  
   19  41  6.8284E-05  2.5922E+02 k41  
   20  40  3.5387E-03  5.9080E+01 ca40 
   20  42  1.3149E-05  3.1335E+01 ca42 
   20  43  1.9181E-05  2.1375E+01 ca43 
   20  44  3.1836E-04  2.2523E+02 ca44 
   20  46  1.9228E-13  6.8854E-05 ca46 
   20  48  1.5729E-18  1.1364E-11 ca48 
   21  45  9.0586E-05  2.3270E+03 sc45 
   22  46  2.0661E-04  9.2486E+02 ti46 
   22  47  4.8358E-04  2.3244E+03 ti47 
   22  48  3.2108E-03  1.4940E+03 ti48 
   22  49  2.7618E-03  1.6880E+04 ti49 
   22  50  3.9164E-10  2.3820E-03 ti50 
   23  50  1.8385E-06  1.9859E+03 v50  
   23  51  1.3625E-02  3.6169E+04 v51  
   24  50  8.7468E-03  1.1782E+04 cr50 
   24  52  3.7176E-02  2.5013E+03 cr52 
   24  53  3.9949E-02  2.3280E+04 cr53 
   24  54  7.7490E-09  1.7784E-02 cr54 
   25  55  1.7750E-01  1.3360E+04 mn55 
   26  54  1.6404E-01  2.3007E+03 fe54 
   26  56  2.6212E-01  2.2430E+02 fe56 
   26  57  1.1691E-01  4.0951E+03 fe57 
   26  58  5.8651E-08  1.5864E-02 fe58 
   27  59  9.8979E-03  2.9477E+03 co59 
   28  58  1.0291E-01  2.0815E+03 ni58 
   28  60  1.9529E-03  9.9748E+01 ni60 
   28  61  5.8518E-04  6.8088E+02 ni61 
   28  62  3.3050E-04  1.1906E+02 ni62 
   28  64  2.1517E-13  2.9602E-07 ni64 
   29  63  3.1968E-05  5.5570E+01 cu63 
   29  65  1.1477E-06  4.3357E+00 cu65 
   30  64  6.9292E-06  6.9824E+00 zn64 
   30  66  3.0173E-07  5.1345E-01 zn66 
   30  67  3.9912E-08  4.5551E-01 zn67 
   30  68  1.3490E-08  3.3232E-02 zn68 
   30  70  2.2302E-20  1.6148E-12 zn70 
   31  69  1.7260E-09  4.3564E-02 ga69 
   31  71  1.0945E-10  4.0360E-03 ga71 
   32  70  2.8097E-10  6.5033E-03 ge70 
   32  72  4.5190E-11  7.6112E-04 ge72 
   32  73  5.2192E-12  3.0457E-04 ge73 
   32  74  1.9787E-20  2.4357E-13 ge74 
   32  76  1.7605E-26  9.8684E-19 ge76 
   33  75  4.1923E-13  3.3687E-05 as75 
   34  74  1.1011E-12  1.0696E-03 se74 
   34  76  2.5986E-13  2.4137E-05 se76 
   34  77  3.9407E-14  4.3048E-06 se77 
   34  78  6.5109E-21  2.2449E-13 se78 
   34  80  3.0352E-26  4.8540E-19 se80 
   34  82  1.1024E-29  9.3245E-22 se82 
   35  79  3.8923E-15  3.2571E-07 br79 
   35  81  2.9343E-16  2.4440E-08 br81 
   36  78  1.0114E-14  3.3506E-05 kr78 
   36  80  1.4241E-15  7.0446E-07 kr80 
   36  82  9.9823E-17  9.3450E-09 kr82 
   36  83  2.4053E-17  2.2204E-09 kr83 
   36  84  6.8308E-26  1.2509E-18 kr84 
   36  86  1.0737E-29  6.2955E-22 kr86 
   37  85  1.8130E-18  1.6470E-10 rb85 
   37  87  6.3337E-30  1.4610E-21 rb87 
   38  84  3.7482E-18  1.3364E-08 sr84 
   38  86  1.0807E-18  2.1414E-10 sr86 
   38  87  3.8974E-19  1.0799E-10 sr87 
   38  88  1.3064E-19  3.0253E-12 sr88 
   39  89  7.8561E-20  7.5207E-12 y89  
   40  90  4.3359E-20  3.2447E-12 zr90 
   40  91  1.2891E-21  4.3755E-13 zr91 
   40  92  0.0000E+00  0.0000E+00 zr92 
   40  94  0.0000E+00  0.0000E+00 zr94 
   40  96  0.0000E+00  0.0000E+00 zr96 
   41  93  0.0000E+00  0.0000E+00 nb93 
   42  92  0.0000E+00  0.0000E+00 mo92 
   42  94  0.0000E+00  0.0000E+00 mo94 
   42  95  0.0000E+00  0.0000E+00 mo95 
   42  96  0.0000E+00  0.0000E+00 mo96 
   42  97  0.0000E+00  0.0000E+00 mo97 
   42  98  0.0000E+00  0.0000E+00 mo98 
   42 100  0.0000E+00  0.0000E+00 mo100
   44  96  0.0000E+00  0.0000E+00 ru96 
   44  98  0.0000E+00  0.0000E+00 ru98 
   44  99  0.0000E+00  0.0000E+00 ru99 
   44 100  0.0000E+00  0.0000E+00 ru100
   44 101  0.0000E+00  0.0000E+00 ru101
   44 102  0.0000E+00  0.0000E+00 ru102
   44 104  0.0000E+00  0.0000E+00 ru104
   45 103  0.0000E+00  0.0000E+00 rh103
   46 102  0.0000E+00  0.0000E+00 pd102
   46 104  0.0000E+00  0.0000E+00 pd104
   46 105  0.0000E+00  0.0000E+00 pd105
   46 106  0.0000E+00  0.0000E+00 pd106
   46 108  0.0000E+00  0.0000E+00 pd108
   46 110  0.0000E+00  0.0000E+00 pd110
   47 107  0.0000E+00  0.0000E+00 ag107
   47 109  0.0000E+00  0.0000E+00 ag109
   48 106  0.0000E+00  0.0000E+00 cd106
   48 108  0.0000E+00  0.0000E+00 cd108
   48 110  0.0000E+00  0.0000E+00 cd110
   48 111  0.0000E+00  0.0000E+00 cd111
   48 112  0.0000E+00  0.0000E+00 cd112
   48 113  0.0000E+00  0.0000E+00 cd113
   48 114  0.0000E+00  0.0000E+00 cd114
   48 116  0.0000E+00  0.0000E+00 cd116
   49 113  0.0000E+00  0.0000E+00 in113
   49 115  0.0000E+00  0.0000E+00 in115
   50 112  0.0000E+00  0.0000E+00 sn112
   50 114  0.0000E+00  0.0000E+00 sn114
   50 115  0.0000E+00  0.0000E+00 sn115
   50 116  0.0000E+00  0.0000E+00 sn116
   50 117  0.0000E+00  0.0000E+00 sn117
   50 118  0.0000E+00  0.0000E+00 sn118
   50 119  0.0000E+00  0.0000E+00 sn119
   50 120  0.0000E+00  0.0000E+00 sn120
   50 122  0.0000E+00  0.0000E+00 sn122
   50 124  0.0000E+00  0.0000E+00 sn124
   51 121  0.0000E+00  0.0000E+00 sb121
   51 123  0.0000E+00  0.0000E+00 sb123
   52 120  0.0000E+00  0.0000E+00 te120
   52 122  0.0000E+00  0.0000E+00 te122
   52 123  0.0000E+00  0.0000E+00 te123
   52 124  0.0000E+00  0.0000E+00 te124
   52 125  0.0000E+00  0.0000E+00 te125
   52 126  0.0000E+00  0.0000E+00 te126
   52 128  0.0000E+00  0.0000E+00 te128
   52 130  0.0000E+00  0.0000E+00 te130
   53 127  0.0000E+00  0.0000E+00 i127 
   54 124  0.0000E+00  0.0000E+00 xe124
   54 126  0.0000E+00  0.0000E+00 xe126
   54 128  0.0000E+00  0.0000E+00 xe128
   54 129  0.0000E+00  0.0000E+00 xe129
   54 130  0.0000E+00  0.0000E+00 xe130
   54 131  0.0000E+00  0.0000E+00 xe131
   54 132  0.0000E+00  0.0000E+00 xe132
   54 134  0.0000E+00  0.0000E+00 xe134
   54 136  0.0000E+00  0.0000E+00 xe136
   55 133  0.0000E+00  0.0000E+00 cs133
   56 130  0.0000E+00  0.0000E+00 ba130
   56 132  0.0000E+00  0.0000E+00 ba132
   56 134  0.0000E+00  0.0000E+00 ba134
   56 135  0.0000E+00  0.0000E+00 ba135
   56 136  0.0000E+00  0.0000E+00 ba136
   56 137  0.0000E+00  0.0000E+00 ba137
   56 138  0.0000E+00  0.0000E+00 ba138
   57 138  0.0000E+00  0.0000E+00 la138
   57 139  0.0000E+00  0.0000E+00 la139
   58 136  0.0000E+00  0.0000E+00 ce136
   58 138  0.0000E+00  0.0000E+00 ce138
   58 140  0.0000E+00  0.0000E+00 ce140
   58 142  0.0000E+00  0.0000E+00 ce142
   59 141  0.0000E+00  0.0000E+00 pr141
   60 142  0.0000E+00  0.0000E+00 nd142
   60 143  0.0000E+00  0.0000E+00 nd143
   60 144  0.0000E+00  0.0000E+00 nd144
   60 145  0.0000E+00  0.0000E+00 nd145
   60 146  0.0000E+00  0.0000E+00 nd146
   60 148  0.0000E+00  0.0000E+00 nd148
   60 150  0.0000E+00  0.0000E+00 nd150
   62 144  0.0000E+00  0.0000E+00 sm144
   62 147  0.0000E+00  0.0000E+00 sm147
   62 148  0.0000E+00  0.0000E+00 sm148
   62 149  0.0000E+00  0.0000E+00 sm149
   62 150  0.0000E+00  0.0000E+00 sm150
   62 152  0.0000E+00  0.0000E+00 sm152
   62 154  0.0000E+00  0.0000E+00 sm154
   63 151  0.0000E+00  0.0000E+00 eu151
   63 153  0.0000E+00  0.0000E+00 eu153
   64 152  0.0000E+00  0.0000E+00 gd152
   64 154  0.0000E+00  0.0000E+00 gd154
   64 155  0.0000E+00  0.0000E+00 gd155
   64 156  0.0000E+00  0.0000E+00 gd156
   64 157  0.0000E+00  0.0000E+00 gd157
   64 158  0.0000E+00  0.0000E+00 gd158
   64 160  0.0000E+00  0.0000E+00 gd160
   65 159  0.0000E+00  0.0000E+00 tb159
   66 156  0.0000E+00  0.0000E+00 dy156
   66 158  0.0000E+00  0.0000E+00 dy158
   66 160  0.0000E+00  0.0000E+00 dy160
   66 161  0.0000E+00  0.0000E+00 dy161
   66 162  0.0000E+00  0.0000E+00 dy162
   66 163  0.0000E+00  0.0000E+00 dy163
   66 164  0.0000E+00  0.0000E+00 dy164
   67 165  0.0000E+00  0.0000E+00 ho165
   68 162  0.0000E+00  0.0000E+00 er162
   68 164  0.0000E+00  0.0000E+00 er164
   68 166  0.0000E+00  0.0000E+00 er166
   68 167  0.0000E+00  0.0000E+00 er167
   68 168  0.0000E+00  0.0000E+00 er168
   68 170  0.0000E+00  0.0000E+00 er170
   69 169  0.0000E+00  0.0000E+00 tm169
   70 168  0.0000E+00  0.0000E+00 yb168
   70 170  0.0000E+00  0.0000E+00 yb170
   70 171  0.0000E+00  0.0000E+00 yb171
   70 172  0.0000E+00  0.0000E+00 yb172
   70 173  0.0000E+00  0.0000E+00 yb173
   70 174  0.0000E+00  0.0000E+00 yb174
   70 176  0.0000E+00  0.0000E+00 yb176
   71 175  0.0000E+00  0.0000E+00 lu175
   71 176  0.0000E+00  0.0000E+00 lu176
   72 174  0.0000E+00  0.0000E+00 hf174
   72 176  0.0000E+00  0.0000E+00 hf176
   72 177  0.0000E+00  0.0000E+00 hf177
   72 178  0.0000E+00  0.0000E+00 hf178
   72 179  0.0000E+00  0.0000E+00 hf179
   72 180  0.0000E+00  0.0000E+00 hf180
   73 180  0.0000E+00  0.0000E+00 ta180
   73 181  0.0000E+00  0.0000E+00 ta181
   74 180  0.0000E+00  0.0000E+00 w180 
   74 182  0.0000E+00  0.0000E+00 w182 
   74 183  0.0000E+00  0.0000E+00 w183 
   74 184  0.0000E+00  0.0000E+00 w184 
   74 186  0.0000E+00  0.0000E+00 w186 
   75 185  0.0000E+00  0.0000E+00 re185
   75 187  0.0000E+00  0.0000E+00 re187
   76 184  0.0000E+00  0.0000E+00 os184
   76 186  0.0000E+00  0.0000E+00 os186
   76 187  0.0000E+00  0.0000E+00 os187
   76 188  0.0000E+00  0.0000E+00 os188
   76 189  0.0000E+00  0.0000E+00 os189
   76 190  0.0000E+00  0.0000E+00 os190
   76 192  0.0000E+00  0.0000E+00 os192
   77 191  0.0000E+00  0.0000E+00 ir191
   77 193  0.0000E+00  0.0000E+00 ir193
   78 190  0.0000E+00  0.0000E+00 pt190
   78 192  0.0000E+00  0.0000E+00 pt192
   78 194  0.0000E+00  0.0000E+00 pt194
   78 195  0.0000E+00  0.0000E+00 pt195
   78 196  0.0000E+00  0.0000E+00 pt196
   78 198  0.0000E+00  0.0000E+00 pt198
   79 197  0.0000E+00  0.0000E+00 au197
   80 196  0.0000E+00  0.0000E+00 hg196
   80 198  0.0000E+00  0.0000E+00 hg198
   80 199  0.0000E+00  0.0000E+00 hg199
   80 200  0.0000E+00  0.0000E+00 hg200
   80 201  0.0000E+00  0.0000E+00 hg201
   80 202  0.0000E+00  0.0000E+00 hg202
   80 204  0.0000E+00  0.0000E+00 hg204
   81 203  0.0000E+00  0.0000E+00 tl203
   81 205  0.0000E+00  0.0000E+00 tl205
   82 204  0.0000E+00  0.0000E+00 pb204
   82 206  0.0000E+00  0.0000E+00 pb206
   82 207  0.0000E+00  0.0000E+00 pb207
   82 208  0.0000E+00  0.0000E+00 pb208
   83 209  0.0000E+00  0.0000E+00 bi209
   90 232  0.0000E+00  0.0000E+00 th232
   92 235  0.0000E+00  0.0000E+00 u235 
   92 238  0.0000E+00  0.0000E+00 u238 
