                           time                     pos                     vel                    temp                     den                    pres                    ener                    entr                      cs
      1  1.0175522000000001E-04  0.0000000000000000E+00  0.0000000000000000E+00  4.303629E+08  8.495758E+08  3.872172E+26  1.163760E+18  6.064131E+07  7.824073E+08  1.371429E+01  2.022900E-26
      2  1.0175522001017553E-04  0.0000000000000000E+00  0.0000000000000000E+00  4.303629E+08  8.495758E+08  3.872172E+26  1.163760E+18  6.064131E+07  7.824073E+08  1.371429E+01  2.022900E-26
      3  1.0175522003052657E-04  0.0000000000000000E+00  0.0000000000000000E+00  4.303629E+08  8.495758E+08  3.872172E+26  1.163760E+18  6.064131E+07  7.824073E+08  1.371429E+01  2.022900E-26
      4  1.0175522007122866E-04  0.0000000000000000E+00  0.0000000000000000E+00  4.303629E+08  8.495758E+08  3.872172E+26  1.163760E+18  6.064131E+07  7.824073E+08  1.371429E+01  2.022900E-26
      5  1.0175522015263284E-04  0.0000000000000000E+00  0.0000000000000000E+00  4.303629E+08  8.495758E+08  3.872172E+26  1.163760E+18  6.064131E+07  7.824073E+08  1.371429E+01  2.022901E-26
      6  1.0175522031544119E-04  0.0000000000000000E+00  0.0000000000000000E+00  4.303629E+08  8.495758E+08  3.872172E+26  1.163760E+18  6.064131E+07  7.824073E+08  1.371429E+01  2.022901E-26
      7  1.0175522064105789E-04  0.0000000000000000E+00  0.0000000000000000E+00  4.303629E+08  8.495758E+08  3.872172E+26  1.163760E+18  6.064131E+07  7.824073E+08  1.371429E+01  2.022902E-26
      8  1.0175522129229130E-04  0.0000000000000000E+00  0.0000000000000000E+00  4.303629E+08  8.495758E+08  3.872172E+26  1.163760E+18  6.064131E+07  7.824073E+08  1.371429E+01  2.022904E-26
      9  1.0175522259475811E-04  0.0000000000000000E+00  0.0000000000000000E+00  4.303629E+08  8.495758E+08  3.872172E+26  1.163760E+18  6.064131E+07  7.824073E+08  1.371429E+01  2.022909E-26
     10  1.0175522519969174E-04  0.0000000000000000E+00  0.0000000000000000E+00  4.303629E+08  8.495758E+08  3.872172E+26  1.163760E+18  6.064131E+07  7.824073E+08  1.371429E+01  2.022918E-26
     11  1.0175523040955900E-04  0.0000000000000000E+00  0.0000000000000000E+00  4.303629E+08  8.495758E+08  3.872172E+26  1.163760E+18  6.064131E+07  7.824073E+08  1.371429E+01  2.022936E-26
     12  1.0175524082929354E-04  0.0000000000000000E+00  0.0000000000000000E+00  4.303629E+08  8.495758E+08  3.872172E+26  1.163760E+18  6.064131E+07  7.824073E+08  1.371429E+01  2.022971E-26
     13  1.0175526166876259E-04  0.0000000000000000E+00  0.0000000000000000E+00  4.303629E+08  8.495758E+08  3.872172E+26  1.163760E+18  6.064131E+07  7.824073E+08  1.371429E+01  2.023043E-26
     14  1.0175530334770070E-04  0.0000000000000000E+00  0.0000000000000000E+00  4.303629E+08  8.495758E+08  3.872172E+26  1.163760E+18  6.064131E+07  7.824073E+08  1.371429E+01  2.023185E-26
     15  1.0175538670557692E-04  0.0000000000000000E+00  0.0000000000000000E+00  4.303629E+08  8.495758E+08  3.872172E+26  1.163760E+18  6.064131E+07  7.824073E+08  1.371429E+01  2.023471E-26
     16  1.0175555342132937E-04  0.0000000000000000E+00  0.0000000000000000E+00  4.303629E+08  8.495758E+08  3.872172E+26  1.163760E+18  6.064131E+07  7.824073E+08  1.371429E+01  2.024042E-26
     17  1.0175588685283427E-04  0.0000000000000000E+00  0.0000000000000000E+00  4.303629E+08  8.495758E+08  3.872172E+26  1.163760E+18  6.064131E+07  7.824073E+08  1.371429E+01  2.025183E-26
     18  1.0175655371584406E-04  0.0000000000000000E+00  0.0000000000000000E+00  4.303629E+08  8.495758E+08  3.872172E+26  1.163760E+18  6.064131E+07  7.824073E+08  1.371429E+01  2.027466E-26
     19  1.0175788744186364E-04  0.0000000000000000E+00  0.0000000000000000E+00  4.303629E+08  8.495758E+08  3.872172E+26  1.163760E+18  6.064131E+07  7.824073E+08  1.371429E+01  2.032033E-26
     20  1.0176055489390281E-04  0.0000000000000000E+00  0.0000000000000000E+00  4.303629E+08  8.495758E+08  3.872172E+26  1.163760E+18  6.064131E+07  7.824073E+08  1.371429E+01  2.041167E-26
     21  1.0176588979798114E-04  0.0000000000000000E+00  0.0000000000000000E+00  4.303629E+08  8.495758E+08  3.872172E+26  1.163760E+18  6.064131E+07  7.824073E+08  1.371429E+01  2.059442E-26
     22  1.0177655960613782E-04  0.0000000000000000E+00  0.0000000000000000E+00  4.303629E+08  8.495758E+08  3.872172E+26  1.163760E+18  6.064131E+07  7.824073E+08  1.371429E+01  2.095993E-26
     23  1.0179789922245117E-04  0.0000000000000000E+00  0.0000000000000000E+00  4.303629E+08  8.495758E+08  3.872172E+26  1.163760E+18  6.064131E+07  7.824073E+08  1.371429E+01  2.168839E-26
     24  1.0184057845507785E-04  0.0000000000000000E+00  0.0000000000000000E+00  4.303629E+08  8.495758E+08  3.872172E+26  1.163760E+18  6.064131E+07  7.824073E+08  1.371429E+01  2.310816E-26
     25  1.0192593692033123E-04  0.0000000000000000E+00  0.0000000000000000E+00  4.303629E+08  8.495758E+08  3.872172E+26  1.163760E+18  6.064131E+07  7.824073E+08  1.371429E+01  2.572865E-26
     26  1.0209665385083798E-04  0.0000000000000000E+00  0.0000000000000000E+00  4.303629E+08  8.495757E+08  3.872172E+26  1.163760E+18  6.064131E+07  7.824073E+08  1.371429E+01  3.008657E-26
     27  1.0243808771185149E-04  0.0000000000000000E+00  0.0000000000000000E+00  4.303629E+08  8.495756E+08  3.872171E+26  1.163760E+18  6.064131E+07  7.824073E+08  1.371429E+01  3.646842E-26
     28  1.0312095543387850E-04  0.0000000000000000E+00  0.0000000000000000E+00  4.303629E+08  8.495754E+08  3.872170E+26  1.163760E+18  6.064131E+07  7.824073E+08  1.371429E+01  4.489598E-26
     29  1.0448669087793252E-04  0.0000000000000000E+00  0.0000000000000000E+00  4.303628E+08  8.495750E+08  3.872168E+26  1.163760E+18  6.064131E+07  7.824072E+08  1.371429E+01  5.522069E-26
     30  1.0721816176604055E-04  0.0000000000000000E+00  0.0000000000000000E+00  4.303627E+08  8.495743E+08  3.872163E+26  1.163760E+18  6.064131E+07  7.824071E+08  1.371429E+01  6.719820E-26
     31  1.1268110354225661E-04  0.0000000000000000E+00  0.0000000000000000E+00  4.303625E+08  8.495727E+08  3.872153E+26  1.163760E+18  6.064132E+07  7.824069E+08  1.371429E+01  8.049511E-26
     32  1.2360698709468874E-04  0.0000000000000000E+00  0.0000000000000000E+00  4.303621E+08  8.495696E+08  3.872135E+26  1.163760E+18  6.064134E+07  7.824064E+08  1.371429E+01  9.471929E-26
     33  1.4545875419955299E-04  0.0000000000000000E+00  0.0000000000000000E+00  4.303613E+08  8.495635E+08  3.872097E+26  1.163760E+18  6.064137E+07  7.824054E+08  1.371429E+01  1.095542E-25
     34  1.8916228840928150E-04  0.0000000000000000E+00  0.0000000000000000E+00  4.303598E+08  8.495511E+08  3.872021E+26  1.163760E+18  6.064143E+07  7.824035E+08  1.371429E+01  1.248103E-25
     35  2.7656935682873854E-04  0.0000000000000000E+00  0.0000000000000000E+00  4.303575E+08  8.495270E+08  3.871874E+26  1.163760E+18  6.064159E+07  7.823998E+08  1.371429E+01  1.404480E-25
     36  4.5138349366765263E-04  0.0000000000000000E+00  0.0000000000000000E+00  4.303557E+08  8.494807E+08  3.871590E+26  1.163760E+18  6.064199E+07  7.823926E+08  1.371429E+01  1.565779E-25
     37  8.0101176734548069E-04  0.0000000000000000E+00  0.0000000000000000E+00  4.303621E+08  8.493950E+08  3.871067E+26  1.163760E+18  6.064310E+07  7.823794E+08  1.371429E+01  1.734422E-25
     38  1.5002683147011370E-03  0.0000000000000000E+00  0.0000000000000000E+00  4.304128E+08  8.492536E+08  3.870206E+26  1.163760E+18  6.064648E+07  7.823580E+08  1.371429E+01  1.913121E-25
     39  2.8987814094124497E-03  0.0000000000000000E+00  0.0000000000000000E+00  4.199976E+08  8.489799E+08  3.867775E+26  1.163760E+18  6.024392E+07  7.822299E+08  1.371429E+01  2.090989E-25
     40  5.6958075988350742E-03  0.0000000000000000E+00  0.0000000000000000E+00  4.203163E+08  8.499007E+08  3.873427E+26  1.163760E+18  6.024717E+07  7.823748E+08  1.371429E+01  2.288136E-25
     41  1.1289859977680325E-02  0.0000000000000000E+00  0.0000000000000000E+00  4.203076E+08  8.500142E+08  3.874120E+26  1.163760E+18  6.024569E+07  7.823922E+08  1.371429E+01  2.494947E-25
     42  2.1289859754162907E-02  0.0000000000000000E+00  0.0000000000000000E+00  4.203104E+08  8.500714E+08  3.874470E+26  1.163760E+18  6.024522E+07  7.824011E+08  1.371429E+01  2.705733E-25
     43  3.1289859530645489E-02  0.0000000000000000E+00  0.0000000000000000E+00  4.202160E+08  8.502496E+08  3.875553E+26  1.163760E+18  6.023971E+07  7.824278E+08  1.371429E+01  2.913706E-25
     44  4.1289859307128071E-02  0.0000000000000000E+00  0.0000000000000000E+00  4.200230E+08  8.506175E+08  3.877788E+26  1.163760E+18  6.022842E+07  7.824830E+08  1.371429E+01  3.120109E-25
     45  5.1289859083610653E-02  0.0000000000000000E+00  0.0000000000000000E+00  4.191824E+08  8.502637E+08  3.875564E+26  1.163760E+18  6.019889E+07  7.824215E+08  1.371429E+01  3.325272E-25
     46  6.1289858860093235E-02  0.0000000000000000E+00  0.0000000000000000E+00  4.179623E+08  8.493151E+08  3.869676E+26  1.163760E+18  6.016032E+07  7.822650E+08  1.371429E+01  3.528042E-25
     47  7.1289858636575817E-02  0.0000000000000000E+00  0.0000000000000000E+00  4.178560E+08  8.490656E+08  3.868144E+26  1.163760E+18  6.015863E+07  7.822255E+08  1.371429E+01  3.731715E-25
     48  8.1289858413058400E-02  0.0000000000000000E+00  0.0000000000000000E+00  4.174899E+08  8.485364E+08  3.864884E+26  1.163760E+18  6.014950E+07  7.821407E+08  1.371429E+01  3.934763E-25
     49  9.1289858189540982E-02  0.0000000000000000E+00  0.0000000000000000E+00  4.170804E+08  8.483471E+08  3.863697E+26  1.163760E+18  6.013520E+07  7.821080E+08  1.371429E+01  4.137229E-25
     50  1.0128985796602356E-01  0.0000000000000000E+00  0.0000000000000000E+00  4.165857E+08  8.480624E+08  3.861922E+26  1.163760E+18  6.011849E+07  7.820599E+08  1.371429E+01  4.339034E-25
     51  1.1128985774250615E-01  0.0000000000000000E+00  0.0000000000000000E+00  4.159627E+08  8.476707E+08  3.859485E+26  1.163760E+18  6.009774E+07  7.819942E+08  1.371429E+01  4.540370E-25
     52  1.2128985751898873E-01  0.0000000000000000E+00  0.0000000000000000E+00  4.151321E+08  8.468245E+08  3.854256E+26  1.163760E+18  6.007331E+07  7.818563E+08  1.371429E+01  4.741164E-25
     53  1.3128985729547132E-01  0.0000000000000000E+00  0.0000000000000000E+00  4.143621E+08  8.453623E+08  3.845276E+26  1.163760E+18  6.005746E+07  7.816233E+08  1.371429E+01  4.941089E-25
     54  1.4128985707195391E-01  0.0000000000000000E+00  0.0000000000000000E+00  4.143601E+08  8.480362E+08  3.861601E+26  1.163760E+18  6.003038E+07  7.820376E+08  1.371429E+01  5.142291E-25
     55  1.5128985684843649E-01  0.0000000000000000E+00  0.0000000000000000E+00  4.129952E+08  8.460520E+08  3.849386E+26  1.163760E+18  5.999600E+07  7.817190E+08  1.371429E+01  5.341114E-25
     56  1.6128985662491907E-01  0.0000000000000000E+00  0.0000000000000000E+00  4.120645E+08  8.454940E+08  3.845914E+26  1.163760E+18  5.996445E+07  7.816248E+08  1.371429E+01  5.539976E-25
     57  1.7128985640140165E-01  0.0000000000000000E+00  0.0000000000000000E+00  4.108394E+08  8.448072E+08  3.841635E+26  1.163760E+18  5.992232E+07  7.815082E+08  1.371429E+01  5.738212E-25
     58  1.8128985617788423E-01  0.0000000000000000E+00  0.0000000000000000E+00  4.093763E+08  8.434017E+08  3.832958E+26  1.163760E+18  5.987777E+07  7.812778E+08  1.371429E+01  5.935464E-25
     59  1.9128985595436682E-01  0.0000000000000000E+00  0.0000000000000000E+00  4.082086E+08  8.435032E+08  3.833493E+26  1.163760E+18  5.982970E+07  7.812840E+08  1.371429E+01  6.132636E-25
     60  2.0128985573084940E-01  0.0000000000000000E+00  0.0000000000000000E+00  4.062493E+08  8.424468E+08  3.826912E+26  1.163760E+18  5.976121E+07  7.811035E+08  1.371429E+01  6.328179E-25
     61  2.1128985550733198E-01  0.0000000000000000E+00  0.0000000000000000E+00  4.040737E+08  8.412636E+08  3.819548E+26  1.163760E+18  5.968486E+07  7.809014E+08  1.371429E+01  6.522718E-25
     62  2.2128985528381456E-01  0.0000000000000000E+00  0.0000000000000000E+00  4.016647E+08  8.399750E+08  3.811528E+26  1.163760E+18  5.959963E+07  7.806807E+08  1.371429E+01  6.716094E-25
     63  2.3128985506029714E-01  0.0000000000000000E+00  0.0000000000000000E+00  3.988889E+08  8.386181E+08  3.803072E+26  1.163760E+18  5.949948E+07  7.804460E+08  1.371429E+01  6.914418E-25
     64  2.4128985483677973E-01  0.0000000000000000E+00  0.0000000000000000E+00  3.958113E+08  8.370382E+08  3.793243E+26  1.163760E+18  5.938840E+07  7.801737E+08  1.371429E+01  7.109628E-25
     65  2.5128985461326231E-01  0.0000000000000000E+00  0.0000000000000000E+00  3.923105E+08  8.349905E+08  3.780549E+26  1.163760E+18  5.926356E+07  7.798241E+08  1.371429E+01  7.299911E-25
     66  2.6128985438974489E-01  0.0000000000000000E+00  0.0000000000000000E+00  3.884769E+08  8.327994E+08  3.766973E+26  1.163760E+18  5.912501E+07  7.794486E+08  1.371429E+01  7.487200E-25
     67  2.7128985416622747E-01  0.0000000000000000E+00  0.0000000000000000E+00  3.844794E+08  8.309206E+08  3.755293E+26  1.163760E+18  5.897491E+07  7.791202E+08  1.371429E+01  7.672256E-25
     68  2.8128985394271006E-01  0.0000000000000000E+00  0.0000000000000000E+00  3.876100E+08  8.272586E+08  3.733324E+26  1.163760E+18  5.914524E+07  7.785683E+08  1.371429E+01  7.860761E-25
     69  2.9128985371919264E-01  0.0000000000000000E+00  0.0000000000000000E+00  3.935668E+08  8.235296E+08  3.711179E+26  1.163760E+18  5.943375E+07  7.780269E+08  1.371429E+01  8.057150E-25
     70  3.0128985349567522E-01  0.0000000000000000E+00  0.0000000000000000E+00  4.005208E+08  8.226151E+08  3.706139E+26  1.163760E+18  5.973094E+07  7.779392E+08  1.371429E+01  8.259612E-25
     71  3.1128985327215780E-01  0.0000000000000000E+00  0.0000000000000000E+00  4.066282E+08  8.169433E+08  3.672321E+26  1.163760E+18  6.003916E+07  7.770866E+08  1.371429E+01  8.463221E-25
     72  3.2128985304864038E-01  0.0000000000000000E+00  0.0000000000000000E+00  4.137764E+08  8.099336E+08  3.630601E+26  1.163760E+18  6.040044E+07  7.760226E+08  1.371429E+01  8.669860E-25
     73  3.3128985282512297E-01  0.0000000000000000E+00  0.0000000000000000E+00  4.226098E+08  8.069915E+08  3.613529E+26  1.163760E+18  6.078116E+07  7.756221E+08  1.371429E+01  8.882004E-25
     74  3.4128985260160555E-01  0.0000000000000000E+00  0.0000000000000000E+00  4.308930E+08  8.017923E+08  3.582898E+26  1.163760E+18  6.115882E+07  7.748503E+08  1.371429E+01  9.097927E-25
     75  3.5128985237808813E-01  0.0000000000000000E+00  0.0000000000000000E+00  4.383611E+08  7.912392E+08  3.520279E+26  1.163760E+18  6.155888E+07  7.731923E+08  1.371429E+01  9.315596E-25
     76  3.6128985215457071E-01  0.0000000000000000E+00  0.0000000000000000E+00  4.243707E+08  7.841200E+08  3.476905E+26  1.163760E+18  6.109695E+07  7.719039E+08  1.371429E+01  9.511408E-25
     77  3.7128985193105329E-01  0.0000000000000000E+00  0.0000000000000000E+00  4.102161E+08  7.770221E+08  3.433795E+26  1.163760E+18  6.061287E+07  7.706086E+08  1.371429E+01  9.700132E-25
     78  3.8128985170753588E-01  0.0000000000000000E+00  0.0000000000000000E+00  3.958498E+08  7.661510E+08  3.368538E+26  1.163760E+18  6.014512E+07  7.686679E+08  1.371429E+01  9.882977E-25
     79  3.9128985148401846E-01  0.0000000000000000E+00  0.0000000000000000E+00  3.957507E+08  7.554147E+08  3.305327E+26  1.163760E+18  6.026160E+07  7.668476E+08  1.371429E+01  1.006455E-24
     80  4.0128985126050104E-01  0.0000000000000000E+00  0.0000000000000000E+00  4.104183E+08  7.383726E+08  3.206546E+26  1.163760E+18  6.105846E+07  7.640379E+08  1.371429E+01  1.027574E-24
     81  4.1128985103698362E-01  0.0000000000000000E+00  0.0000000000000000E+00  4.336671E+08  7.218844E+08  3.112238E+26  1.163760E+18  6.217018E+07  7.613428E+08  1.371429E+01  1.050708E-24
     82  4.2128985081346620E-01  0.0000000000000000E+00  0.0000000000000000E+00  3.552653E+08  7.085739E+08  3.030690E+26  1.163760E+18  5.903743E+07  7.583014E+08  1.371429E+01  1.070110E-24
     83  4.3128985058994879E-01  0.0000000000000000E+00  0.0000000000000000E+00  1.729185E+08  6.925884E+08  2.928615E+26  1.163760E+18  4.769820E+07  7.538576E+08  1.371429E+01  1.080690E-24
     84  4.4128985036643137E-01  0.0000000000000000E+00  0.0000000000000000E+00  2.642694E+07  6.709617E+08  2.797789E+26  1.163760E+18  1.506527E+07  7.485393E+08  1.371429E+01  1.094153E-24
     85  4.5128985014291395E-01  0.0000000000000000E+00  0.0000000000000000E+00  2.458978E+08  6.438022E+08  2.658569E+26  1.163760E+18  5.391821E+07  7.452243E+08  1.371429E+01  4.089791E-24
     86  4.5128985114291392E-01  0.0000000000000000E+00  0.0000000000000000E+00  2.458978E+08  6.438022E+08  2.658569E+26  1.163760E+18  5.391821E+07  7.452243E+08  1.371429E+01  4.089785E-24
     87  4.5128985314291387E-01  0.0000000000000000E+00  0.0000000000000000E+00  2.458978E+08  6.438022E+08  2.658569E+26  1.163760E+18  5.391822E+07  7.452243E+08  1.371429E+01  4.089774E-24
     88  4.5128985714291375E-01  0.0000000000000000E+00  0.0000000000000000E+00  2.458978E+08  6.438021E+08  2.658568E+26  1.163760E+18  5.391822E+07  7.452243E+08  1.371429E+01  4.089752E-24
     89  4.5128986514291358E-01  0.0000000000000000E+00  0.0000000000000000E+00  2.458979E+08  6.438021E+08  2.658568E+26  1.163760E+18  5.391823E+07  7.452243E+08  1.371429E+01  4.089711E-24
     90  4.5128988114291324E-01  0.0000000000000000E+00  0.0000000000000000E+00  2.458981E+08  6.438021E+08  2.658568E+26  1.163760E+18  5.391824E+07  7.452243E+08  1.371429E+01  4.089633E-24
     91  4.5128991314291250E-01  0.0000000000000000E+00  0.0000000000000000E+00  2.458985E+08  6.438020E+08  2.658567E+26  1.163760E+18  5.391826E+07  7.452243E+08  1.371429E+01  4.089499E-24
     92  4.5128997714291108E-01  0.0000000000000000E+00  0.0000000000000000E+00  2.458991E+08  6.438018E+08  2.658566E+26  1.163760E+18  5.391831E+07  7.452242E+08  1.371429E+01  4.089306E-24
     93  4.5129010514290824E-01  0.0000000000000000E+00  0.0000000000000000E+00  2.459005E+08  6.438014E+08  2.658564E+26  1.163760E+18  5.391840E+07  7.452242E+08  1.371429E+01  4.089129E-24
     94  4.5129036114290250E-01  0.0000000000000000E+00  0.0000000000000000E+00  2.459033E+08  6.438005E+08  2.658560E+26  1.163760E+18  5.391859E+07  7.452240E+08  1.371429E+01  4.089208E-24
     95  4.5129087314289107E-01  0.0000000000000000E+00  0.0000000000000000E+00  2.459088E+08  6.437989E+08  2.658551E+26  1.163760E+18  5.391897E+07  7.452238E+08  1.371429E+01  4.089838E-24
     96  4.5129189714286816E-01  0.0000000000000000E+00  0.0000000000000000E+00  2.459199E+08  6.437956E+08  2.658534E+26  1.163760E+18  5.391974E+07  7.452232E+08  1.371429E+01  4.091658E-24
     97  4.5129394514282239E-01  0.0000000000000000E+00  0.0000000000000000E+00  2.459421E+08  6.437891E+08  2.658499E+26  1.163760E+18  5.392126E+07  7.452221E+08  1.371429E+01  4.095302E-24
     98  4.5129804114273087E-01  0.0000000000000000E+00  0.0000000000000000E+00  2.459863E+08  6.437761E+08  2.658429E+26  1.163760E+18  5.392430E+07  7.452200E+08  1.371429E+01  4.100986E-24
     99  4.5130623314254775E-01  0.0000000000000000E+00  0.0000000000000000E+00  2.460749E+08  6.437500E+08  2.658288E+26  1.163760E+18  5.393039E+07  7.452156E+08  1.371429E+01  4.108947E-24
    100  4.5132261714218153E-01  0.0000000000000000E+00  0.0000000000000000E+00  2.462521E+08  6.436978E+08  2.658008E+26  1.163760E+18  5.394255E+07  7.452069E+08  1.371429E+01  4.119028E-24
    101  4.5135538514144913E-01  0.0000000000000000E+00  0.0000000000000000E+00  2.466064E+08  6.435935E+08  2.657448E+26  1.163760E+18  5.396686E+07  7.451895E+08  1.371429E+01  4.130882E-24
    102  4.5142092113998428E-01  0.0000000000000000E+00  0.0000000000000000E+00  2.473151E+08  6.433848E+08  2.656328E+26  1.163760E+18  5.401538E+07  7.451548E+08  1.371429E+01  4.144129E-24
    103  4.5155199313705457E-01  0.0000000000000000E+00  0.0000000000000000E+00  2.487324E+08  6.429674E+08  2.654088E+26  1.163760E+18  5.411204E+07  7.450852E+08  1.371429E+01  4.158391E-24
    104  4.5181413713119523E-01  0.0000000000000000E+00  0.0000000000000000E+00  2.440690E+08  6.421313E+08  2.649199E+26  1.163760E+18  5.382083E+07  7.448817E+08  1.371429E+01  4.173122E-24
    105  4.5233842511947647E-01  0.0000000000000000E+00  0.0000000000000000E+00  2.216298E+08  6.404567E+08  2.638713E+26  1.163760E+18  5.230554E+07  7.443619E+08  1.371429E+01  4.185833E-24
    106  4.5338700109603897E-01  0.0000000000000000E+00  0.0000000000000000E+00  1.236139E+08  6.375791E+08  2.617550E+26  1.163760E+18  4.299539E+07  7.429559E+08  1.371429E+01  4.194453E-24
    107  4.5548415304916395E-01  0.0000000000000000E+00  0.0000000000000000E+00  6.243100E+07  6.312120E+08  2.579120E+26  1.163760E+18  3.163004E+07  7.411554E+08  1.371429E+01  4.195496E-24
    108  4.5548415346859433E-01  0.0000000000000000E+00  0.0000000000000000E+00  6.243106E+07  6.312120E+08  2.579120E+26  1.163760E+18  3.163006E+07  7.411554E+08  1.371429E+01  4.195496E-24
    109  4.5548415430745509E-01  0.0000000000000000E+00  0.0000000000000000E+00  6.243119E+07  6.312120E+08  2.579120E+26  1.163760E+18  3.163009E+07  7.411554E+08  1.371429E+01  4.195496E-24
    110  4.5548415598517666E-01  0.0000000000000000E+00  0.0000000000000000E+00  6.243143E+07  6.312120E+08  2.579120E+26  1.163760E+18  3.163016E+07  7.411554E+08  1.371429E+01  4.195496E-24
    111  4.5548415934061981E-01  0.0000000000000000E+00  0.0000000000000000E+00  6.243192E+07  6.312120E+08  2.579120E+26  1.163760E+18  3.163030E+07  7.411554E+08  1.371429E+01  4.195496E-24
    112  4.5548416605150605E-01  0.0000000000000000E+00  0.0000000000000000E+00  6.243290E+07  6.312120E+08  2.579120E+26  1.163760E+18  3.163057E+07  7.411554E+08  1.371429E+01  4.195496E-24
    113  4.5548417947327857E-01  0.0000000000000000E+00  0.0000000000000000E+00  6.243487E+07  6.312120E+08  2.579120E+26  1.163760E+18  3.163112E+07  7.411554E+08  1.371429E+01  4.195496E-24
    114  4.5548420631682357E-01  0.0000000000000000E+00  0.0000000000000000E+00  6.243880E+07  6.312119E+08  2.579120E+26  1.163760E+18  3.163222E+07  7.411554E+08  1.371429E+01  4.195496E-24
    115  4.5548426000391357E-01  0.0000000000000000E+00  0.0000000000000000E+00  6.244665E+07  6.312117E+08  2.579119E+26  1.163760E+18  3.163441E+07  7.411554E+08  1.371429E+01  4.195496E-24
    116  4.5548436737809356E-01  0.0000000000000000E+00  0.0000000000000000E+00  6.246236E+07  6.312113E+08  2.579118E+26  1.163760E+18  3.163880E+07  7.411555E+08  1.371429E+01  4.195496E-24
    117  4.5548458212645354E-01  0.0000000000000000E+00  0.0000000000000000E+00  6.249377E+07  6.312106E+08  2.579116E+26  1.163760E+18  3.164757E+07  7.411556E+08  1.371429E+01  4.195496E-24
    118  4.5548501162317356E-01  0.0000000000000000E+00  0.0000000000000000E+00  6.255660E+07  6.312091E+08  2.579111E+26  1.163760E+18  3.166510E+07  7.411559E+08  1.371429E+01  4.195496E-24
    119  4.5548587061661355E-01  0.0000000000000000E+00  0.0000000000000000E+00  6.268227E+07  6.312062E+08  2.579102E+26  1.163760E+18  3.170010E+07  7.411565E+08  1.371429E+01  4.195496E-24
    120  4.5548758860349353E-01  0.0000000000000000E+00  0.0000000000000000E+00  6.293359E+07  6.312004E+08  2.579084E+26  1.163760E+18  3.176985E+07  7.411576E+08  1.371429E+01  4.195495E-24
    121  4.5549102457725354E-01  0.0000000000000000E+00  0.0000000000000000E+00  6.343624E+07  6.311887E+08  2.579048E+26  1.163760E+18  3.190843E+07  7.411598E+08  1.371429E+01  4.195495E-24
    122  4.5549789652477357E-01  0.0000000000000000E+00  0.0000000000000000E+00  6.444153E+07  6.311654E+08  2.578976E+26  1.163760E+18  3.218190E+07  7.411642E+08  1.371429E+01  4.195494E-24
    123  4.5551164041981357E-01  0.0000000000000000E+00  0.0000000000000000E+00  6.645212E+07  6.311188E+08  2.578831E+26  1.163760E+18  3.271467E+07  7.411730E+08  1.371429E+01  4.195493E-24
    124  4.5553912820989356E-01  0.0000000000000000E+00  0.0000000000000000E+00  7.047331E+07  6.310256E+08  2.578542E+26  1.163760E+18  3.372778E+07  7.411904E+08  1.371429E+01  4.195493E-24
    125  4.5559410379005355E-01  0.0000000000000000E+00  0.0000000000000000E+00  7.851567E+07  6.308392E+08  2.577959E+26  1.163760E+18  3.557255E+07  7.412249E+08  1.371429E+01  4.195517E-24
    126  4.5570405495037353E-01  0.0000000000000000E+00  0.0000000000000000E+00  9.460040E+07  6.304663E+08  2.576783E+26  1.163760E+18  3.870222E+07  7.412926E+08  1.371429E+01  4.196030E-24
    127  4.5592395727101354E-01  0.0000000000000000E+00  0.0000000000000000E+00  1.267699E+08  6.297206E+08  2.574404E+26  1.163760E+18  4.350888E+07  7.414241E+08  1.371429E+01  4.202132E-24
    128  4.5596793773514155E-01  0.0000000000000000E+00  0.0000000000000000E+00  1.880076E+08  6.296210E+08  2.577089E+26  1.163760E+18  4.982886E+07  7.419309E+08  1.371429E+01  4.208368E-24
    129  4.5605589866339757E-01  0.0000000000000000E+00  0.0000000000000000E+00  3.775982E+08  6.294826E+08  2.586380E+26  1.163760E+18  6.104720E+07  7.435308E+08  1.371429E+01  4.364972E-24
    130  4.5623182051990957E-01  0.0000000000000000E+00  0.0000000000000000E+00  7.567793E+08  6.292057E+08  2.606357E+26  1.163760E+18  7.333352E+07  7.468843E+08  1.371429E+01  4.549699E-24
    131  4.5623192064780838E-01  0.0000000000000000E+00  0.0000000000000000E+00  7.569951E+08  6.292055E+08  2.606369E+26  1.163760E+18  7.333903E+07  7.468863E+08  1.371429E+01  4.560857E-24
    132  4.5623212090360599E-01  0.0000000000000000E+00  0.0000000000000000E+00  7.574268E+08  6.292052E+08  2.606393E+26  1.163760E+18  7.335004E+07  7.468902E+08  1.371429E+01  4.574100E-24
    133  4.5623252141520121E-01  0.0000000000000000E+00  0.0000000000000000E+00  7.582900E+08  6.292046E+08  2.606442E+26  1.163760E+18  7.337206E+07  7.468982E+08  1.371429E+01  4.589100E-24
    134  4.5623332243839160E-01  0.0000000000000000E+00  0.0000000000000000E+00  7.600166E+08  6.292033E+08  2.606538E+26  1.163760E+18  7.341603E+07  7.469141E+08  1.371429E+01  4.605739E-24
    135  4.5623492448477243E-01  0.0000000000000000E+00  0.0000000000000000E+00  7.634696E+08  6.292008E+08  2.606731E+26  1.163760E+18  7.350378E+07  7.469460E+08  1.371429E+01  4.624102E-24
    136  4.5623812857753410E-01  0.0000000000000000E+00  0.0000000000000000E+00  7.703757E+08  6.291957E+08  2.607118E+26  1.163760E+18  7.367848E+07  7.470099E+08  1.371429E+01  4.644458E-24
    137  4.5624453676305737E-01  0.0000000000000000E+00  0.0000000000000000E+00  7.841879E+08  6.291856E+08  2.607895E+26  1.163760E+18  7.402479E+07  7.471379E+08  1.371429E+01  4.667391E-24
    138  4.5625735313410393E-01  0.0000000000000000E+00  0.0000000000000000E+00  8.118122E+08  6.291655E+08  2.609458E+26  1.163760E+18  7.470557E+07  7.473952E+08  1.371429E+01  4.693986E-24
    139  4.5628298587619709E-01  0.0000000000000000E+00  0.0000000000000000E+00  8.670609E+08  6.291251E+08  2.612627E+26  1.163760E+18  7.602360E+07  7.479151E+08  1.371429E+01  4.726692E-24
    140  4.5633425136038341E-01  0.0000000000000000E+00  0.0000000000000000E+00  9.775583E+08  6.290444E+08  2.619135E+26  1.163760E+18  7.851111E+07  7.489763E+08  1.371429E+01  5.381730E-24
    141  4.5634450445722069E-01  0.0000000000000000E+00  0.0000000000000000E+00  9.996578E+08  6.290283E+08  2.620464E+26  1.163760E+18  7.898812E+07  7.491921E+08  1.371429E+01  5.482533E-24
    142  4.5636501065089524E-01  0.0000000000000000E+00  0.0000000000000000E+00  1.043857E+09  6.289960E+08  2.623151E+26  1.163760E+18  7.992416E+07  7.496271E+08  1.371429E+01  5.599093E-24
    143  4.5640602303824429E-01  0.0000000000000000E+00  0.0000000000000000E+00  1.132255E+09  6.289315E+08  2.628638E+26  1.163761E+18  8.173147E+07  7.505115E+08  1.371432E+01  5.800579E-24
    144  4.5641422551571409E-01  0.0000000000000000E+00  0.0000000000000000E+00  1.149934E+09  6.289186E+08  2.629754E+26  1.163762E+18  8.208353E+07  7.506907E+08  1.371434E+01  5.912641E-24
    145  4.5643063047065369E-01  0.0000000000000000E+00  0.0000000000000000E+00  1.185293E+09  6.288927E+08  2.632003E+26  1.163764E+18  8.277898E+07  7.510514E+08  1.371440E+01  6.035863E-24
    146  4.5646344038053294E-01  0.0000000000000000E+00  0.0000000000000000E+00  1.256012E+09  6.288411E+08  2.636575E+26  1.163775E+18  8.413721E+07  7.517821E+08  1.371473E+01  6.175844E-24
    147  4.5647000236250879E-01  0.0000000000000000E+00  0.0000000000000000E+00  1.270155E+09  6.288308E+08  2.637501E+26  1.163780E+18  8.440383E+07  7.519297E+08  1.371486E+01  6.292030E-24
    148  4.5648312632646049E-01  0.0000000000000000E+00  0.0000000000000000E+00  1.298443E+09  6.288101E+08  2.639364E+26  1.163794E+18  8.493214E+07  7.522263E+08  1.371524E+01  6.413587E-24
    149  4.5648575111925083E-01  0.0000000000000000E+00  0.0000000000000000E+00  1.304100E+09  6.288060E+08  2.639738E+26  1.163798E+18  8.503701E+07  7.522859E+08  1.371534E+01  6.524590E-24
    150  4.5649100070483151E-01  0.0000000000000000E+00  0.0000000000000000E+00  1.315415E+09  6.287977E+08  2.640488E+26  1.163806E+18  8.524593E+07  7.524052E+08  1.371557E+01  6.640409E-24
    151  4.5650149987599287E-01  0.0000000000000000E+00  0.0000000000000000E+00  1.338045E+09  6.287812E+08  2.641996E+26  1.163830E+18  8.566049E+07  7.526446E+08  1.371617E+01  6.759037E-24
    152  4.5652249821831559E-01  0.0000000000000000E+00  0.0000000000000000E+00  1.383305E+09  6.287482E+08  2.645036E+26  1.163921E+18  8.647555E+07  7.531266E+08  1.371828E+01  7.470555E-24
    153  4.5655544880533788E-01  0.0000000000000000E+00  0.0000000000000000E+00  1.454326E+09  6.286963E+08  2.649859E+26  1.164360E+18  8.770774E+07  7.538886E+08  1.372641E+01  9.189435E-24
    154  4.5656043093335774E-01  0.0000000000000000E+00  0.0000000000000000E+00  1.465065E+09  6.286885E+08  2.650591E+26  1.164482E+18  8.788753E+07  7.540040E+08  1.372854E+01  1.064350E-23
    155  4.5656986493354867E-01  0.0000000000000000E+00  0.0000000000000000E+00  1.485399E+09  6.286736E+08  2.651977E+26  1.164769E+18  8.822181E+07  7.542223E+08  1.373356E+01  1.084418E-23
    156  4.5658873293393054E-01  0.0000000000000000E+00  0.0000000000000000E+00  1.526067E+09  6.286439E+08  2.654739E+26  1.165646E+18  8.886007E+07  7.546564E+08  1.374891E+01  1.245752E-23
    157  4.5661530731473920E-01  0.0000000000000000E+00  0.0000000000000000E+00  1.583345E+09  6.286021E+08  2.658549E+26  1.167997E+18  8.965685E+07  7.552537E+08  1.379026E+01  1.630073E-23
    158  4.5661764365680924E-01  0.0000000000000000E+00  0.0000000000000000E+00  1.588381E+09  6.285984E+08  2.658876E+26  1.168294E+18  8.971895E+07  7.553048E+08  1.379551E+01  1.693329E-23
    159  4.5662154785557918E-01  0.0000000000000000E+00  0.0000000000000000E+00  1.596796E+09  6.285923E+08  2.659418E+26  1.168833E+18  8.981914E+07  7.553896E+08  1.380503E+01  1.700533E-23
    160  4.5662935625311907E-01  0.0000000000000000E+00  0.0000000000000000E+00  1.613626E+09  6.285800E+08  2.660485E+26  1.170086E+18  9.000475E+07  7.555563E+08  1.382719E+01  1.704030E-23
    161  4.5664497304819890E-01  0.0000000000000000E+00  0.0000000000000000E+00  1.647286E+09  6.285554E+08  2.662529E+26  1.173436E+18  9.030508E+07  7.558749E+08  1.388673E+01  1.727044E-23
    162  4.5664809640721488E-01  0.0000000000000000E+00  0.0000000000000000E+00  1.654018E+09  6.285505E+08  2.662920E+26  1.174266E+18  9.035180E+07  7.559357E+08  1.390155E+01  1.757386E-23
    163  4.5665258224165817E-01  0.0000000000000000E+00  0.0000000000000000E+00  1.663687E+09  6.285434E+08  2.663470E+26  1.175567E+18  9.041003E+07  7.560211E+08  1.392480E+01  1.769568E-23
    164  4.5666155391054480E-01  0.0000000000000000E+00  0.0000000000000000E+00  1.683025E+09  6.285293E+08  2.664520E+26  1.178587E+18  9.049221E+07  7.561840E+08  1.397897E+01  1.801544E-23
    165  4.5667949724831808E-01  0.0000000000000000E+00  0.0000000000000000E+00  1.721700E+09  6.285010E+08  2.666388E+26  1.186581E+18  9.049808E+07  7.564725E+08  1.412362E+01  1.891408E-23
    166  4.5670782794998988E-01  0.0000000000000000E+00  0.0000000000000000E+00  1.782764E+09  6.284565E+08  2.668544E+26  1.205593E+18  8.999675E+07  7.568015E+08  1.447516E+01  4.611507E-23
    167  4.5671048313551765E-01  0.0000000000000000E+00  0.0000000000000000E+00  1.788486E+09  6.284523E+08  2.668691E+26  1.207809E+18  8.991571E+07  7.568235E+08  1.451681E+01  6.479389E-23
    168  4.5671389751489511E-01  0.0000000000000000E+00  0.0000000000000000E+00  1.795846E+09  6.284469E+08  2.668865E+26  1.210769E+18  8.980302E+07  7.568496E+08  1.457264E+01  1.054051E-22
    169  4.5672072627365001E-01  0.0000000000000000E+00  0.0000000000000000E+00  1.810565E+09  6.284362E+08  2.669168E+26  1.217048E+18  8.955023E+07  7.568945E+08  1.469191E+01  3.437754E-22
    170  4.5673438379115983E-01  0.0000000000000000E+00  0.0000000000000000E+00  1.840002E+09  6.284147E+08  2.669601E+26  1.230925E+18  8.894552E+07  7.569568E+08  1.495948E+01  4.574485E-21
    171  4.5675670330593265E-01  0.0000000000000000E+00  0.0000000000000000E+00  1.888109E+09  6.283795E+08  2.669927E+26  1.256349E+18  8.775382E+07  7.569985E+08  1.546599E+01  2.315802E-19
    172  4.5675899951302990E-01  0.0000000000000000E+00  0.0000000000000000E+00  1.893058E+09  6.283759E+08  2.669943E+26  1.259077E+18  8.762328E+07  7.570001E+08  1.552164E+01  3.363494E-19
    173  4.5676186836224497E-01  0.0000000000000000E+00  0.0000000000000000E+00  1.899242E+09  6.283714E+08  2.669962E+26  1.262498E+18  8.745945E+07  7.570017E+08  1.559179E+01  5.281656E-19
    174  4.5676760606067518E-01  0.0000000000000000E+00  0.0000000000000000E+00  1.911609E+09  6.283624E+08  2.669994E+26  1.269354E+18  8.713114E+07  7.570043E+08  1.573368E+01  1.259593E-18
    175  4.5677908145753554E-01  0.0000000000000000E+00  0.0000000000000000E+00  1.936343E+09  6.283443E+08  2.670061E+26  1.282953E+18  8.648477E+07  7.570101E+08  1.602032E+01  6.288352E-18
    176  4.5679954801409667E-01  0.0000000000000000E+00  0.0000000000000000E+00  1.994956E+09  6.281527E+08  2.670486E+26  1.306367E+18  8.561522E+07  7.571676E+08  1.653123E+01  7.179251E-17
    177  4.5680149200511833E-01  0.0000000000000000E+00  0.0000000000000000E+00  2.002931E+09  6.281081E+08  2.670550E+26  1.308693E+18  8.556056E+07  7.572027E+08  1.658331E+01  9.055752E-17
    178  4.5680344662451938E-01  0.0000000000000000E+00  0.0000000000000000E+00  2.010949E+09  6.280632E+08  2.670609E+26  1.311061E+18  8.550356E+07  7.572373E+08  1.663649E+01  1.146511E-16
    179  4.5680735586332155E-01  0.0000000000000000E+00  0.0000000000000000E+00  2.026985E+09  6.279734E+08  2.670722E+26  1.315848E+18  8.538545E+07  7.573053E+08  1.674470E+01  1.830226E-16
    180  4.5681517434092583E-01  0.0000000000000000E+00  0.0000000000000000E+00  2.059058E+09  6.277938E+08  2.670942E+26  1.325426E+18  8.514735E+07  7.574405E+08  1.696423E+01  4.478531E-16
    181  4.5682321402686876E-01  0.0000000000000000E+00  0.0000000000000000E+00  2.092038E+09  6.276091E+08  2.671214E+26  1.334905E+18  8.492746E+07  7.575864E+08  1.718561E+01  1.030180E-15
    182  4.5683708631922670E-01  0.0000000000000000E+00  0.0000000000000000E+00  2.148944E+09  6.272905E+08  2.671941E+26  1.349340E+18  8.468348E+07  7.578773E+08  1.753103E+01  3.348785E-15
    183  4.5684995297058539E-01  0.0000000000000000E+00  0.0000000000000000E+00  2.201725E+09  6.269950E+08  2.673014E+26  1.359891E+18  8.465996E+07  7.582088E+08  1.778968E+01  7.383567E-15
    184  4.5686756936872153E-01  0.0000000000000000E+00  0.0000000000000000E+00  2.273991E+09  6.265903E+08  2.675132E+26  1.370000E+18  8.493742E+07  7.587618E+08  1.804209E+01  1.504810E-14
    185  4.5688386391736591E-01  0.0000000000000000E+00  0.0000000000000000E+00  2.340834E+09  6.262160E+08  2.677645E+26  1.375883E+18  8.544000E+07  7.593583E+08  1.819059E+01  2.261971E-14
    186  4.5690720972735238E-01  0.0000000000000000E+00  0.0000000000000000E+00  2.436602E+09  6.256798E+08  2.681898E+26  1.380722E+18  8.641241E+07  7.603117E+08  1.831217E+01  3.198157E-14
    187  4.5692938587528770E-01  0.0000000000000000E+00  0.0000000000000000E+00  2.527572E+09  6.251704E+08  2.686411E+26  1.383242E+18  8.748083E+07  7.612880E+08  1.837277E+01  3.917661E-14
    188  4.5695064869836405E-01  0.0000000000000000E+00  0.0000000000000000E+00  2.614796E+09  6.246820E+08  2.691031E+26  1.384850E+18  8.856531E+07  7.622672E+08  1.840619E+01  4.600756E-14
    189  4.5698041341080320E-01  0.0000000000000000E+00  0.0000000000000000E+00  2.736895E+09  6.239983E+08  2.697867E+26  1.386975E+18  9.012266E+07  7.636907E+08  1.843387E+01  6.202057E-14
    190  4.5698454922586490E-01  0.0000000000000000E+00  0.0000000000000000E+00  2.753861E+09  6.239033E+08  2.698847E+26  1.387333E+18  9.034067E+07  7.638927E+08  1.843670E+01  6.557441E-14
    191  4.5699007457989810E-01  0.0000000000000000E+00  0.0000000000000000E+00  2.776527E+09  6.237764E+08  2.700166E+26  1.387859E+18  9.063223E+07  7.641641E+08  1.844021E+01  7.098340E-14
    192  4.5700112528796449E-01  0.0000000000000000E+00  0.0000000000000000E+00  2.821859E+09  6.235226E+08  2.702841E+26  1.389123E+18  9.121591E+07  7.647119E+08  1.844649E+01  8.394587E-14
    193  4.5700326380286821E-01  0.0000000000000000E+00  0.0000000000000000E+00  2.830631E+09  6.234735E+08  2.703364E+26  1.389408E+18  9.132887E+07  7.648187E+08  1.844762E+01  8.675510E-14
    194  4.5700629155107170E-01  0.0000000000000000E+00  0.0000000000000000E+00  2.843052E+09  6.234039E+08  2.704107E+26  1.389839E+18  9.148876E+07  7.649703E+08  1.844919E+01  9.089910E-14
    195  4.5701234704747873E-01  0.0000000000000000E+00  0.0000000000000000E+00  2.867892E+09  6.232648E+08  2.705603E+26  1.390809E+18  9.180826E+07  7.652747E+08  1.845228E+01  9.988480E-14
    196  4.5702445804029274E-01  0.0000000000000000E+00  0.0000000000000000E+00  2.917574E+09  6.229867E+08  2.708631E+26  1.393278E+18  9.244456E+07  7.658885E+08  1.845881E+01  1.232573E-13
    197  4.5702688023885552E-01  0.0000000000000000E+00  0.0000000000000000E+00  2.927510E+09  6.229310E+08  2.709241E+26  1.393874E+18  9.257108E+07  7.660119E+08  1.846028E+01  1.296238E-13
    198  4.5703141700503214E-01  0.0000000000000000E+00  0.0000000000000000E+00  2.946120E+09  6.228268E+08  2.710388E+26  1.395097E+18  9.280707E+07  7.662435E+08  1.846329E+01  1.444050E-13
    199  4.5704049053738544E-01  0.0000000000000000E+00  0.0000000000000000E+00  2.983342E+09  6.226184E+08  2.712693E+26  1.398010E+18  9.327390E+07  7.667082E+08  1.847078E+01  1.953524E-13
    200  4.5705863760209203E-01  0.0000000000000000E+00  0.0000000000000000E+00  3.057784E+09  6.222016E+08  2.717320E+26  1.406019E+18  9.417450E+07  7.676384E+08  1.849603E+01  7.280773E-13
    201  4.5706116354410598E-01  0.0000000000000000E+00  0.0000000000000000E+00  3.068146E+09  6.221435E+08  2.717962E+26  1.407383E+18  9.429482E+07  7.677674E+08  1.850116E+01  9.654838E-13
    202  4.5706508329706763E-01  0.0000000000000000E+00  0.0000000000000000E+00  3.084225E+09  6.220535E+08  2.718955E+26  1.409623E+18  9.447828E+07  7.679671E+08  1.851020E+01  1.557844E-12
    203  4.5707292280299094E-01  0.0000000000000000E+00  0.0000000000000000E+00  3.116384E+09  6.218734E+08  2.720925E+26  1.414540E+18  9.483118E+07  7.683636E+08  1.853293E+01  4.486815E-12
    204  4.5708817284382836E-01  0.0000000000000000E+00  0.0000000000000000E+00  3.178942E+09  6.215232E+08  2.724645E+26  1.425650E+18  9.544404E+07  7.691164E+08  1.860204E+01  3.856934E-11
    205  4.5709038084399561E-01  0.0000000000000000E+00  0.0000000000000000E+00  3.188000E+09  6.214724E+08  2.725165E+26  1.427415E+18  9.552220E+07  7.692224E+08  1.861567E+01  5.209666E-11
    206  4.5709356311657978E-01  0.0000000000000000E+00  0.0000000000000000E+00  3.201054E+09  6.213993E+08  2.725903E+26  1.430024E+18  9.562907E+07  7.693735E+08  1.863731E+01  7.975766E-11
    207  4.5709992766174817E-01  0.0000000000000000E+00  0.0000000000000000E+00  3.227162E+09  6.212532E+08  2.727335E+26  1.435477E+18  9.581989E+07  7.696684E+08  1.868858E+01  1.807410E-10
    208  4.5711265675208496E-01  0.0000000000000000E+00  0.0000000000000000E+00  3.279379E+09  6.209608E+08  2.729967E+26  1.447421E+18  9.608968E+07  7.702213E+08  1.883073E+01  7.995619E-10
    209  4.5713319200902908E-01  0.0000000000000000E+00  0.0000000000000000E+00  3.363618E+09  6.204891E+08  2.733273E+26  1.470967E+18  9.610545E+07  7.709661E+08  1.921451E+01  5.898223E-09
    210  4.5713498230827160E-01  0.0000000000000000E+00  0.0000000000000000E+00  3.370962E+09  6.204480E+08  2.733492E+26  1.473376E+18  9.607715E+07  7.710202E+08  1.925937E+01  6.878961E-09
    211  4.5713752613701725E-01  0.0000000000000000E+00  0.0000000000000000E+00  3.381397E+09  6.203895E+08  2.733781E+26  1.476922E+18  9.602791E+07  7.710937E+08  1.932671E+01  8.533305E-09
    212  4.5714261379450855E-01  0.0000000000000000E+00  0.0000000000000000E+00  3.402268E+09  6.202727E+08  2.734281E+26  1.484471E+18  9.589681E+07  7.712283E+08  1.947469E+01  1.295945E-08
    213  4.5715278910949109E-01  0.0000000000000000E+00  0.0000000000000000E+00  3.444009E+09  6.200389E+08  2.734944E+26  1.501566E+18  9.549984E+07  7.714454E+08  1.982789E+01  2.874906E-08
    214  4.5717033792869338E-01  0.0000000000000000E+00  0.0000000000000000E+00  3.515997E+09  6.196359E+08  2.735006E+26  1.537481E+18  9.439604E+07  7.716521E+08  2.063371E+01  1.080420E-07
    215  4.5718759805421966E-01  0.0000000000000000E+00  0.0000000000000000E+00  3.586801E+09  6.192394E+08  2.733878E+26  1.578798E+18  9.288214E+07  7.716724E+08  2.167201E+01  4.153615E-07
    216  4.5720345006433832E-01  0.0000000000000000E+00  0.0000000000000000E+00  3.651828E+09  6.188753E+08  2.732229E+26  1.617940E+18  9.130662E+07  7.715977E+08  2.279672E+01  1.485925E-06
    217  4.5721813804722883E-01  0.0000000000000000E+00  0.0000000000000000E+00  3.712081E+09  6.185379E+08  2.730682E+26  1.651814E+18  8.988626E+07  7.715266E+08  2.390955E+01  4.224902E-06
    218  4.5723312201118199E-01  0.0000000000000000E+00  0.0000000000000000E+00  3.773547E+09  6.181937E+08  2.729548E+26  1.682066E+18  8.863985E+07  7.715230E+08  2.502587E+01  9.256654E-06
    219  4.5724641108926378E-01  0.0000000000000000E+00  0.0000000000000000E+00  3.828061E+09  6.178885E+08  2.729180E+26  1.704568E+18  8.778613E+07  7.716180E+08  2.593600E+01  1.482677E-05
    220  4.5724850689750718E-01  0.0000000000000000E+00  0.0000000000000000E+00  3.836659E+09  6.178404E+08  2.729186E+26  1.707734E+18  8.767529E+07  7.716428E+08  2.606979E+01  1.573147E-05
    221  4.5725128367498530E-01  0.0000000000000000E+00  0.0000000000000000E+00  3.848049E+09  6.177766E+08  2.729222E+26  1.711770E+18  8.753852E+07  7.716800E+08  2.624248E+01  1.692822E-05
    222  4.5725683722994154E-01  0.0000000000000000E+00  0.0000000000000000E+00  3.870831E+09  6.176490E+08  2.729390E+26  1.719311E+18  8.729913E+07  7.717689E+08  2.657162E+01  1.930699E-05
    223  4.5726794433985402E-01  0.0000000000000000E+00  0.0000000000000000E+00  3.916394E+09  6.173939E+08  2.730106E+26  1.732379E+18  8.695196E+07  7.720046E+08  2.716247E+01  2.401923E-05
    224  4.5728824160718040E-01  0.0000000000000000E+00  0.0000000000000000E+00  3.999657E+09  6.169277E+08  2.732628E+26  1.750257E+18  8.671871E+07  7.726196E+08  2.801367E+01  3.350813E-05
    225  4.5729099762376951E-01  0.0000000000000000E+00  0.0000000000000000E+00  4.010963E+09  6.168644E+08  2.733079E+26  1.752179E+18  8.672137E+07  7.727195E+08  2.810810E+01  3.506118E-05
    226  4.5729506584450080E-01  0.0000000000000000E+00  0.0000000000000000E+00  4.027651E+09  6.167709E+08  2.733786E+26  1.754827E+18  8.673829E+07  7.728734E+08  2.823907E+01  3.756266E-05
    227  4.5730320228596338E-01  0.0000000000000000E+00  0.0000000000000000E+00  4.061028E+09  6.165840E+08  2.735344E+26  1.759499E+18  8.681482E+07  7.732025E+08  2.847275E+01  4.357339E-05
    228  4.5731859154429344E-01  0.0000000000000000E+00  0.0000000000000000E+00  4.124157E+09  6.162305E+08  2.738746E+26  1.766392E+18  8.709199E+07  7.738937E+08  2.882411E+01  6.107486E-05
    229  4.5732083632022735E-01  0.0000000000000000E+00  0.0000000000000000E+00  4.133366E+09  6.161790E+08  2.739286E+26  1.767214E+18  8.714477E+07  7.740011E+08  2.886667E+01  6.464329E-05
    230  4.5732414268544802E-01  0.0000000000000000E+00  0.0000000000000000E+00  4.146929E+09  6.161030E+08  2.740101E+26  1.768350E+18  8.722756E+07  7.741621E+08  2.892574E+01  7.054261E-05
    231  4.5733075541588930E-01  0.0000000000000000E+00  0.0000000000000000E+00  4.174055E+09  6.159511E+08  2.741793E+26  1.770370E+18  8.740989E+07  7.744936E+08  2.903176E+01  8.512239E-05
    232  4.5734337900664296E-01  0.0000000000000000E+00  0.0000000000000000E+00  4.225840E+09  6.156612E+08  2.745235E+26  1.773403E+18  8.781279E+07  7.751579E+08  2.919384E+01  1.275115E-04
    233  4.5734528290012877E-01  0.0000000000000000E+00  0.0000000000000000E+00  4.233650E+09  6.156174E+08  2.745776E+26  1.773776E+18  8.787914E+07  7.752614E+08  2.921413E+01  1.361487E-04
    234  4.5734787327993992E-01  0.0000000000000000E+00  0.0000000000000000E+00  4.244276E+09  6.155579E+08  2.746522E+26  1.774253E+18  8.797156E+07  7.754036E+08  2.924012E+01  1.490882E-04
    235  4.5735305403956222E-01  0.0000000000000000E+00  0.0000000000000000E+00  4.265528E+09  6.154389E+08  2.748042E+26  1.775099E+18  8.816348E+07  7.756923E+08  2.928676E+01  1.796868E-04
    236  4.5736341555880677E-01  0.0000000000000000E+00  0.0000000000000000E+00  4.308033E+09  6.152009E+08  2.751194E+26  1.776414E+18  8.857305E+07  7.762861E+08  2.936050E+01  2.651374E-04
    237  4.5737941215632089E-01  0.0000000000000000E+00  0.0000000000000000E+00  4.373653E+09  6.148335E+08  2.756316E+26  1.777643E+18  8.926111E+07  7.772404E+08  2.943168E+01  4.934326E-04
    238  4.5738159715804355E-01  0.0000000000000000E+00  0.0000000000000000E+00  4.382617E+09  6.147833E+08  2.757036E+26  1.777752E+18  8.935936E+07  7.773738E+08  2.943812E+01  5.373079E-04
    239  4.5738458620716288E-01  0.0000000000000000E+00  0.0000000000000000E+00  4.394878E+09  6.147147E+08  2.758029E+26  1.777882E+18  8.949516E+07  7.775574E+08  2.944585E+01  6.035848E-04
    240  4.5739056430540154E-01  0.0000000000000000E+00  0.0000000000000000E+00  4.419401E+09  6.145774E+08  2.760040E+26  1.778086E+18  8.977109E+07  7.779282E+08  2.945796E+01  7.605804E-04
    241  4.5740197508706387E-01  0.0000000000000000E+00  0.0000000000000000E+00  4.466210E+09  6.143153E+08  2.763956E+26  1.778309E+18  9.031077E+07  7.786473E+08  2.947103E+01  1.172122E-03
    242  4.5740363230885756E-01  0.0000000000000000E+00  0.0000000000000000E+00  4.473008E+09  6.142772E+08  2.764533E+26  1.778328E+18  9.039026E+07  7.787528E+08  2.947207E+01  1.246547E-03
    243  4.5740625949305341E-01  0.0000000000000000E+00  0.0000000000000000E+00  4.483786E+09  6.142168E+08  2.765450E+26  1.778353E+18  9.051675E+07  7.789206E+08  2.947335E+01  1.373268E-03
    244  4.5741151386144513E-01  0.0000000000000000E+00  0.0000000000000000E+00  4.505340E+09  6.140962E+08  2.767298E+26  1.778385E+18  9.077120E+07  7.792581E+08  2.947478E+01  1.661663E-03
    245  4.5741714289882601E-01  0.0000000000000000E+00  0.0000000000000000E+00  4.528431E+09  6.139669E+08  2.769294E+26  1.778400E+18  9.104547E+07  7.796220E+08  2.947500E+01  2.028339E-03
    246  4.5742840097358778E-01  0.0000000000000000E+00  0.0000000000000000E+00  4.574613E+09  6.137083E+08  2.773333E+26  1.778400E+18  9.159714E+07  7.803562E+08  2.947303E+01  2.972489E-03
    247  4.5742999350144853E-01  0.0000000000000000E+00  0.0000000000000000E+00  4.581146E+09  6.136717E+08  2.773908E+26  1.778399E+18  9.167533E+07  7.804606E+08  2.947264E+01  3.131644E-03
    248  4.5743223548118134E-01  0.0000000000000000E+00  0.0000000000000000E+00  4.590343E+09  6.136202E+08  2.774720E+26  1.778397E+18  9.178545E+07  7.806079E+08  2.947204E+01  3.367371E-03
    249  4.5743671944064690E-01  0.0000000000000000E+00  0.0000000000000000E+00  4.608737E+09  6.135172E+08  2.776350E+26  1.778394E+18  9.200571E+07  7.809033E+08  2.947085E+01  3.881572E-03
    250  4.5744568735957802E-01  0.0000000000000000E+00  0.0000000000000000E+00  4.645525E+09  6.133112E+08  2.779630E+26  1.778396E+18  9.244575E+07  7.814968E+08  2.946881E+01  5.091927E-03
    251  4.5744708589240846E-01  0.0000000000000000E+00  0.0000000000000000E+00  4.651262E+09  6.132791E+08  2.780144E+26  1.778397E+18  9.251427E+07  7.815897E+08  2.946857E+01  5.303536E-03
    252  4.5744899978210862E-01  0.0000000000000000E+00  0.0000000000000000E+00  4.659113E+09  6.132351E+08  2.780849E+26  1.778401E+18  9.260797E+07  7.817169E+08  2.946830E+01  5.603305E-03
    253  4.5745282756150896E-01  0.0000000000000000E+00  0.0000000000000000E+00  4.674815E+09  6.131472E+08  2.782260E+26  1.778411E+18  9.279508E+07  7.819718E+08  2.946797E+01  6.238383E-03
    254  4.5746048312030957E-01  0.0000000000000000E+00  0.0000000000000000E+00  4.706220E+09  6.129713E+08  2.785095E+26  1.778447E+18  9.316784E+07  7.824829E+08  2.946845E+01  7.649454E-03
    255  4.5747270680573521E-01  0.0000000000000000E+00  0.0000000000000000E+00  4.756363E+09  6.126906E+08  2.789645E+26  1.778568E+18  9.375669E+07  7.833020E+08  2.947406E+01  1.026499E-02
    256  4.5748435566584700E-01  0.0000000000000000E+00  0.0000000000000000E+00  4.804149E+09  6.124230E+08  2.793992E+26  1.778793E+18  9.430599E+07  7.840834E+08  2.948847E+01  1.310145E-02
    257  4.5749429614740567E-01  0.0000000000000000E+00  0.0000000000000000E+00  4.844926E+09  6.121947E+08  2.797692E+26  1.779111E+18  9.476053E+07  7.847481E+08  2.951162E+01  1.574875E-02
    258  4.5749569463525469E-01  0.0000000000000000E+00  0.0000000000000000E+00  4.850663E+09  6.121626E+08  2.798211E+26  1.779168E+18  9.482310E+07  7.848413E+08  2.951593E+01  1.614040E-02
    259  4.5749767146808951E-01  0.0000000000000000E+00  0.0000000000000000E+00  4.858772E+09  6.121171E+08  2.798943E+26  1.779254E+18  9.491093E+07  7.849729E+08  2.952249E+01  1.670376E-02
    260  4.5750162513375914E-01  0.0000000000000000E+00  0.0000000000000000E+00  4.874991E+09  6.120263E+08  2.800403E+26  1.779447E+18  9.508414E+07  7.852354E+08  2.953750E+01  1.787140E-02
    261  4.5750940539262636E-01  0.0000000000000000E+00  0.0000000000000000E+00  4.906907E+09  6.118476E+08  2.803256E+26  1.779923E+18  9.541424E+07  7.857484E+08  2.957527E+01  2.039035E-02
    262  4.5751066163520032E-01  0.0000000000000000E+00  0.0000000000000000E+00  4.912060E+09  6.118188E+08  2.803714E+26  1.780013E+18  9.546607E+07  7.858307E+08  2.958250E+01  2.083394E-02
    263  4.5751232587121071E-01  0.0000000000000000E+00  0.0000000000000000E+00  4.918887E+09  6.117805E+08  2.804318E+26  1.780139E+18  9.553402E+07  7.859395E+08  2.959263E+01  2.144135E-02
    264  4.5751565434323149E-01  0.0000000000000000E+00  0.0000000000000000E+00  4.932541E+09  6.117041E+08  2.805522E+26  1.780414E+18  9.566742E+07  7.861563E+08  2.961481E+01  2.273305E-02
    265  4.5752231128727311E-01  0.0000000000000000E+00  0.0000000000000000E+00  4.959849E+09  6.115512E+08  2.807902E+26  1.781063E+18  9.592330E+07  7.865855E+08  2.966763E+01  2.570053E-02
    266  4.5752343450590399E-01  0.0000000000000000E+00  0.0000000000000000E+00  4.964457E+09  6.115254E+08  2.808299E+26  1.781187E+18  9.596492E+07  7.866573E+08  2.967775E+01  2.626219E-02
    267  4.5752498623144078E-01  0.0000000000000000E+00  0.0000000000000000E+00  4.970822E+09  6.114897E+08  2.808846E+26  1.781366E+18  9.602159E+07  7.867562E+08  2.969237E+01  2.707158E-02
    268  4.5752808968251429E-01  0.0000000000000000E+00  0.0000000000000000E+00  4.983553E+09  6.114185E+08  2.809933E+26  1.781751E+18  9.613202E+07  7.869527E+08  2.972390E+01  2.881719E-02
    269  4.5752871037272902E-01  0.0000000000000000E+00  0.0000000000000000E+00  4.986099E+09  6.114042E+08  2.810149E+26  1.781833E+18  9.615362E+07  7.869918E+08  2.973058E+01  2.918822E-02
    270  4.5752951393215630E-01  0.0000000000000000E+00  0.0000000000000000E+00  4.989395E+09  6.113857E+08  2.810428E+26  1.781941E+18  9.618133E+07  7.870423E+08  2.973943E+01  2.968014E-02
    271  4.5753112105101090E-01  0.0000000000000000E+00  0.0000000000000000E+00  4.995988E+09  6.113488E+08  2.810983E+26  1.782165E+18  9.623589E+07  7.871429E+08  2.975782E+01  3.070462E-02
    272  4.5753144247478184E-01  0.0000000000000000E+00  0.0000000000000000E+00  4.997307E+09  6.113414E+08  2.811094E+26  1.782211E+18  9.624666E+07  7.871630E+08  2.976161E+01  3.091624E-02
    273  4.5753179333131178E-01  0.0000000000000000E+00  0.0000000000000000E+00  4.998746E+09  6.113334E+08  2.811215E+26  1.782262E+18  9.625836E+07  7.871849E+08  2.976579E+01  3.114988E-02
    274  4.5753249504437166E-01  0.0000000000000000E+00  0.0000000000000000E+00  5.001624E+09  6.113173E+08  2.811455E+26  1.782365E+18  9.628157E+07  7.872286E+08  2.977430E+01  3.162574E-02
    275  4.5753368380266179E-01  0.0000000000000000E+00  0.0000000000000000E+00  5.006501E+09  6.112900E+08  2.811862E+26  1.782545E+18  9.632040E+07  7.873023E+08  2.978909E+01  3.245823E-02
    276  4.5753606131924213E-01  0.0000000000000000E+00  0.0000000000000000E+00  5.016254E+09  6.112354E+08  2.812669E+26  1.782926E+18  9.639592E+07  7.874489E+08  2.982039E+01  3.422724E-02
    277  4.5754081635240273E-01  0.0000000000000000E+00  0.0000000000000000E+00  5.035760E+09  6.111261E+08  2.814257E+26  1.783772E+18  9.653793E+07  7.877381E+08  2.989014E+01  3.822447E-02
    278  4.5754948188770089E-01  0.0000000000000000E+00  0.0000000000000000E+00  5.071307E+09  6.109271E+08  2.817044E+26  1.785645E+18  9.676175E+07  7.882487E+08  3.004531E+01  4.739022E-02
    279  4.5755067783322068E-01  0.0000000000000000E+00  0.0000000000000000E+00  5.076213E+09  6.108996E+08  2.817416E+26  1.785942E+18  9.678861E+07  7.883172E+08  3.006998E+01  4.887827E-02
    280  4.5755226579778785E-01  0.0000000000000000E+00  0.0000000000000000E+00  5.082727E+09  6.108631E+08  2.817905E+26  1.786351E+18  9.682271E+07  7.884075E+08  3.010403E+01  5.094708E-02
    281  4.5755544172692225E-01  0.0000000000000000E+00  0.0000000000000000E+00  5.095755E+09  6.107902E+08  2.818864E+26  1.787224E+18  9.688507E+07  7.885851E+08  3.017693E+01  5.542412E-02
    282  4.5756179358519106E-01  0.0000000000000000E+00  0.0000000000000000E+00  5.121812E+09  6.106443E+08  2.820701E+26  1.789210E+18  9.698456E+07  7.889279E+08  3.034369E+01  6.588950E-02
    283  4.5756272064396253E-01  0.0000000000000000E+00  0.0000000000000000E+00  5.125615E+09  6.106230E+08  2.820959E+26  1.789529E+18  9.699606E+07  7.889764E+08  3.037057E+01  6.760277E-02
    284  4.5756401601038121E-01  0.0000000000000000E+00  0.0000000000000000E+00  5.130928E+09  6.105932E+08  2.821314E+26  1.789987E+18  9.701074E+07  7.890435E+08  3.040931E+01  7.008178E-02
    285  4.5756660674321858E-01  0.0000000000000000E+00  0.0000000000000000E+00  5.141556E+09  6.105337E+08  2.822009E+26  1.790951E+18  9.703512E+07  7.891751E+08  3.049102E+01  7.534912E-02
    286  4.5757178820889327E-01  0.0000000000000000E+00  0.0000000000000000E+00  5.162811E+09  6.104147E+08  2.823328E+26  1.793080E+18  9.706283E+07  7.894274E+08  3.067267E+01  8.722327E-02
    287  4.5757262648102015E-01  0.0000000000000000E+00  0.0000000000000000E+00  5.166250E+09  6.103955E+08  2.823531E+26  1.793451E+18  9.706457E+07  7.894668E+08  3.070445E+01  8.932436E-02
    288  4.5757382243217209E-01  0.0000000000000000E+00  0.0000000000000000E+00  5.171156E+09  6.103680E+08  2.823817E+26  1.793993E+18  9.706560E+07  7.895222E+08  3.075109E+01  9.241361E-02
    289  4.5757621433447593E-01  0.0000000000000000E+00  0.0000000000000000E+00  5.180968E+09  6.103131E+08  2.824371E+26  1.795126E+18  9.706259E+07  7.896304E+08  3.084889E+01  9.892605E-02
    290  4.5758099813908365E-01  0.0000000000000000E+00  0.0000000000000000E+00  5.200592E+09  6.102032E+08  2.825403E+26  1.797595E+18  9.703530E+07  7.898354E+08  3.106374E+01  1.133673E-01
    291  4.5758899565778555E-01  0.0000000000000000E+00  0.0000000000000000E+00  5.233399E+09  6.100195E+08  2.826884E+26  1.802370E+18  9.692165E+07  7.901413E+08  3.148647E+01  1.421505E-01
    292  4.5759009265442363E-01  0.0000000000000000E+00  0.0000000000000000E+00  5.237899E+09  6.099943E+08  2.827061E+26  1.803093E+18  9.689898E+07  7.901793E+08  3.155128E+01  1.465898E-01
    293  4.5759145587067751E-01  0.0000000000000000E+00  0.0000000000000000E+00  5.243491E+09  6.099630E+08  2.827272E+26  1.804014E+18  9.686837E+07  7.902252E+08  3.163423E+01  1.522769E-01
    294  4.5759418230318533E-01  0.0000000000000000E+00  0.0000000000000000E+00  5.254676E+09  6.099003E+08  2.827663E+26  1.805934E+18  9.679888E+07  7.903125E+08  3.180843E+01  1.642372E-01
    295  4.5759963516820090E-01  0.0000000000000000E+00  0.0000000000000000E+00  5.277044E+09  6.097751E+08  2.828319E+26  1.810097E+18  9.662606E+07  7.904677E+08  3.219183E+01  1.905805E-01
    296  4.5760048230847250E-01  0.0000000000000000E+00  0.0000000000000000E+00  5.280519E+09  6.097556E+08  2.828405E+26  1.810782E+18  9.659523E+07  7.904896E+08  3.225566E+01  1.949707E-01
    297  4.5760171115306936E-01  0.0000000000000000E+00  0.0000000000000000E+00  5.285560E+09  6.097274E+08  2.828523E+26  1.811796E+18  9.654840E+07  7.905200E+08  3.235051E+01  2.014837E-01
    298  4.5760416884226307E-01  0.0000000000000000E+00  0.0000000000000000E+00  5.295642E+09  6.096709E+08  2.828730E+26  1.813888E+18  9.644781E+07  7.905769E+08  3.254798E+01  2.150247E-01
    299  4.5760908422065050E-01  0.0000000000000000E+00  0.0000000000000000E+00  5.315806E+09  6.095580E+08  2.829037E+26  1.818337E+18  9.621909E+07  7.906744E+08  3.297474E+01  2.441712E-01
    300  4.5760996344312310E-01  0.0000000000000000E+00  0.0000000000000000E+00  5.319412E+09  6.095379E+08  2.829077E+26  1.819167E+18  9.617448E+07  7.906896E+08  3.305554E+01  2.496742E-01
    301  4.5761105064843532E-01  0.0000000000000000E+00  0.0000000000000000E+00  5.323872E+09  6.095129E+08  2.829120E+26  1.820211E+18  9.611769E+07  7.907075E+08  3.315748E+01  2.565982E-01
    302  4.5761322505905971E-01  0.0000000000000000E+00  0.0000000000000000E+00  5.332792E+09  6.094629E+08  2.829186E+26  1.822345E+18  9.599909E+07  7.907401E+08  3.336775E+01  2.708394E-01
    303  4.5761757388030849E-01  0.0000000000000000E+00  0.0000000000000000E+00  5.350632E+09  6.093630E+08  2.829236E+26  1.826797E+18  9.574281E+07  7.907934E+08  3.381388E+01  3.008497E-01
    304  4.5761844364455823E-01  0.0000000000000000E+00  0.0000000000000000E+00  5.354200E+09  6.093431E+08  2.829235E+26  1.827714E+18  9.568876E+07  7.908023E+08  3.390710E+01  3.070886E-01
    305  4.5761939074796681E-01  0.0000000000000000E+00  0.0000000000000000E+00  5.358085E+09  6.093213E+08  2.829228E+26  1.828723E+18  9.562883E+07  7.908113E+08  3.401017E+01  3.139669E-01
    306  4.5762128495478405E-01  0.0000000000000000E+00  0.0000000000000000E+00  5.365855E+09  6.092778E+08  2.829202E+26  1.830771E+18  9.550596E+07  7.908273E+08  3.422096E+01  3.279839E-01
    307  4.5762507336841851E-01  0.0000000000000000E+00  0.0000000000000000E+00  5.381396E+09  6.091908E+08  2.829100E+26  1.834973E+18  9.524933E+07  7.908521E+08  3.466060E+01  3.569948E-01
    308  4.5762583105114540E-01  0.0000000000000000E+00  0.0000000000000000E+00  5.384504E+09  6.091734E+08  2.829072E+26  1.835828E+18  9.519651E+07  7.908560E+08  3.475125E+01  3.629429E-01
    309  4.5762670141267298E-01  0.0000000000000000E+00  0.0000000000000000E+00  5.388074E+09  6.091534E+08  2.829038E+26  1.836816E+18  9.513524E+07  7.908600E+08  3.485651E+01  3.698301E-01
    310  4.5762844213572818E-01  0.0000000000000000E+00  0.0000000000000000E+00  5.395215E+09  6.091134E+08  2.828961E+26  1.838809E+18  9.501111E+07  7.908670E+08  3.507039E+01  3.837725E-01
    311  4.5763192358183852E-01  0.0000000000000000E+00  0.0000000000000000E+00  5.409496E+09  6.090334E+08  2.828780E+26  1.842848E+18  9.475774E+07  7.908769E+08  3.551066E+01  4.122548E-01
    312  4.5763888647405926E-01  0.0000000000000000E+00  0.0000000000000000E+00  5.438059E+09  6.088735E+08  2.828351E+26  1.851035E+18  9.424198E+07  7.908870E+08  3.643142E+01  4.709308E-01
    313  4.5763994054287227E-01  0.0000000000000000E+00  0.0000000000000000E+00  5.442383E+09  6.088493E+08  2.828285E+26  1.852273E+18  9.416453E+07  7.908884E+08  3.657384E+01  4.799342E-01
    314  4.5764151671589770E-01  0.0000000000000000E+00  0.0000000000000000E+00  5.448849E+09  6.088131E+08  2.828186E+26  1.854122E+18  9.404911E+07  7.908904E+08  3.678823E+01  4.934149E-01
    315  4.5764466906194856E-01  0.0000000000000000E+00  0.0000000000000000E+00  5.460311E+09  6.087348E+08  2.827735E+26  1.857826E+18  9.379905E+07  7.908630E+08  3.722662E+01  5.203486E-01
    316  4.5765029471858448E-01  0.0000000000000000E+00  0.0000000000000000E+00  5.473539E+09  6.085660E+08  2.825787E+26  1.864238E+18  9.328109E+07  7.906745E+08  3.801972E+01  5.662314E-01
    317  4.5766154603185633E-01  0.0000000000000000E+00  0.0000000000000000E+00  5.499993E+09  6.082283E+08  2.822634E+26  1.875277E+18  9.244550E+07  7.904085E+08  3.944385E+01  6.473683E-01
    318  4.5766328199927930E-01  0.0000000000000000E+00  0.0000000000000000E+00  5.504075E+09  6.081762E+08  2.822241E+26  1.876768E+18  9.234071E+07  7.903814E+08  3.964109E+01  6.586188E-01
    319  4.5766595472949273E-01  0.0000000000000000E+00  0.0000000000000000E+00  5.510359E+09  6.080960E+08  2.821680E+26  1.878959E+18  9.219097E+07  7.903464E+08  3.993313E+01  6.752488E-01
    320  4.5767130018991953E-01  0.0000000000000000E+00  0.0000000000000000E+00  5.522928E+09  6.079356E+08  2.820732E+26  1.882961E+18  9.193453E+07  7.903022E+08  4.047141E+01  7.061226E-01
    321  4.5768199111077312E-01  0.0000000000000000E+00  0.0000000000000000E+00  5.548065E+09  6.076148E+08  2.819501E+26  1.889546E+18  9.158307E+07  7.903127E+08  4.136253E+01  7.588114E-01
    322  4.5768412929494384E-01  0.0000000000000000E+00  0.0000000000000000E+00  5.553092E+09  6.075506E+08  2.819357E+26  1.890651E+18  9.153709E+07  7.903301E+08  4.151096E+01  7.679829E-01
    323  4.5768665076086718E-01  0.0000000000000000E+00  0.0000000000000000E+00  5.559021E+09  6.074750E+08  2.819226E+26  1.891873E+18  9.149195E+07  7.903563E+08  4.167442E+01  7.782700E-01
    324  4.5769169369271384E-01  0.0000000000000000E+00  0.0000000000000000E+00  5.570878E+09  6.073237E+08  2.819089E+26  1.894063E+18  9.143081E+07  7.904275E+08  4.196320E+01  7.971815E-01
    325  4.5770177955640717E-01  0.0000000000000000E+00  0.0000000000000000E+00  5.594593E+09  6.070210E+08  2.819273E+26  1.897536E+18  9.141255E+07  7.906375E+08  4.239998E+01  8.290355E-01
    326  4.5770379672914585E-01  0.0000000000000000E+00  0.0000000000000000E+00  5.599336E+09  6.069605E+08  2.819377E+26  1.898099E+18  9.142407E+07  7.906895E+08  4.246620E+01  8.345494E-01
    327  4.5770630169811477E-01  0.0000000000000000E+00  0.0000000000000000E+00  5.605225E+09  6.068853E+08  2.819532E+26  1.898748E+18  9.144413E+07  7.907579E+08  4.254026E+01  8.410473E-01
    328  4.5771131163605266E-01  0.0000000000000000E+00  0.0000000000000000E+00  5.617005E+09  6.067350E+08  2.819927E+26  1.899879E+18  9.150325E+07  7.909075E+08  4.266117E+01  8.529467E-01
    329  4.5772133151192845E-01  0.0000000000000000E+00  0.0000000000000000E+00  5.640564E+09  6.064343E+08  2.821021E+26  1.901567E+18  9.168768E+07  7.912515E+08  4.280689E+01  8.729350E-01
    330  4.5772333548710359E-01  0.0000000000000000E+00  0.0000000000000000E+00  5.645276E+09  6.063741E+08  2.821284E+26  1.901822E+18  9.173420E+07  7.913269E+08  4.282190E+01  8.764005E-01
    331  4.5772598067643905E-01  0.0000000000000000E+00  0.0000000000000000E+00  5.651496E+09  6.062948E+08  2.821648E+26  1.902125E+18  9.179937E+07  7.914290E+08  4.283618E+01  8.807421E-01
    332  4.5773127105510997E-01  0.0000000000000000E+00  0.0000000000000000E+00  5.663935E+09  6.061360E+08  2.822438E+26  1.902619E+18  9.194282E+07  7.916422E+08  4.284539E+01  8.886841E-01
    333  4.5774185181245186E-01  0.0000000000000000E+00  0.0000000000000000E+00  5.688813E+09  6.058185E+08  2.824230E+26  1.903220E+18  9.227492E+07  7.921003E+08  4.279725E+01  9.020502E-01
    334  4.5774396796392025E-01  0.0000000000000000E+00  0.0000000000000000E+00  5.693788E+09  6.057550E+08  2.824621E+26  1.903284E+18  9.234810E+07  7.921966E+08  4.277772E+01  9.043775E-01
    335  4.5774696992750635E-01  0.0000000000000000E+00  0.0000000000000000E+00  5.700847E+09  6.056649E+08  2.825187E+26  1.903351E+18  9.245455E+07  7.923352E+08  4.274617E+01  9.075137E-01
    336  4.5775297385467850E-01  0.0000000000000000E+00  0.0000000000000000E+00  5.714964E+09  6.054848E+08  2.826372E+26  1.903396E+18  9.267828E+07  7.926200E+08  4.266739E+01  9.132465E-01
    337  4.5776498170902286E-01  0.0000000000000000E+00  0.0000000000000000E+00  5.743197E+09  6.051244E+08  2.828914E+26  1.903191E+18  9.316169E+07  7.932155E+08  4.245879E+01  9.229085E-01
    338  4.5776738327989175E-01  0.0000000000000000E+00  0.0000000000000000E+00  5.748844E+09  6.050524E+08  2.829450E+26  1.903105E+18  9.326405E+07  7.933386E+08  4.240914E+01  9.245955E-01
    339  4.5777110205439842E-01  0.0000000000000000E+00  0.0000000000000000E+00  5.757588E+09  6.049408E+08  2.830290E+26  1.902953E+18  9.342465E+07  7.935309E+08  4.232948E+01  9.270767E-01
    340  4.5777853960341175E-01  0.0000000000000000E+00  0.0000000000000000E+00  5.775075E+09  6.047176E+08  2.832019E+26  1.902573E+18  9.375578E+07  7.939228E+08  4.215696E+01  9.315962E-01
    341  4.5779341470143836E-01  0.0000000000000000E+00  0.0000000000000000E+00  5.810050E+09  6.042712E+08  2.835649E+26  1.901545E+18  9.445265E+07  7.947321E+08  4.176778E+01  9.391904E-01
    342  4.5779638972104369E-01  0.0000000000000000E+00  0.0000000000000000E+00  5.817045E+09  6.041819E+08  2.836406E+26  1.901294E+18  9.459834E+07  7.948986E+08  4.168201E+01  9.405140E-01
    343  4.5780122665882178E-01  0.0000000000000000E+00  0.0000000000000000E+00  5.828418E+09  6.040368E+08  2.837645E+26  1.900872E+18  9.483681E+07  7.951706E+08  4.154111E+01  9.425580E-01
    344  4.5781090053437795E-01  0.0000000000000000E+00  0.0000000000000000E+00  5.851164E+09  6.037465E+08  2.840182E+26  1.899945E+18  9.532549E+07  7.957233E+08  4.124616E+01  9.462686E-01
    345  4.5783024828549035E-01  0.0000000000000000E+00  0.0000000000000000E+00  5.896655E+09  6.031659E+08  2.845474E+26  1.897791E+18  9.634647E+07  7.968615E+08  4.061088E+01  9.524758E-01
    346  4.5785955972088643E-01  0.0000000000000000E+00  0.0000000000000000E+00  5.965574E+09  6.022863E+08  2.853997E+26  1.893871E+18  9.799482E+07  7.986619E+08  3.955634E+01  9.596747E-01
    347  4.5788435324127230E-01  0.0000000000000000E+00  0.0000000000000000E+00  6.023870E+09  6.015423E+08  2.861631E+26  1.890016E+18  9.947490E+07  8.002489E+08  3.860220E+01  9.643857E-01
    348  4.5788780017976272E-01  0.0000000000000000E+00  0.0000000000000000E+00  6.031975E+09  6.014389E+08  2.862719E+26  1.889448E+18  9.968611E+07  8.004736E+08  3.846661E+01  9.649511E-01
    349  4.5789321987997872E-01  0.0000000000000000E+00  0.0000000000000000E+00  6.044718E+09  6.012763E+08  2.864449E+26  1.888531E+18  1.000222E+08  8.008298E+08  3.825053E+01  9.658211E-01
    350  4.5790405928041072E-01  0.0000000000000000E+00  0.0000000000000000E+00  6.070204E+09  6.009510E+08  2.867962E+26  1.886635E+18  1.007052E+08  8.015501E+08  3.781295E+01  9.674481E-01
    351  4.5790622716049711E-01  0.0000000000000000E+00  0.0000000000000000E+00  6.075301E+09  6.008859E+08  2.868675E+26  1.886242E+18  1.008440E+08  8.016958E+08  3.772400E+01  9.677562E-01
    352  4.5791056292066995E-01  0.0000000000000000E+00  0.0000000000000000E+00  6.085496E+09  6.007558E+08  2.870106E+26  1.885452E+18  1.011226E+08  8.019878E+08  3.754627E+01  9.683573E-01
    353  4.5791923444101557E-01  0.0000000000000000E+00  0.0000000000000000E+00  6.105885E+09  6.004956E+08  2.873001E+26  1.883832E+18  1.016867E+08  8.025769E+08  3.718791E+01  9.694994E-01
    354  4.5793657748170680E-01  0.0000000000000000E+00  0.0000000000000000E+00  6.146662E+09  5.999752E+08  2.878919E+26  1.880438E+18  1.028417E+08  8.037746E+08  3.646176E+01  9.715668E-01
    355  4.5794004608984507E-01  0.0000000000000000E+00  0.0000000000000000E+00  6.154818E+09  5.998711E+08  2.880134E+26  1.879718E+18  1.030796E+08  8.040188E+08  3.631235E+01  9.719467E-01
    356  4.5794698330612155E-01  0.0000000000000000E+00  0.0000000000000000E+00  6.171129E+09  5.996629E+08  2.882568E+26  1.878278E+18  1.035560E+08  8.045081E+08  3.601658E+01  9.726805E-01
    357  4.5796060888082973E-01  0.0000000000000000E+00  0.0000000000000000E+00  6.203166E+09  5.992541E+08  2.887430E+26  1.875354E+18  1.045085E+08  8.054812E+08  3.543152E+01  9.740170E-01
    358  4.5796333399577138E-01  0.0000000000000000E+00  0.0000000000000000E+00  6.209574E+09  5.991723E+08  2.888420E+26  1.874746E+18  1.047030E+08  8.056785E+08  3.531266E+01  9.742679E-01
    359  4.5796878422565462E-01  0.0000000000000000E+00  0.0000000000000000E+00  6.222389E+09  5.990087E+08  2.890405E+26  1.873526E+18  1.050929E+08  8.060739E+08  3.507628E+01  9.747562E-01
    360  4.5797968468542116E-01  0.0000000000000000E+00  0.0000000000000000E+00  6.248018E+09  5.986816E+08  2.894428E+26  1.871023E+18  1.058838E+08  8.068727E+08  3.460165E+01  9.756770E-01
    361  4.5798186477737446E-01  0.0000000000000000E+00  0.0000000000000000E+00  6.253144E+09  5.986162E+08  2.895243E+26  1.870508E+18  1.060443E+08  8.070340E+08  3.450588E+01  9.758523E-01
    362  4.5798622496128105E-01  0.0000000000000000E+00  0.0000000000000000E+00  6.263396E+09  5.984854E+08  2.896878E+26  1.869475E+18  1.063664E+08  8.073575E+08  3.431495E+01  9.761954E-01
    363  4.5799494532909429E-01  0.0000000000000000E+00  0.0000000000000000E+00  6.283900E+09  5.982237E+08  2.900182E+26  1.867367E+18  1.070177E+08  8.080095E+08  3.393225E+01  9.768503E-01
    364  4.5801238606472072E-01  0.0000000000000000E+00  0.0000000000000000E+00  6.324908E+09  5.977003E+08  2.906918E+26  1.862992E+18  1.083486E+08  8.093331E+08  3.316534E+01  9.780461E-01
    365  4.5801587421184603E-01  0.0000000000000000E+00  0.0000000000000000E+00  6.333109E+09  5.975956E+08  2.908298E+26  1.862073E+18  1.086222E+08  8.096028E+08  3.300915E+01  9.782657E-01
    366  4.5802285050609659E-01  0.0000000000000000E+00  0.0000000000000000E+00  6.349512E+09  5.973863E+08  2.911062E+26  1.860236E+18  1.091698E+08  8.101427E+08  3.270075E+01  9.786927E-01
    367  4.5803680309459777E-01  0.0000000000000000E+00  0.0000000000000000E+00  6.382318E+09  5.969676E+08  2.916673E+26  1.856458E+18  1.102836E+08  8.112353E+08  3.208434E+01  9.794876E-01
    368  4.5803959361229801E-01  0.0000000000000000E+00  0.0000000000000000E+00  6.388880E+09  5.968839E+08  2.917814E+26  1.855676E+18  1.105108E+08  8.114568E+08  3.195995E+01  9.796364E-01
    369  4.5804517464769851E-01  0.0000000000000000E+00  0.0000000000000000E+00  6.402002E+09  5.967164E+08  2.920102E+26  1.854108E+18  1.109661E+08  8.119005E+08  3.171311E+01  9.799274E-01
    370  4.5805633671849944E-01  0.0000000000000000E+00  0.0000000000000000E+00  6.428247E+09  5.963815E+08  2.924734E+26  1.850904E+18  1.118890E+08  8.127965E+08  3.122024E+01  9.804768E-01
    371  4.5807866086010129E-01  0.0000000000000000E+00  0.0000000000000000E+00  6.480737E+09  5.957115E+08  2.934224E+26  1.844204E+18  1.137853E+08  8.146227E+08  3.023845E+01  9.814544E-01
    372  4.5811244002827090E-01  0.0000000000000000E+00  0.0000000000000000E+00  6.560160E+09  5.946979E+08  2.949144E+26  1.833354E+18  1.167792E+08  8.174713E+08  2.877265E+01  9.826702E-01
    373  4.5811553245844866E-01  0.0000000000000000E+00  0.0000000000000000E+00  6.567431E+09  5.946051E+08  2.950587E+26  1.832248E+18  1.170720E+08  8.177438E+08  2.863217E+01  9.827499E-01
    374  4.5812171731880424E-01  0.0000000000000000E+00  0.0000000000000000E+00  6.581973E+09  5.944195E+08  2.953413E+26  1.830136E+18  1.176414E+08  8.182797E+08  2.836617E+01  9.829320E-01
    375  4.5813408703951541E-01  0.0000000000000000E+00  0.0000000000000000E+00  6.611058E+09  5.940483E+08  2.959133E+26  1.825825E+18  1.187955E+08  8.193619E+08  2.783799E+01  9.832692E-01
    376  4.5813656098365763E-01  0.0000000000000000E+00  0.0000000000000000E+00  6.616875E+09  5.939741E+08  2.960291E+26  1.824942E+18  1.190296E+08  8.195805E+08  2.773241E+01  9.833315E-01
    377  4.5814150887194210E-01  0.0000000000000000E+00  0.0000000000000000E+00  6.628508E+09  5.938256E+08  2.962615E+26  1.823171E+18  1.194991E+08  8.200187E+08  2.752272E+01  9.834533E-01
    378  4.5815136105767224E-01  0.0000000000000000E+00  0.0000000000000000E+00  6.651673E+09  5.935300E+08  2.967285E+26  1.819585E+18  1.204438E+08  8.208980E+08  2.710783E+01  9.836796E-01
    379  4.5817106542913250E-01  0.0000000000000000E+00  0.0000000000000000E+00  6.698003E+09  5.929387E+08  2.976799E+26  1.812188E+18  1.223709E+08  8.226828E+08  2.629024E+01  9.840744E-01
    380  4.5817480321896953E-01  0.0000000000000000E+00  0.0000000000000000E+00  6.706792E+09  5.928265E+08  2.978645E+26  1.810726E+18  1.227461E+08  8.230277E+08  2.613472E+01  9.841336E-01
    381  4.5818227879864365E-01  0.0000000000000000E+00  0.0000000000000000E+00  6.724369E+09  5.926022E+08  2.982340E+26  1.807806E+18  1.234961E+08  8.237177E+08  2.582909E+01  9.842549E-01
    382  4.5819722995799184E-01  0.0000000000000000E+00  0.0000000000000000E+00  6.759523E+09  5.921535E+08  2.989831E+26  1.801832E+18  1.250181E+08  8.251131E+08  2.522561E+01  9.844692E-01
    383  4.5820022018986145E-01  0.0000000000000000E+00  0.0000000000000000E+00  6.766554E+09  5.920638E+08  2.991351E+26  1.800605E+18  1.253277E+08  8.253957E+08  2.510526E+01  9.845053E-01
    384  4.5820620065360074E-01  0.0000000000000000E+00  0.0000000000000000E+00  6.780615E+09  5.918843E+08  2.994401E+26  1.798144E+18  1.259481E+08  8.259618E+08  2.486716E+01  9.845763E-01
    385  4.5821816158107931E-01  0.0000000000000000E+00  0.0000000000000000E+00  6.808738E+09  5.915254E+08  3.000566E+26  1.793135E+18  1.272031E+08  8.271043E+08  2.439614E+01  9.847013E-01
    386  4.5824208343603640E-01  0.0000000000000000E+00  0.0000000000000000E+00  6.864985E+09  5.908076E+08  3.013169E+26  1.782753E+18  1.297713E+08  8.294303E+08  2.347488E+01  9.848976E-01
    387  4.5824575723911926E-01  0.0000000000000000E+00  0.0000000000000000E+00  6.873623E+09  5.906973E+08  3.015149E+26  1.781100E+18  1.301756E+08  8.297940E+08  2.333450E+01  9.849080E-01
    388  4.5825310484528498E-01  0.0000000000000000E+00  0.0000000000000000E+00  6.890899E+09  5.904768E+08  3.019115E+26  1.777784E+18  1.309848E+08  8.305229E+08  2.305808E+01  9.849468E-01
    389  4.5826780005761641E-01  0.0000000000000000E+00  0.0000000000000000E+00  6.925451E+09  5.900359E+08  3.027155E+26  1.771012E+18  1.326255E+08  8.319965E+08  2.251342E+01  9.850095E-01
    390  4.5827073910008270E-01  0.0000000000000000E+00  0.0000000000000000E+00  6.932362E+09  5.899477E+08  3.028785E+26  1.769628E+18  1.329584E+08  8.322944E+08  2.240529E+01  9.850183E-01
    391  4.5827661718501528E-01  0.0000000000000000E+00  0.0000000000000000E+00  6.946182E+09  5.897713E+08  3.032056E+26  1.766846E+18  1.336262E+08  8.328921E+08  2.219103E+01  9.850359E-01
    392  4.5828837335488043E-01  0.0000000000000000E+00  0.0000000000000000E+00  6.973824E+09  5.894185E+08  3.038669E+26  1.761186E+18  1.349768E+08  8.340982E+08  2.176760E+01  9.850642E-01
    393  4.5831188569461073E-01  0.0000000000000000E+00  0.0000000000000000E+00  7.029108E+09  5.887129E+08  3.052191E+26  1.749476E+18  1.377388E+08  8.365544E+08  2.094100E+01  9.851112E-01
    394  4.5831550196220117E-01  0.0000000000000000E+00  0.0000000000000000E+00  7.037610E+09  5.886044E+08  3.054317E+26  1.747612E+18  1.381737E+08  8.369391E+08  2.081515E+01  9.851019E-01
    395  4.5832273449738209E-01  0.0000000000000000E+00  0.0000000000000000E+00  7.054616E+09  5.883874E+08  3.058581E+26  1.743869E+18  1.390452E+08  8.377104E+08  2.056707E+01  9.851073E-01
    396  4.5833719956774394E-01  0.0000000000000000E+00  0.0000000000000000E+00  7.088627E+09  5.879533E+08  3.067232E+26  1.736222E+18  1.407815E+08  8.392710E+08  2.007822E+01  9.851169E-01
    397  4.5834009258181629E-01  0.0000000000000000E+00  0.0000000000000000E+00  7.095429E+09  5.878665E+08  3.068984E+26  1.734661E+18  1.411397E+08  8.395865E+08  1.998134E+01  9.851181E-01
    398  4.5834587860996101E-01  0.0000000000000000E+00  0.0000000000000000E+00  7.109034E+09  5.876929E+08  3.072507E+26  1.731520E+18  1.418592E+08  8.402199E+08  1.978912E+01  9.851209E-01
    399  4.5835745066625050E-01  0.0000000000000000E+00  0.0000000000000000E+00  7.136243E+09  5.873456E+08  3.079635E+26  1.725130E+18  1.433147E+08  8.414992E+08  1.940929E+01  9.851259E-01
    400  4.5838059477882942E-01  0.0000000000000000E+00  0.0000000000000000E+00  7.190660E+09  5.866511E+08  3.094228E+26  1.711905E+18  1.462928E+08  8.441077E+08  1.866813E+01  9.851493E-01
    401  4.5838413569249853E-01  0.0000000000000000E+00  0.0000000000000000E+00  7.198986E+09  5.865449E+08  3.096510E+26  1.709814E+18  1.467587E+08  8.445141E+08  1.855616E+01  9.851384E-01
    402  4.5839076991145983E-01  0.0000000000000000E+00  0.0000000000000000E+00  7.214585E+09  5.863458E+08  3.100803E+26  1.705878E+18  1.476343E+08  8.452780E+08  1.834897E+01  9.851414E-01
    403  4.5840403834938237E-01  0.0000000000000000E+00  0.0000000000000000E+00  7.245782E+09  5.859476E+08  3.109507E+26  1.697848E+18  1.494088E+08  8.468232E+08  1.794043E+01  9.851493E-01
    404  4.5843000486548308E-01  0.0000000000000000E+00  0.0000000000000000E+00  7.306836E+09  5.851684E+08  3.127010E+26  1.681499E+18  1.529742E+08  8.499166E+08  1.716310E+01  9.851783E-01
    405  4.5843365486440069E-01  0.0000000000000000E+00  0.0000000000000000E+00  7.315418E+09  5.850589E+08  3.129526E+26  1.679129E+18  1.534864E+08  8.503595E+08  1.705591E+01  9.851729E-01
    406  4.5843918307862958E-01  0.0000000000000000E+00  0.0000000000000000E+00  7.328416E+09  5.848930E+08  3.133355E+26  1.675510E+18  1.542657E+08  8.510332E+08  1.689495E+01  9.851782E-01
    407  4.5845023950708735E-01  0.0000000000000000E+00  0.0000000000000000E+00  7.354413E+09  5.845612E+08  3.141104E+26  1.668150E+18  1.558418E+08  8.523938E+08  1.657698E+01  9.851888E-01
    408  4.5847235236400297E-01  0.0000000000000000E+00  0.0000000000000000E+00  7.406406E+09  5.838977E+08  3.156968E+26  1.652934E+18  1.590648E+08  8.551686E+08  1.595654E+01  9.852260E-01
    409  4.5847564515465322E-01  0.0000000000000000E+00  0.0000000000000000E+00  7.414148E+09  5.837988E+08  3.159376E+26  1.650607E+18  1.595535E+08  8.555884E+08  1.586577E+01  9.852192E-01
    410  4.5848108619449751E-01  0.0000000000000000E+00  0.0000000000000000E+00  7.426941E+09  5.836356E+08  3.163375E+26  1.646732E+18  1.603651E+08  8.562852E+08  1.571694E+01  9.852254E-01
    411  4.5849196827418609E-01  0.0000000000000000E+00  0.0000000000000000E+00  7.452528E+09  5.833090E+08  3.171469E+26  1.638855E+18  1.620062E+08  8.576926E+08  1.542292E+01  9.852383E-01
    412  4.5851224112481881E-01  0.0000000000000000E+00  0.0000000000000000E+00  7.460511E+09  5.827967E+08  3.171654E+26  1.635944E+18  1.626191E+08  8.581231E+08  1.531642E+01  9.853836E-01
    413  4.5854129742053906E-01  0.0000000000000000E+00  0.0000000000000000E+00  7.459499E+09  5.820924E+08  3.166898E+26  1.635990E+18  1.626426E+08  8.580000E+08  1.531780E+01  9.853782E-01
    414  4.5859256002964893E-01  0.0000000000000000E+00  0.0000000000000000E+00  7.457714E+09  5.808500E+08  3.158504E+26  1.636082E+18  1.626825E+08  8.577819E+08  1.532057E+01  9.853800E-01
    415  4.5866413533619704E-01  0.0000000000000000E+00  0.0000000000000000E+00  7.455221E+09  5.791152E+08  3.146795E+26  1.636209E+18  1.627388E+08  8.574770E+08  1.532437E+01  9.853825E-01
    416  4.5880728594929332E-01  0.0000000000000000E+00  0.0000000000000000E+00  7.450236E+09  5.756456E+08  3.123415E+26  1.636457E+18  1.628533E+08  8.568664E+08  1.533182E+01  9.853874E-01
    417  4.5909358717548582E-01  0.0000000000000000E+00  0.0000000000000000E+00  7.440265E+09  5.687065E+08  3.076801E+26  1.636934E+18  1.630900E+08  8.556420E+08  1.534599E+01  9.853965E-01
    418  4.5966618962787081E-01  0.0000000000000000E+00  0.0000000000000000E+00  7.420365E+09  5.571944E+08  2.998554E+26  1.638778E+18  1.632813E+08  8.533991E+08  1.540739E+01  9.854164E-01
    419  4.6069550374730606E-01  0.0000000000000000E+00  0.0000000000000000E+00  7.387853E+09  5.416959E+08  2.891972E+26  1.642932E+18  1.632188E+08  8.500209E+08  1.555128E+01  9.854436E-01
    420  4.6272418396096815E-01  0.0000000000000000E+00  0.0000000000000000E+00  7.344248E+09  5.217924E+08  2.755899E+26  1.649020E+18  1.630447E+08  8.454831E+08  1.576487E+01  9.855041E-01
    421  4.6637591066253137E-01  0.0000000000000000E+00  0.0000000000000000E+00  7.354734E+09  5.249249E+08  2.776823E+26  1.648923E+18  1.630631E+08  8.461460E+08  1.573999E+01  9.855968E-01
    422  4.7268476100017248E-01  0.0000000000000000E+00  0.0000000000000000E+00  7.343435E+09  5.129615E+08  2.699108E+26  1.650346E+18  1.636586E+08  8.439364E+08  1.575510E+01  9.857506E-01
    423  4.7368476097782075E-01  0.0000000000000000E+00  0.0000000000000000E+00  7.364899E+09  5.221172E+08  2.760748E+26  1.648153E+18  1.636813E+08  8.459885E+08  1.566785E+01  9.857725E-01
    424  4.7448286939442313E-01  0.0000000000000000E+00  0.0000000000000000E+00  7.387869E+09  5.323422E+08  2.829847E+26  1.645800E+18  1.636836E+08  8.482291E+08  1.557675E+01  9.857917E-01
    425  4.7464249107774359E-01  0.0000000000000000E+00  0.0000000000000000E+00  7.392711E+09  5.344787E+08  2.844368E+26  1.645285E+18  1.636899E+08  8.486982E+08  1.555700E+01  9.857960E-01
    426  4.7480584092583733E-01  0.0000000000000000E+00  0.0000000000000000E+00  7.398022E+09  5.367764E+08  2.860052E+26  1.644691E+18  1.637052E+08  8.492087E+08  1.553438E+01  9.858001E-01
    427  4.7513254062202481E-01  0.0000000000000000E+00  0.0000000000000000E+00  7.408645E+09  5.413718E+08  2.891500E+26  1.643494E+18  1.637391E+08  8.502276E+08  1.548898E+01  9.858081E-01
    428  4.7578594001439983E-01  0.0000000000000000E+00  0.0000000000000000E+00  7.424065E+09  5.478713E+08  2.936218E+26  1.641759E+18  1.638078E+08  8.516728E+08  1.542249E+01  9.858259E-01
    429  4.7707401621278023E-01  0.0000000000000000E+00  0.0000000000000000E+00  7.445832E+09  5.582709E+08  3.006968E+26  1.639967E+18  1.637342E+08  8.537884E+08  1.535118E+01  9.858598E-01
    430  4.7965016860954107E-01  0.0000000000000000E+00  0.0000000000000000E+00  7.506106E+09  5.885288E+08  3.214918E+26  1.634817E+18  1.635129E+08  8.597690E+08  1.515576E+01  9.859322E-01
    431  4.8340975911936712E-01  0.0000000000000000E+00  0.0000000000000000E+00  7.581069E+09  6.273700E+08  3.486232E+26  1.628750E+18  1.632643E+08  8.670907E+08  1.492538E+01  9.860428E-01
    432  4.8393655882396114E-01  0.0000000000000000E+00  0.0000000000000000E+00  7.582578E+09  6.281290E+08  3.491305E+26  1.628903E+18  1.632304E+08  8.671944E+08  1.492702E+01  9.860596E-01
    433  4.8459809148035043E-01  0.0000000000000000E+00  0.0000000000000000E+00  7.576060E+09  6.250165E+08  3.468446E+26  1.630196E+18  1.631350E+08  8.665000E+08  1.496627E+01  9.860815E-01
    434  4.8592115679312903E-01  0.0000000000000000E+00  0.0000000000000000E+00  7.549823E+09  6.094047E+08  3.358630E+26  1.633270E+18  1.632447E+08  8.635509E+08  1.506118E+01  9.861287E-01
    435  4.8618576985568474E-01  0.0000000000000000E+00  0.0000000000000000E+00  7.543179E+09  6.054774E+08  3.331207E+26  1.633984E+18  1.632829E+08  8.628101E+08  1.508370E+01  9.861383E-01
    436  4.8668343689757676E-01  0.0000000000000000E+00  0.0000000000000000E+00  7.528385E+09  5.968701E+08  3.271295E+26  1.635548E+18  1.633667E+08  8.611746E+08  1.513387E+01  9.861556E-01
    437  4.8678297030595519E-01  0.0000000000000000E+00  0.0000000000000000E+00  7.525226E+09  5.950427E+08  3.258613E+26  1.635878E+18  1.633853E+08  8.608259E+08  1.514455E+01  9.861594E-01
    438  4.8693380813097481E-01  0.0000000000000000E+00  0.0000000000000000E+00  7.520440E+09  5.922733E+08  3.239424E+26  1.636372E+18  1.634153E+08  8.602971E+08  1.516052E+01  9.861645E-01
    439  4.8723548378101411E-01  0.0000000000000000E+00  0.0000000000000000E+00  7.510477E+09  5.865856E+08  3.200074E+26  1.637405E+18  1.634743E+08  8.592022E+08  1.519418E+01  9.861745E-01
    440  4.8783883508109271E-01  0.0000000000000000E+00  0.0000000000000000E+00  7.487545E+09  5.740602E+08  3.113568E+26  1.639890E+18  1.635670E+08  8.567278E+08  1.527688E+01  9.861937E-01
    441  4.8904553768124992E-01  0.0000000000000000E+00  0.0000000000000000E+00  7.431992E+09  5.464042E+08  2.923316E+26  1.646543E+18  1.635728E+08  8.509305E+08  1.550674E+01  9.862327E-01
    442  4.8925939906205818E-01  0.0000000000000000E+00  0.0000000000000000E+00  7.421452E+09  5.413352E+08  2.888741E+26  1.647784E+18  1.635746E+08  8.498422E+08  1.555051E+01  9.862374E-01
    443  4.8949487471875736E-01  0.0000000000000000E+00  0.0000000000000000E+00  7.409847E+09  5.357539E+08  2.850807E+26  1.649155E+18  1.635793E+08  8.486383E+08  1.559918E+01  9.862448E-01
    444  4.8996582603215566E-01  0.0000000000000000E+00  0.0000000000000000E+00  7.387805E+09  5.249100E+08  2.777731E+26  1.651606E+18  1.636411E+08  8.463182E+08  1.568659E+01  9.862560E-01
    445  4.9090772865895227E-01  0.0000000000000000E+00  0.0000000000000000E+00  7.345245E+09  5.043393E+08  2.640445E+26  1.656260E+18  1.637907E+08  8.418366E+08  1.585521E+01  9.862765E-01
    446  4.9109610918431157E-01  0.0000000000000000E+00  0.0000000000000000E+00  7.336728E+09  5.004224E+08  2.614384E+26  1.657271E+18  1.637997E+08  8.409506E+08  1.589253E+01  9.862835E-01
    447  4.9128809927874723E-01  0.0000000000000000E+00  0.0000000000000000E+00  7.328047E+09  4.964304E+08  2.587922E+26  1.658261E+18  1.638178E+08  8.400485E+08  1.592918E+01  9.862880E-01
    448  4.9167207946761854E-01  0.0000000000000000E+00  0.0000000000000000E+00  7.311779E+09  4.889505E+08  2.538555E+26  1.660092E+18  1.638622E+08  8.383518E+08  1.599730E+01  9.862956E-01
    449  4.9244003984536111E-01  0.0000000000000000E+00  0.0000000000000000E+00  7.280198E+09  4.747180E+08  2.445213E+26  1.663656E+18  1.639486E+08  8.350657E+08  1.613169E+01  9.863088E-01
    450  4.9397596060084631E-01  0.0000000000000000E+00  0.0000000000000000E+00  7.223749E+09  4.509529E+08  2.290522E+26  1.670450E+18  1.639767E+08  8.292877E+08  1.639501E+01  9.863346E-01
    451  4.9704146930564075E-01  0.0000000000000000E+00  0.0000000000000000E+00  7.146543E+09  4.185550E+08  2.084447E+26  1.679343E+18  1.642538E+08  8.212216E+08  1.674832E+01  9.864050E-01
    452  5.0148422735655918E-01  0.0000000000000000E+00  0.0000000000000000E+00  7.094828E+09  3.980284E+08  1.955806E+26  1.685957E+18  1.643694E+08  8.157754E+08  1.701384E+01  9.864759E-01
    453  5.0545439365313016E-01  0.0000000000000000E+00  0.0000000000000000E+00  7.075289E+09  3.908384E+08  1.910618E+26  1.689139E+18  1.642950E+08  8.136910E+08  1.713822E+01  9.865109E-01
    454  5.1273594747401141E-01  0.0000000000000000E+00  0.0000000000000000E+00  7.001201E+09  3.639660E+08  1.745657E+26  1.698817E+18  1.643904E+08  8.060357E+08  1.754903E+01  9.866219E-01
    455  5.1373594745165962E-01  0.0000000000000000E+00  0.0000000000000000E+00  6.990158E+09  3.602878E+08  1.723172E+26  1.700465E+18  1.643484E+08  8.049119E+08  1.762254E+01  9.866293E-01
    456  5.1458831522328841E-01  0.0000000000000000E+00  0.0000000000000000E+00  6.982693E+09  3.573263E+08  1.705524E+26  1.701261E+18  1.644317E+08  8.041008E+08  1.765653E+01  9.866373E-01
    457  5.1629305076654597E-01  0.0000000000000000E+00  0.0000000000000000E+00  6.966329E+09  3.512361E+08  1.669167E+26  1.703142E+18  1.645532E+08  8.023694E+08  1.773893E+01  9.866532E-01
    458  5.1968282809696631E-01  0.0000000000000000E+00  0.0000000000000000E+00  6.923795E+09  3.370223E+08  1.584307E+26  1.708484E+18  1.646428E+08  7.980572E+08  1.798422E+01  9.867011E-01
    459  5.2020231889513713E-01  0.0000000000000000E+00  0.0000000000000000E+00  6.916964E+09  3.345629E+08  1.569901E+26  1.709196E+18  1.647097E+08  7.973432E+08  1.801708E+01  9.867022E-01
    460  5.2090485921255902E-01  0.0000000000000000E+00  0.0000000000000000E+00  6.906150E+09  3.311579E+08  1.549715E+26  1.710549E+18  1.647199E+08  7.962713E+08  1.808131E+01  9.867157E-01
    461  5.2154884729276429E-01  0.0000000000000000E+00  0.0000000000000000E+00  6.893756E+09  3.279781E+08  1.530420E+26  1.712459E+18  1.645834E+08  7.951283E+08  1.817452E+01  9.867290E-01
    462  5.2283682345317473E-01  0.0000000000000000E+00  0.0000000000000000E+00  6.874056E+09  3.217687E+08  1.493968E+26  1.714874E+18  1.646288E+08  7.931624E+08  1.829148E+01  9.867442E-01
    463  5.2405691132119137E-01  0.0000000000000000E+00  0.0000000000000000E+00  6.857459E+09  3.158691E+08  1.460056E+26  1.716492E+18  1.648386E+08  7.914195E+08  1.836895E+01  9.867504E-01
    464  5.2649708705722453E-01  0.0000000000000000E+00  0.0000000000000000E+00  6.817051E+09  3.048183E+08  1.395208E+26  1.721996E+18  1.646833E+08  7.875679E+08  1.864707E+01  9.867899E-01
    465  5.3041807477573799E-01  0.0000000000000000E+00  0.0000000000000000E+00  6.764004E+09  2.893622E+08  1.306788E+26  1.728377E+18  1.648460E+08  7.823443E+08  1.897620E+01  9.868536E-01
    466  5.3100516720411139E-01  0.0000000000000000E+00  0.0000000000000000E+00  6.755786E+09  2.872264E+08  1.294514E+26  1.729546E+18  1.648116E+08  7.815562E+08  1.903853E+01  9.868546E-01
    467  5.3177419189537878E-01  0.0000000000000000E+00  0.0000000000000000E+00  6.748004E+09  2.844517E+08  1.279211E+26  1.730182E+18  1.649762E+08  7.807161E+08  1.907060E+01  9.868555E-01
    468  5.3299990886795912E-01  0.0000000000000000E+00  0.0000000000000000E+00  6.734797E+09  2.800283E+08  1.254775E+26  1.731369E+18  1.652029E+08  7.793266E+08  1.913179E+01  9.868610E-01
    469  5.3545134281311968E-01  0.0000000000000000E+00  0.0000000000000000E+00  6.698929E+09  2.713128E+08  1.205217E+26  1.736236E+18  1.650601E+08  7.759732E+08  1.939909E+01  9.868965E-01
    470  5.3985515746956725E-01  0.0000000000000000E+00  0.0000000000000000E+00  6.641059E+09  2.560291E+08  1.120749E+26  1.743158E+18  1.652880E+08  7.703504E+08  1.978886E+01  9.869861E-01
    471  5.4388064450802054E-01  0.0000000000000000E+00  0.0000000000000000E+00  6.591674E+09  2.438619E+08  1.054338E+26  1.749122E+18  1.654368E+08  7.656353E+08  2.013835E+01  9.870335E-01
    472  5.4760286478145281E-01  0.0000000000000000E+00  0.0000000000000000E+00  6.545084E+09  2.329948E+08  9.956909E+25  1.754878E+18  1.655360E+08  7.612310E+08  2.048886E+01  9.871382E-01
    473  5.5076491736182698E-01  0.0000000000000000E+00  0.0000000000000000E+00  6.498799E+09  2.231572E+08  9.429281E+25  1.760703E+18  1.655134E+08  7.569753E+08  2.085929E+01  9.872164E-01
    474  5.5379377590840706E-01  0.0000000000000000E+00  0.0000000000000000E+00  6.461186E+09  2.139434E+08  8.952014E+25  1.764454E+18  1.659906E+08  7.533308E+08  2.110094E+01  9.872955E-01
    475  5.5405860202113677E-01  0.0000000000000000E+00  0.0000000000000000E+00  6.455533E+09  2.131467E+08  8.907637E+25  1.765351E+18  1.658841E+08  7.528647E+08  2.116164E+01  9.873116E-01
    476  5.5441948093631610E-01  0.0000000000000000E+00  0.0000000000000000E+00  6.449269E+09  2.120855E+08  8.850344E+25  1.766293E+18  1.658135E+08  7.523169E+08  2.122557E+01  9.872982E-01
    477  5.5504047623017005E-01  0.0000000000000000E+00  0.0000000000000000E+00  6.441515E+09  2.103063E+08  8.758601E+25  1.767143E+18  1.658854E+08  7.515752E+08  2.128241E+01  9.872876E-01
    478  5.5621841316570819E-01  0.0000000000000000E+00  0.0000000000000000E+00  6.430188E+09  2.069722E+08  8.592135E+25  1.767868E+18  1.662526E+08  7.503921E+08  2.132832E+01  9.872819E-01
    479  5.5837860848649534E-01  0.0000000000000000E+00  0.0000000000000000E+00  6.394323E+09  2.009568E+08  8.272823E+25  1.772890E+18  1.659572E+08  7.472732E+08  2.167769E+01  9.873975E-01
    480  5.6172306045131060E-01  0.0000000000000000E+00  0.0000000000000000E+00  6.349081E+09  1.917367E+08  7.804384E+25  1.777888E+18  1.662718E+08  7.431028E+08  2.203247E+01  9.875493E-01
    481  5.6203165111423747E-01  0.0000000000000000E+00  0.0000000000000000E+00  6.343561E+09  1.909010E+08  7.760486E+25  1.778667E+18  1.662153E+08  7.426328E+08  2.209003E+01  9.875307E-01
    482  5.6234870991058439E-01  0.0000000000000000E+00  0.0000000000000000E+00  6.340453E+09  1.900496E+08  7.719016E+25  1.778914E+18  1.663112E+08  7.423088E+08  2.210772E+01  9.874858E-01
    483  5.6298282750327810E-01  0.0000000000000000E+00  0.0000000000000000E+00  6.333808E+09  1.883294E+08  7.635158E+25  1.779384E+18  1.665080E+08  7.416419E+08  2.214066E+01  9.874889E-01
    484  5.6425106268866565E-01  0.0000000000000000E+00  0.0000000000000000E+00  6.316822E+09  1.848563E+08  7.462167E+25  1.781126E+18  1.666976E+08  7.400684E+08  2.226795E+01  9.875614E-01
    485  5.6670984294687932E-01  0.0000000000000000E+00  0.0000000000000000E+00  6.280647E+09  1.785318E+08  7.143576E+25  1.785577E+18  1.667368E+08  7.368424E+08  2.260444E+01  9.876300E-01
    486  5.6713940126278117E-01  0.0000000000000000E+00  0.0000000000000000E+00  6.275768E+09  1.774524E+08  7.091358E+25  1.785942E+18  1.668503E+08  7.363815E+08  2.263164E+01  9.876295E-01
    487  5.6772118213907363E-01  0.0000000000000000E+00  0.0000000000000000E+00  6.267601E+09  1.759866E+08  7.018690E+25  1.786838E+18  1.669004E+08  7.356517E+08  2.270026E+01  9.876827E-01
    488  5.6888474389165844E-01  0.0000000000000000E+00  0.0000000000000000E+00  6.244452E+09  1.731050E+08  6.868162E+25  1.790190E+18  1.665595E+08  7.337604E+08  2.296497E+01  9.878784E-01
    489  5.7121186739682817E-01  0.0000000000000000E+00  0.0000000000000000E+00  6.217205E+09  1.674358E+08  6.596041E+25  1.792724E+18  1.670740E+08  7.311877E+08  2.316456E+01  9.878392E-01
    490  5.7165280993526724E-01  0.0000000000000000E+00  0.0000000000000000E+00  6.209225E+09  1.663543E+08  6.541419E+25  1.793778E+18  1.670119E+08  7.305216E+08  2.325016E+01  9.879141E-01
    491  5.7230983652923095E-01  0.0000000000000000E+00  0.0000000000000000E+00  6.195163E+09  1.647770E+08  6.459305E+25  1.795849E+18  1.667708E+08  7.293924E+08  2.342140E+01  9.880409E-01
    492  5.7362388971715839E-01  0.0000000000000000E+00  0.0000000000000000E+00  6.181449E+09  1.617243E+08  6.316022E+25  1.797026E+18  1.671405E+08  7.280547E+08  2.351747E+01  9.879008E-01
    493  5.7388670035474387E-01  0.0000000000000000E+00  0.0000000000000000E+00  6.178267E+09  1.611096E+08  6.286888E+25  1.797311E+18  1.671996E+08  7.277624E+08  2.354074E+01  9.879194E-01
    494  5.7428346960322063E-01  0.0000000000000000E+00  0.0000000000000000E+00  6.172856E+09  1.601819E+08  6.242338E+25  1.797867E+18  1.672531E+08  7.272824E+08  2.358672E+01  9.879602E-01
    495  5.7507700810017426E-01  0.0000000000000000E+00  0.0000000000000000E+00  6.159190E+09  1.583469E+08  6.151329E+25  1.799592E+18  1.671806E+08  7.261422E+08  2.373214E+01  9.880989E-01
    496  5.7666408509408140E-01  0.0000000000000000E+00  0.0000000000000000E+00  6.136643E+09  1.548849E+08  5.983894E+25  1.802349E+18  1.672215E+08  7.241720E+08  2.396924E+01  9.880543E-01
    497  5.7923252429014893E-01  0.0000000000000000E+00  0.0000000000000000E+00  6.098292E+09  1.495203E+08  5.724389E+25  1.806922E+18  1.672281E+08  7.209235E+08  2.437156E+01  9.883030E-01
    498  5.8343203175588731E-01  0.0000000000000000E+00  0.0000000000000000E+00  6.046127E+09  1.414988E+08  5.348026E+25  1.812698E+18  1.676334E+08  7.163569E+08  2.489784E+01  9.884149E-01
    499  5.8654596999999997E-01  0.0000000000000000E+00  0.0000000000000000E+00  6.005209E+09  1.358978E+08  5.085973E+25  1.817386E+18  1.677805E+08  7.128758E+08  2.534321E+01  9.886092E-01
