                           time                    temp                     den                    ener                    sdot                   sneut                   s-snu                      ye                   1-sum
      1  1.0175522000000001E-04  6.8824811000000000E+08  2.1267807000000000E+09  1.655443E+18  7.935628E+12  0.000000E+00  7.935628E+12  5.000000E-01  0.000000E+00 -4.318237E-03 -5.441582E-16
      2  1.0175522001017553E-04  6.8824811000000012E+08  2.1267807000000000E+09  1.655443E+18  7.937036E+12  0.000000E+00  7.937036E+12  5.000000E-01  0.000000E+00 -6.465208E+07 -8.145620E-06
      3  1.0175522003052657E-04  6.8824811000000036E+08  2.1267807000000002E+09  1.655443E+18  7.939849E+12  0.000000E+00  7.939849E+12  5.000000E-01  0.000000E+00 -1.938344E+08 -2.441286E-05
      4  1.0175522007122866E-04  6.8824811000000083E+08  2.1267807000000007E+09  1.655443E+18  7.945466E+12  0.000000E+00  7.945466E+12  5.000000E-01  0.000000E+00 -4.517127E+08 -5.685163E-05
      5  1.0175522015263284E-04  6.8824811000000191E+08  2.1267807000000017E+09  1.655443E+18  7.956656E+12  0.000000E+00  7.956656E+12  5.000000E-01  0.000000E+00 -9.655288E+08 -1.213486E-04
      6  1.0175522031544119E-04  6.8824811000000381E+08  2.1267807000000033E+09  1.655443E+18  7.978870E+12  0.000000E+00  7.978870E+12  5.000000E-01  0.000000E+00 -1.985445E+09 -2.488379E-04
      7  1.0175522064105789E-04  6.8824811000000787E+08  2.1267807000000067E+09  1.655443E+18  8.022632E+12  0.000000E+00  8.022632E+12  5.000000E-01  0.000000E+00 -3.994774E+09 -4.979381E-04
      8  1.0175522129229130E-04  6.8824811000001585E+08  2.1267807000000136E+09  1.655443E+18  8.107560E+12  0.000000E+00  8.107560E+12  5.000000E-01  0.000000E+00 -7.894239E+09 -9.736887E-04
      9  1.0175522259475811E-04  6.8824811000003183E+08  2.1267807000000274E+09  1.655443E+18  8.267506E+12  0.000000E+00  8.267506E+12  5.000000E-01  0.000000E+00 -1.523816E+10 -1.843138E-03
     10  1.0175522519969174E-04  6.8824811000006378E+08  2.1267807000000548E+09  1.655443E+18  8.551279E+12  0.000000E+00  8.551279E+12  5.000000E-01 -4.440892E-16 -2.826759E+10 -3.305656E-03
     11  1.0175523040955900E-04  6.8824811000012767E+08  2.1267807000001099E+09  1.655443E+18  8.998664E+12  0.000000E+00  8.998664E+12  5.000000E-01  0.000000E+00 -4.880919E+10 -5.424049E-03
     12  1.0175524082929354E-04  6.8824811000025547E+08  2.1267807000002198E+09  1.655443E+18  9.558511E+12  0.000000E+00  9.558511E+12  5.000000E-01 -2.220446E-16 -7.451445E+10 -7.795613E-03
     13  1.0175526166876259E-04  6.8824811000051105E+08  2.1267807000004399E+09  1.655443E+18  1.000853E+13  0.000000E+00  1.000853E+13  5.000000E-01  0.000000E+00 -9.517665E+10 -9.509555E-03
     14  1.0175530334770070E-04  6.8824811000102222E+08  2.1267807000008800E+09  1.655443E+18  1.016657E+13  0.000000E+00  1.016657E+13  5.000000E-01 -2.220446E-16 -1.024323E+11 -1.007540E-02
     15  1.0175538670557692E-04  6.8824811000204444E+08  2.1267807000017602E+09  1.655443E+18  1.017752E+13  0.000000E+00  1.017752E+13  5.000000E-01 -2.220446E-16 -1.029340E+11 -1.011386E-02
     16  1.0175555342132937E-04  6.8824811000408912E+08  2.1267807000035205E+09  1.655443E+18  1.017754E+13  0.000000E+00  1.017754E+13  5.000000E-01 -2.220446E-16 -1.029320E+11 -1.011364E-02
     17  1.0175588685283427E-04  6.8824811000817835E+08  2.1267807000070410E+09  1.655443E+18  1.017774E+13  0.000000E+00  1.017774E+13  5.000000E-01 -2.220446E-16 -1.029358E+11 -1.011381E-02
     18  1.0175655371584406E-04  6.8824811001635683E+08  2.1267807000140820E+09  1.655443E+18  1.017814E+13  0.000000E+00  1.017814E+13  5.000000E-01 -2.220446E-16 -1.029433E+11 -1.011416E-02
     19  1.0175788744186364E-04  6.8824811003271377E+08  2.1267807000281641E+09  1.655443E+18  1.017895E+13  0.000000E+00  1.017895E+13  5.000000E-01 -4.440892E-16 -1.029585E+11 -1.011484E-02
     20  1.0176055489390281E-04  6.8824811006542754E+08  2.1267807000563283E+09  1.655443E+18  1.018056E+13  0.000000E+00  1.018056E+13  5.000000E-01 -2.220446E-16 -1.029888E+11 -1.011622E-02
     21  1.0176588979798114E-04  6.8824811013085520E+08  2.1267807001126568E+09  1.655443E+18  1.018379E+13  0.000000E+00  1.018379E+13  5.000000E-01  0.000000E+00 -1.030494E+11 -1.011897E-02
     22  1.0177655960613782E-04  6.8824811026171052E+08  2.1267807002253137E+09  1.655443E+18  1.019023E+13  0.000000E+00  1.019023E+13  5.000000E-01  0.000000E+00 -1.031704E+11 -1.012445E-02
     23  1.0179789922245117E-04  6.8824811052342129E+08  2.1267807004506276E+09  1.655443E+18  1.020309E+13  0.000000E+00  1.020309E+13  5.000000E-01  0.000000E+00 -1.034121E+11 -1.013537E-02
     24  1.0184057845507785E-04  6.8824811104684269E+08  2.1267807009012554E+09  1.655443E+18  1.022872E+13  0.000000E+00  1.022872E+13  5.000000E-01 -2.220446E-16 -1.038938E+11 -1.015707E-02
     25  1.0192593692033123E-04  6.8824811209368539E+08  2.1267807018025107E+09  1.655443E+18  1.027963E+13  0.000000E+00  1.027963E+13  5.000000E-01  0.000000E+00 -1.048504E+11 -1.019982E-02
     26  1.0209665385083798E-04  6.8824811418737102E+08  2.1267807036050215E+09  1.655443E+18  1.038002E+13  0.000000E+00  1.038002E+13  5.000000E-01  2.220446E-16 -1.067369E+11 -1.028291E-02
     27  1.0243808771185149E-04  6.8824811837474215E+08  2.1267807072100430E+09  1.655443E+18  1.057522E+13  0.000000E+00  1.057522E+13  5.000000E-01  1.110223E-16 -1.104048E+11 -1.043995E-02
     28  1.0312095543387850E-04  6.8824812674948442E+08  2.1267807144200859E+09  1.655443E+18  1.094426E+13  0.000000E+00  1.094426E+13  5.000000E-01  1.110223E-16 -1.173392E+11 -1.072153E-02
     29  1.0448669087793252E-04  6.8824814349896896E+08  2.1267807288401721E+09  1.655443E+18  1.160387E+13  0.000000E+00  1.160387E+13  5.000000E-01  3.330669E-16 -1.297332E+11 -1.118016E-02
     30  1.0721816176604055E-04  6.8824817699793804E+08  2.1267807576803441E+09  1.655443E+18  1.265904E+13  0.000000E+00  1.265904E+13  5.000000E-01  1.110223E-16 -1.495583E+11 -1.181435E-02
     31  1.1268110354225661E-04  6.8824824399587631E+08  2.1267808153606882E+09  1.655443E+18  1.401783E+13  0.000000E+00  1.401783E+13  5.000000E-01  2.220446E-16 -1.750835E+11 -1.249006E-02
     32  1.2360698709468874E-04  6.8824837799175262E+08  2.1267809307213764E+09  1.655443E+18  1.517123E+13  0.000000E+00  1.517123E+13  5.000000E-01  3.330669E-16 -1.967390E+11 -1.296790E-02
     33  1.4545875419955299E-04  6.8824864598350537E+08  2.1267811614427531E+09  1.655443E+18  1.562011E+13  0.000000E+00  1.562011E+13  5.000000E-01  4.440892E-16 -2.051485E+11 -1.313361E-02
     34  1.8916228840928150E-04  6.8824918196701097E+08  2.1267816228855062E+09  1.655443E+18  1.565953E+13  0.000000E+00  1.565953E+13  5.000000E-01  5.551115E-16 -2.058719E+11 -1.314675E-02
     35  2.7656935682873854E-04  6.8825029310598123E+08  2.1267828327084303E+09  1.655443E+18  1.566008E+13  0.000000E+00  1.566008E+13  5.000000E-01  4.440892E-16 -2.058756E+11 -1.314652E-02
     36  4.5138349366765263E-04  6.8825269535266399E+08  2.1267862492486572E+09  1.655443E+18  1.566154E+13  0.000000E+00  1.566154E+13  5.000000E-01  3.330669E-16 -2.058940E+11 -1.314647E-02
     37  8.0101176734548069E-04  6.8825831970181513E+08  2.1267970098127878E+09  1.655443E+18  1.566492E+13  0.000000E+00  1.566492E+13  5.000000E-01  3.330669E-16 -2.059382E+11 -1.314646E-02
     38  1.5002683147011370E-03  6.8827186183989644E+08  2.1268296424759440E+09  1.655443E+18  1.567344E+13  0.000000E+00  1.567344E+13  5.000000E-01  3.330669E-16 -2.060470E+11 -1.314625E-02
     39  2.8987814094124497E-03  6.8829233330524385E+08  2.1268577285863836E+09  1.655443E+18  1.568562E+13  0.000000E+00  1.568562E+13  5.000000E-01  5.551115E-16 -2.062048E+11 -1.314611E-02
     40  5.6958075988350742E-03  6.8831589482069552E+08  2.1267767986677465E+09  1.655443E+18  1.569777E+13  0.000000E+00  1.569777E+13  5.000000E-01  3.330669E-16 -2.063488E+11 -1.314510E-02
     41  1.1289859977680325E-02  6.8831815880880618E+08  2.1262550726792536E+09  1.655443E+18  1.568886E+13  0.000000E+00  1.568886E+13  5.000000E-01  5.551115E-16 -2.061933E+11 -1.314265E-02
     42  2.1289859754162907E-02  6.8744616464300096E+08  2.1202607501843176E+09  1.655443E+18  1.509263E+13  0.000000E+00  1.509263E+13  5.000000E-01  5.551115E-16 -1.980341E+11 -1.312124E-02
     43  3.1289859530645489E-02  6.8746983496328843E+08  2.1196202408307707E+09  1.655443E+18  1.509411E+13  0.000000E+00  1.509411E+13  5.000000E-01  5.551115E-16 -1.979927E+11 -1.311722E-02
     44  4.1289859307128071E-02  6.8757717263538551E+08  2.1192615309924698E+09  1.655444E+18  1.514526E+13  0.000000E+00  1.514526E+13  5.000000E-01  5.551115E-16 -1.986267E+11 -1.311477E-02
     45  5.1289859083610653E-02  6.8762760889965165E+08  2.1184767127124367E+09  1.655444E+18  1.515703E+13  0.000000E+00  1.515703E+13  5.000000E-01  1.110223E-16 -1.987277E+11 -1.311126E-02
     46  6.1289858860093235E-02  6.8761326742626560E+08  2.1171796547652369E+09  1.655444E+18  1.512309E+13  0.000000E+00  1.512309E+13  5.000000E-01  3.330669E-16 -1.982112E+11 -1.310652E-02
     47  7.1289858636575817E-02  6.8768959955186510E+08  2.1166177445977507E+09  1.655444E+18  1.515343E+13  0.000000E+00  1.515343E+13  5.000000E-01  2.220446E-16 -1.985638E+11 -1.310355E-02
     48  8.1289858413058400E-02  6.8780778676825643E+08  2.1164741046362336E+09  1.655444E+18  1.521560E+13  0.000000E+00  1.521560E+13  5.000000E-01  0.000000E+00 -1.993454E+11 -1.310138E-02
     49  9.1289858189540982E-02  6.8791987222457218E+08  2.1165989618233843E+09  1.655444E+18  1.528150E+13  0.000000E+00  1.528150E+13  5.000000E-01  0.000000E+00 -2.001740E+11 -1.309911E-02
     50  1.0128985796602356E-01  6.8796656744439316E+08  2.1167055415255768E+09  1.655444E+18  1.531337E+13  0.000000E+00  1.531337E+13  5.000000E-01 -2.220446E-16 -2.005377E+11 -1.309559E-02
     51  1.1128985774250615E-01  6.8755850733128595E+08  2.1147977211699190E+09  1.655445E+18  1.506231E+13  0.000000E+00  1.506231E+13  5.000000E-01  2.220446E-16 -1.970660E+11 -1.308339E-02
     52  1.2128985751898873E-01  6.8738598213484454E+08  2.1150488086614866E+09  1.655445E+18  1.498570E+13  0.000000E+00  1.498570E+13  5.000000E-01  1.110223E-16 -1.959499E+11 -1.307579E-02
     53  1.3128985729547132E-01  6.8769028031039488E+08  2.1192106977710772E+09  1.655445E+18  1.524768E+13  0.000000E+00  1.524768E+13  5.000000E-01  2.220446E-16 -1.993991E+11 -1.307734E-02
     54  1.4128985707195391E-01  6.8705445114962780E+08  2.1185232344970012E+09  1.655445E+18  1.491195E+13  0.000000E+00  1.491195E+13  5.000000E-01  1.110223E-16 -1.947628E+11 -1.306085E-02
     55  1.5128985684843649E-01  6.8613186817007756E+08  2.1179734165684853E+09  1.655445E+18  1.444562E+13  0.000000E+00  1.444562E+13  5.000000E-01  0.000000E+00 -1.883577E+11 -1.303909E-02
     56  1.6128985662491907E-01  6.8510427390786707E+08  2.1179375303851550E+09  1.655445E+18  1.395467E+13  0.000000E+00  1.395467E+13  5.000000E-01 -2.220446E-16 -1.816240E+11 -1.301529E-02
     57  1.7128985640140165E-01  6.8381426838063323E+08  2.1178469739783700E+09  1.655445E+18  1.335866E+13  0.000000E+00  1.335866E+13  5.000000E-01  3.330669E-16 -1.734843E+11 -1.298666E-02
     58  1.8128985617788423E-01  6.8220902595324230E+08  2.1178789990014012E+09  1.655446E+18  1.265259E+13  0.000000E+00  1.265259E+13  5.000000E-01  3.330669E-16 -1.638776E+11 -1.295210E-02
     59  1.9128985595436682E-01  6.8022136848784924E+08  2.1177790971363912E+09  1.655446E+18  1.182378E+13  0.000000E+00  1.182378E+13  5.000000E-01  0.000000E+00 -1.526500E+11 -1.291043E-02
     60  2.0128985573084940E-01  6.7780685825306213E+08  2.1178383535501547E+09  1.655446E+18  1.088875E+13  0.000000E+00  1.088875E+13  5.000000E-01  3.330669E-16 -1.400384E+11 -1.286083E-02
     61  2.1128985550733198E-01  6.7485550073472703E+08  2.1172254897150695E+09  1.655446E+18  9.829285E+12  0.000000E+00  9.829285E+12  5.000000E-01  2.220446E-16 -1.258256E+11 -1.280109E-02
     62  2.2128985528381456E-01  6.7135394413484991E+08  2.1170192587492070E+09  1.655446E+18  8.706291E+12  0.000000E+00  8.706291E+12  5.000000E-01  2.220446E-16 -1.108409E+11 -1.273113E-02
     63  2.3128985506029714E-01  6.6716197712520051E+08  2.1163402363054569E+09  1.655446E+18  7.516178E+12  0.000000E+00  7.516178E+12  5.000000E-01  5.551115E-16 -9.506517E+10 -1.264807E-02
     64  2.4128985483677973E-01  6.6212216922413278E+08  2.1156397156622698E+09  1.655446E+18  6.290714E+12  0.000000E+00  6.290714E+12  5.000000E-01  3.330669E-16 -7.894283E+10 -1.254910E-02
     65  2.5128985461326231E-01  6.5613722478593469E+08  2.1151339088317151E+09  1.655446E+18  5.084416E+12  0.000000E+00  5.084416E+12  5.000000E-01  1.110223E-16 -6.321105E+10 -1.243231E-02
     66  2.6128985438974489E-01  6.4903114727156651E+08  2.1142616354746125E+09  1.655446E+18  3.935372E+12  0.000000E+00  3.935372E+12  5.000000E-01  4.440892E-16 -4.838241E+10 -1.229424E-02
     67  2.7128985416622747E-01  6.4075961498640573E+08  2.1134415783357816E+09  1.655446E+18  2.909803E+12  0.000000E+00  2.909803E+12  5.000000E-01  2.220446E-16 -3.530813E+10 -1.213420E-02
     68  2.8128985394271006E-01  6.4086554707352424E+08  2.1118480698375978E+09  1.655446E+18  2.911911E+12  0.000000E+00  2.911911E+12  5.000000E-01  0.000000E+00 -3.532582E+10 -1.213149E-02
     69  2.9128985371919264E-01  6.4540429619633102E+08  2.1101807532482197E+09  1.655446E+18  3.425762E+12  0.000000E+00  3.425762E+12  5.000000E-01  0.000000E+00 -4.185219E+10 -1.221690E-02
     70  3.0128985349567522E-01  6.4993419399257016E+08  2.1082282601860256E+09  1.655446E+18  4.023279E+12  0.000000E+00  4.023279E+12  5.000000E-01  0.000000E+00 -4.950156E+10 -1.230379E-02
     71  3.1128985327215780E-01  6.5411378724330139E+08  2.1049547364628916E+09  1.655446E+18  4.650330E+12  0.000000E+00  4.650330E+12  5.000000E-01  0.000000E+00 -5.759092E+10 -1.238427E-02
     72  3.2128985304864038E-01  6.5842910892818701E+08  2.1023517609404173E+09  1.655446E+18  5.400890E+12  0.000000E+00  5.400890E+12  5.000000E-01  1.110223E-16 -6.732811E+10 -1.246611E-02
     73  3.3128985282512297E-01  6.6267744264952946E+08  2.1003720992052050E+09  1.655447E+18  6.257550E+12  0.000000E+00  6.257550E+12  5.000000E-01  0.000000E+00 -7.851190E+10 -1.254675E-02
     74  3.4128985260160555E-01  6.6634824373723984E+08  2.0962834309487398E+09  1.655447E+18  7.072947E+12  0.000000E+00  7.072947E+12  5.000000E-01  0.000000E+00 -8.923531E+10 -1.261643E-02
     75  3.5128985237808813E-01  6.6958683414350843E+08  2.0920644569405096E+09  1.655447E+18  7.866833E+12  0.000000E+00  7.866833E+12  5.000000E-01  1.110223E-16 -9.972746E+10 -1.267695E-02
     76  3.6128985215457071E-01  6.7359282030621099E+08  2.0938095120207961E+09  1.655447E+18  9.068977E+12  0.000000E+00  9.068977E+12  5.000000E-01  0.000000E+00 -1.156452E+11 -1.275174E-02
     77  3.7128985193105329E-01  6.7978313436570752E+08  2.0902400546772046E+09  1.655447E+18  1.115582E+13  0.000000E+00  1.115582E+13  5.000000E-01  1.110223E-16 -1.435133E+11 -1.286444E-02
     78  3.8128985170753588E-01  6.8131733899300194E+08  2.0793055891736696E+09  1.655447E+18  1.155601E+13  0.000000E+00  1.155601E+13  5.000000E-01  2.220446E-16 -1.490227E+11 -1.289569E-02
     79  3.9128985148401846E-01  6.8422689736159337E+08  2.0791540659957643E+09  1.655447E+18  1.276021E+13  0.000000E+00  1.276021E+13  5.000000E-01  1.110223E-16 -1.652153E+11 -1.294770E-02
     80  4.0128985126050104E-01  6.9047438889164233E+08  2.0803683633444123E+09  1.655447E+18  1.579768E+13  0.000000E+00  1.579768E+13  5.000000E-01  1.110223E-16 -2.063772E+11 -1.306376E-02
     81  4.1128985103698362E-01  6.9567618343682528E+08  2.0693784353179886E+09  1.655447E+18  1.849660E+13  0.000000E+00  1.849660E+13  5.000000E-01  5.551115E-16 -2.435735E+11 -1.316855E-02
     82  4.2128985081346620E-01  7.1449989239173436E+08  2.0569582555161245E+09  1.655448E+18  3.356746E+13  0.000000E+00  3.356746E+13  5.000000E-01  4.440892E-16 -4.532874E+11 -1.350377E-02
     83  4.3128985058994879E-01  7.4279163429752970E+08  2.0560241492000146E+09  1.655448E+18  8.156793E+13  0.000000E+00  8.156793E+13  5.000000E-01  3.330669E-16 -1.140348E+12 -1.398034E-02
     84  4.4128985036643137E-01  7.7633355064952958E+08  2.0578702590792530E+09  1.655450E+18  2.242777E+14  0.000000E+00  2.242777E+14  5.000000E-01  1.110223E-16 -3.265096E+12 -1.455827E-02
     85  4.4128985136643134E-01  7.7633355427997088E+08  2.0578702589924250E+09  1.655450E+18  2.244194E+14  0.000000E+00  2.244194E+14  5.000000E-01  2.220446E-16 -3.272399E+12 -1.458162E-02
     86  4.4128985336643128E-01  7.7633356154085350E+08  2.0578702588187690E+09  1.655450E+18  2.244220E+14  0.000000E+00  2.244220E+14  5.000000E-01  4.440892E-16 -3.272466E+12 -1.458175E-02
     87  4.4128985736643117E-01  7.7633357606261873E+08  2.0578702584714572E+09  1.655450E+18  2.244264E+14  0.000000E+00  2.244264E+14  5.000000E-01  0.000000E+00 -3.272555E+12 -1.458186E-02
     88  4.4128986536643100E-01  7.7633360510614944E+08  2.0578702577768335E+09  1.655450E+18  2.244350E+14  0.000000E+00  2.244350E+14  5.000000E-01  2.220446E-16 -3.272732E+12 -1.458209E-02
     89  4.4128988136643066E-01  7.7633366319321084E+08  2.0578702563875861E+09  1.655450E+18  2.244523E+14  0.000000E+00  2.244523E+14  5.000000E-01  4.440892E-16 -3.273084E+12 -1.458254E-02
     90  4.4128991336642992E-01  7.7633377936733341E+08  2.0578702536090913E+09  1.655450E+18  2.244865E+14  0.000000E+00  2.244865E+14  5.000000E-01  3.330669E-16 -3.273782E+12 -1.458342E-02
     91  4.4128997736642850E-01  7.7633401171557879E+08  2.0578702480521019E+09  1.655450E+18  2.245538E+14  0.000000E+00  2.245538E+14  5.000000E-01  3.330669E-16 -3.275153E+12 -1.458516E-02
     92  4.4129010536642566E-01  7.7633447641206956E+08  2.0578702369381227E+09  1.655450E+18  2.246836E+14  0.000000E+00  2.246836E+14  5.000000E-01  4.440892E-16 -3.277798E+12 -1.458851E-02
     93  4.4129036136641991E-01  7.7633540580505085E+08  2.0578702147101645E+09  1.655450E+18  2.249253E+14  0.000000E+00  2.249253E+14  5.000000E-01  5.551115E-16 -3.282723E+12 -1.459472E-02
     94  4.4129087336640849E-01  7.7633726459101355E+08  2.0578701702542484E+09  1.655450E+18  2.253451E+14  0.000000E+00  2.253451E+14  5.000000E-01  5.551115E-16 -3.291267E+12 -1.460545E-02
     95  4.4129189736638558E-01  7.7634098216293895E+08  2.0578700813424160E+09  1.655450E+18  2.259809E+14  0.000000E+00  2.259809E+14  5.000000E-01  4.440892E-16 -3.304174E+12 -1.462147E-02
     96  4.4129394536633981E-01  7.7634841730678988E+08  2.0578699035187511E+09  1.655450E+18  2.267245E+14  0.000000E+00  2.267245E+14  5.000000E-01  5.551115E-16 -3.319161E+12 -1.463962E-02
     97  4.4129804136624828E-01  7.7636328759449172E+08  2.0578695478714213E+09  1.655450E+18  2.272886E+14  0.000000E+00  2.272886E+14  5.000000E-01  1.110223E-16 -3.330204E+12 -1.465188E-02
     98  4.4130623336606517E-01  7.7639302816989529E+08  2.0578688365767620E+09  1.655450E+18  2.276037E+14  0.000000E+00  2.276037E+14  5.000000E-01  5.551115E-16 -3.335619E+12 -1.465538E-02
     99  4.4132261736569894E-01  7.7645250932070243E+08  2.0578674139874432E+09  1.655450E+18  2.280061E+14  0.000000E+00  2.280061E+14  5.000000E-01  3.330669E-16 -3.341779E+12 -1.465653E-02
    100  4.4135538536496655E-01  7.7657147162231684E+08  2.0578645688088055E+09  1.655450E+18  2.288043E+14  0.000000E+00  2.288043E+14  5.000000E-01  5.551115E-16 -3.353953E+12 -1.465861E-02
    101  4.4142092136350169E-01  7.7680939622554553E+08  2.0578588784515300E+09  1.655450E+18  2.304072E+14  0.000000E+00  2.304072E+14  5.000000E-01  2.220446E-16 -3.378399E+12 -1.466273E-02
    102  4.4155199336057199E-01  7.7727592580952561E+08  2.0578323678541694E+09  1.655450E+18  2.335781E+14  0.000000E+00  2.335781E+14  5.000000E-01  4.440892E-16 -3.426785E+12 -1.467083E-02
    103  4.4181413735471264E-01  7.7820834383204579E+08  2.0577783057958941E+09  1.655450E+18  2.400435E+14  0.000000E+00  2.400435E+14  5.000000E-01  3.330669E-16 -3.525540E+12 -1.468709E-02
    104  4.4233842534299389E-01  7.8006988195958614E+08  2.0576538324149168E+09  1.655450E+18  2.534619E+14  0.000000E+00  2.534619E+14  5.000000E-01  3.330669E-16 -3.730828E+12 -1.471949E-02
    105  4.4338700131955638E-01  8.1195315264981866E+08  2.0602823025879962E+09  1.655450E+18  6.436598E+14  0.000000E+00  6.436598E+14  5.000000E-01  1.110223E-16 -1.002168E+13 -1.556984E-02
    106  4.4338700152927157E-01  8.1195317622760582E+08  2.0602823050164974E+09  1.655450E+18  6.410857E+14  0.000000E+00  6.410857E+14  5.000000E-01  3.330669E-16 -9.882345E+12 -1.541501E-02
    107  4.4338700194870195E-01  8.1195322338318014E+08  2.0602823098734994E+09  1.655450E+18  6.410431E+14  0.000000E+00  6.410431E+14  5.000000E-01  3.330669E-16 -9.880095E+12 -1.541253E-02
    108  4.4338700278756271E-01  8.1195331769432878E+08  2.0602823195875034E+09  1.655450E+18  6.410393E+14  0.000000E+00  6.410393E+14  5.000000E-01  3.330669E-16 -9.879993E+12 -1.541246E-02
    109  4.4338700446528428E-01  8.1195350631663227E+08  2.0602823390155122E+09  1.655450E+18  6.410324E+14  0.000000E+00  6.410324E+14  5.000000E-01  0.000000E+00 -9.879827E+12 -1.541237E-02
    110  4.4338700782072743E-01  8.1195388356123924E+08  2.0602823778715296E+09  1.655450E+18  6.410186E+14  0.000000E+00  6.410186E+14  5.000000E-01  0.000000E+00 -9.879495E+12 -1.541218E-02
    111  4.4338701453161367E-01  8.1195463805044687E+08  2.0602824555835638E+09  1.655450E+18  6.409911E+14  0.000000E+00  6.409911E+14  5.000000E-01  2.220446E-16 -9.878835E+12 -1.541181E-02
    112  4.4338702795338619E-01  8.1195614702886856E+08  2.0602826110076332E+09  1.655450E+18  6.409367E+14  0.000000E+00  6.409367E+14  5.000000E-01  1.110223E-16 -9.877525E+12 -1.541108E-02
    113  4.4338705479693119E-01  8.1195916498570561E+08  2.0602829218557711E+09  1.655450E+18  6.408296E+14  0.000000E+00  6.408296E+14  5.000000E-01  2.220446E-16 -9.874945E+12 -1.540963E-02
    114  4.4338710848402119E-01  8.1196520089937985E+08  2.0602835435520468E+09  1.655450E+18  6.406229E+14  0.000000E+00  6.406229E+14  5.000000E-01  4.440892E-16 -9.869944E+12 -1.540679E-02
    115  4.4338721585820118E-01  8.1197727272672808E+08  2.0602847869445980E+09  1.655450E+18  6.402384E+14  0.000000E+00  6.402384E+14  5.000000E-01  5.551115E-16 -9.860560E+12 -1.540139E-02
    116  4.4338743060656116E-01  8.1200141638142467E+08  2.0602872737297008E+09  1.655450E+18  6.395764E+14  0.000000E+00  6.395764E+14  5.000000E-01  5.551115E-16 -9.844082E+12 -1.539156E-02
    117  4.4338786010328118E-01  8.1204970369082415E+08  2.0602922472999070E+09  1.655450E+18  6.386236E+14  0.000000E+00  6.386236E+14  5.000000E-01  2.220446E-16 -9.819064E+12 -1.537535E-02
    118  4.4338871909672117E-01  8.1214627830961680E+08  2.0603021944403183E+09  1.655450E+18  6.378360E+14  0.000000E+00  6.378360E+14  5.000000E-01  3.330669E-16 -9.792943E+12 -1.535339E-02
    119  4.4339043708360115E-01  8.1233942754720223E+08  2.0603220887211416E+09  1.655450E+18  6.388448E+14  0.000000E+00  6.388448E+14  5.000000E-01  0.000000E+00 -9.795948E+12 -1.533385E-02
    120  4.4339387305736117E-01  8.1272572602237904E+08  2.0603618772827885E+09  1.655450E+18  6.445660E+14  0.000000E+00  6.445660E+14  5.000000E-01  2.220446E-16 -9.881006E+12 -1.532970E-02
    121  4.4340074500488119E-01  8.1349832297273290E+08  2.0604414544060824E+09  1.655450E+18  6.584807E+14  0.000000E+00  6.584807E+14  5.000000E-01  2.220446E-16 -1.010306E+13 -1.534299E-02
    122  4.4341448889992119E-01  8.1504351687343431E+08  2.0606006086526694E+09  1.655450E+18  6.874916E+14  0.000000E+00  6.874916E+14  5.000000E-01  3.330669E-16 -1.056842E+13 -1.537243E-02
    123  4.4344197669000118E-01  8.1813390467483711E+08  2.0609189171458433E+09  1.655450E+18  7.490658E+14  0.000000E+00  7.490658E+14  5.000000E-01  4.440892E-16 -1.155828E+13 -1.543026E-02
    124  4.4349695227016117E-01  8.2431468027764285E+08  2.0615555341321914E+09  1.655450E+18  8.881921E+14  0.000000E+00  8.881921E+14  5.000000E-01  5.551115E-16 -1.380729E+13 -1.554538E-02
    125  4.4360690343048115E-01  8.3667623148325408E+08  2.0628287681048872E+09  1.655450E+18  1.243140E+15  0.000000E+00  1.243140E+15  5.000000E-01  4.440892E-16 -1.960951E+13 -1.577417E-02
    126  4.4382680575112116E-01  8.6139933389448297E+08  2.0653752360502799E+09  1.655451E+18  2.389225E+15  0.000000E+00  2.389225E+15  5.000000E-01  4.440892E-16 -3.873837E+13 -1.621378E-02
    127  4.4382680579510164E-01  8.6139933883910584E+08  2.0653752365595737E+09  1.655451E+18  2.389553E+15  0.000000E+00  2.389553E+15  5.000000E-01  7.771561E-16 -3.875717E+13 -1.621943E-02
    128  4.4382680588306256E-01  8.6139934872834551E+08  2.0653752375781608E+09  1.655451E+18  2.389552E+15  0.000000E+00  2.389552E+15  5.000000E-01  6.661338E-16 -3.875705E+13 -1.621938E-02
    129  4.4382680605898439E-01  8.6139936850682473E+08  2.0653752396153347E+09  1.655451E+18  2.389554E+15  0.000000E+00  2.389554E+15  5.000000E-01  1.110223E-15 -3.875710E+13 -1.621939E-02
    130  4.4382680641082811E-01  8.6139940806378949E+08  2.0653752436896837E+09  1.655451E+18  2.389560E+15  0.000000E+00  2.389560E+15  5.000000E-01  8.881784E-16 -3.875721E+13 -1.621940E-02
    131  4.4382680711451555E-01  8.6139948717771888E+08  2.0653752518383813E+09  1.655451E+18  2.389570E+15  0.000000E+00  2.389570E+15  5.000000E-01  5.551115E-16 -3.875742E+13 -1.621941E-02
    132  4.4382680852189038E-01  8.6139964540557158E+08  2.0653752681357758E+09  1.655451E+18  2.389592E+15  0.000000E+00  2.389592E+15  5.000000E-01  6.661338E-16 -3.875785E+13 -1.621945E-02
    133  4.4382681133664009E-01  8.6139996186128330E+08  2.0653753007305655E+09  1.655451E+18  2.389634E+15  0.000000E+00  2.389634E+15  5.000000E-01  4.440892E-16 -3.875871E+13 -1.621951E-02
    134  4.4382681696613951E-01  8.6140059477270651E+08  2.0653753659201453E+09  1.655451E+18  2.389720E+15  0.000000E+00  2.389720E+15  5.000000E-01  3.330669E-16 -3.876041E+13 -1.621965E-02
    135  4.4382682822513836E-01  8.6140186059555316E+08  2.0653754962993042E+09  1.655451E+18  2.389889E+15  0.000000E+00  2.389889E+15  5.000000E-01  5.551115E-16 -3.876380E+13 -1.621992E-02
    136  4.4382685074313599E-01  8.6140439224124002E+08  2.0653757570576220E+09  1.655451E+18  2.390226E+15  0.000000E+00  2.390226E+15  5.000000E-01  4.440892E-16 -3.877052E+13 -1.622044E-02
    137  4.4382689577913126E-01  8.6140945553261375E+08  2.0653762785742571E+09  1.655451E+18  2.390886E+15  0.000000E+00  2.390886E+15  5.000000E-01  4.440892E-16 -3.878368E+13 -1.622146E-02
    138  4.4382698585112179E-01  8.6141958211536121E+08  2.0653773216075275E+09  1.655451E+18  2.392163E+15  0.000000E+00  2.392163E+15  5.000000E-01  3.330669E-16 -3.880898E+13 -1.622338E-02
    139  4.4382716599510286E-01  8.6143983528085613E+08  2.0653794076740685E+09  1.655451E+18  2.394555E+15  0.000000E+00  2.394555E+15  5.000000E-01  2.220446E-16 -3.885591E+13 -1.622678E-02
    140  4.4382752628306499E-01  8.6148034161184609E+08  2.0653835798071501E+09  1.655451E+18  2.398811E+15  0.000000E+00  2.398811E+15  5.000000E-01  4.440892E-16 -3.893786E+13 -1.623215E-02
    141  4.4382824685898925E-01  8.6156135427382600E+08  2.0653919240733135E+09  1.655451E+18  2.405923E+15  0.000000E+00  2.405923E+15  5.000000E-01  5.551115E-16 -3.907001E+13 -1.623909E-02
    142  4.4382968801083778E-01  8.6172337959778583E+08  2.0654086126056402E+09  1.655451E+18  2.417585E+15  0.000000E+00  2.417585E+15  5.000000E-01  8.881784E-16 -3.927612E+13 -1.624601E-02
    143  4.4383257031453488E-01  8.6204743024571168E+08  2.0654419896702940E+09  1.655451E+18  2.438547E+15  0.000000E+00  2.438547E+15  5.000000E-01  5.551115E-16 -3.963418E+13 -1.625320E-02
    144  4.4383833492192909E-01  8.6269553154156327E+08  2.0655087437996020E+09  1.655451E+18  2.480141E+15  0.000000E+00  2.480141E+15  5.000000E-01  5.551115E-16 -4.034038E+13 -1.626536E-02
    145  4.4384986413671745E-01  8.6399173413326037E+08  2.0656422520582173E+09  1.655451E+18  2.565145E+15  0.000000E+00  2.565145E+15  5.000000E-01  5.551115E-16 -4.178400E+13 -1.628914E-02
    146  4.4387292256629418E-01  8.6658413931665444E+08  2.0659092685754480E+09  1.655451E+18  2.743295E+15  0.000000E+00  2.743295E+15  5.000000E-01  4.440892E-16 -4.481476E+13 -1.633611E-02
    147  4.4391903942544764E-01  8.7176894968344259E+08  2.0664433016099093E+09  1.655451E+18  3.135549E+15  0.000000E+00  3.135549E+15  5.000000E-01  8.881784E-16 -5.151715E+13 -1.643002E-02
    148  4.4392826279727832E-01  8.7280591175679898E+08  2.0665501082168014E+09  1.655451E+18  3.221151E+15  0.000000E+00  3.221151E+15  5.000000E-01  5.551115E-16 -5.299076E+13 -1.645088E-02
    149  4.4394670954093973E-01  8.7487983590351796E+08  2.0667637214305863E+09  1.655451E+18  3.396828E+15  0.000000E+00  3.396828E+15  5.000000E-01  3.330669E-16 -5.600736E+13 -1.648814E-02
    150  4.4398360302826251E-01  8.9642747172190654E+08  2.0673016297957211E+09  1.655451E+18  5.886182E+15  0.000000E+00  5.886182E+15  5.000000E-01  5.551115E-16 -1.005011E+14 -1.707406E-02
    151  4.4398643846531943E-01  9.1955501780245912E+08  2.0674795531724920E+09  1.655451E+18  9.999555E+15  0.000000E+00  9.999555E+15  5.000000E-01  4.440892E-16 -1.716763E+14 -1.716840E-02
    152  4.4399210933943323E-01  9.6581010996311164E+08  2.0678353999260311E+09  1.655451E+18  2.953749E+16  0.000000E+00  2.953749E+16  5.000000E-01  3.330669E-16 -5.335814E+14 -1.806455E-02
    153  4.4400345108766087E-01  1.0583202942848693E+09  2.0685470934331121E+09  1.655452E+18  2.140321E+17  0.000000E+00  2.140321E+17  5.000000E-01  4.440892E-16 -4.224438E+15 -1.973741E-02
    154  4.4402613458411616E-01  1.2433406629283848E+09  2.0699704804472747E+09  1.655501E+18  8.724377E+18  0.000000E+00  8.724377E+18  5.000000E-01 -1.416177E-06 -3.593435E+17 -4.118844E-02
    155  4.4402928393483065E-01  1.2690286793826275E+09  2.0701681018730054E+09  1.655527E+18  1.041229E+19  0.000000E+00  1.041229E+19  5.000000E-01 -1.580376E-06 -2.464281E+17 -2.366706E-02
    156  4.4403474265040876E-01  1.3135532777210205E+09  2.0705106357007689E+09  1.655611E+18  2.202600E+19  0.000000E+00  2.202600E+19  5.000000E-01 -1.580376E-06 -4.705198E+17 -2.136201E-02
    157  4.4403583439352440E-01  1.3224581973887897E+09  2.0705791424663224E+09  1.655636E+18  2.508120E+19  0.000000E+00  2.508120E+19  5.000000E-01 -1.580376E-06 -5.432870E+17 -2.166112E-02
    158  4.4403801787975566E-01  1.3402680367243278E+09  2.0707161559974291E+09  1.655700E+18  3.379397E+19  0.000000E+00  3.379397E+19  5.000000E-01 -1.580376E-06 -7.201272E+17 -2.130934E-02
    159  4.4404238485221814E-01  1.3758877153949516E+09  2.0709901830596392E+09  1.655904E+18  6.342214E+19  0.000000E+00  6.342214E+19  5.000000E-01 -1.580376E-06 -1.241875E+18 -1.958109E-02
    160  4.4405111879714315E-01  1.4471270727366519E+09  2.0715382371840627E+09  1.656990E+18  2.132981E+20  0.000000E+00  2.132981E+20  5.000000E-01 -1.580513E-06 -3.422688E+18 -1.604650E-02
    161  4.4405285709603926E-01  1.4613056938854511E+09  2.0716473152567630E+09  1.657397E+18  2.584279E+20  0.000000E+00  2.584279E+20  5.000000E-01 -1.580514E-06 -4.265174E+18 -1.650431E-02
    162  4.4405633369383152E-01  1.4896629361835022E+09  2.0718654714021671E+09  1.658489E+18  3.752744E+20  0.000000E+00  3.752744E+20  5.000000E-01 -1.580514E-06 -6.240113E+18 -1.662813E-02
    163  4.4406328688941599E-01  1.5463774207791519E+09  2.0723017836929717E+09  1.662245E+18  7.395633E+20  0.000000E+00  7.395633E+20  5.000000E-01 -1.582325E-06 -1.287415E+19 -1.740777E-02
    164  4.4406467752853290E-01  1.5577203176984630E+09  2.0723890461511340E+09  1.663341E+18  8.386783E+20  0.000000E+00  8.386783E+20  5.000000E-01 -1.582325E-06 -1.460894E+19 -1.741900E-02
    165  4.4406745880676668E-01  1.5804061115366323E+09  2.0725635710674551E+09  1.665985E+18  1.069905E+21  0.000000E+00  1.069905E+21  5.000000E-01 -1.582325E-06 -1.890345E+19 -1.766834E-02
    166  4.4407302136323429E-01  1.6257776992134237E+09  2.0729126209001009E+09  1.673506E+18  1.663704E+21  0.000000E+00  1.663704E+21  5.000000E-01 -1.582325E-06 -3.027078E+19 -1.819481E-02
    167  4.4407413387452782E-01  1.6348520167488725E+09  2.0729824308666308E+09  1.675432E+18  1.799884E+21  0.000000E+00  1.799884E+21  5.000000E-01 -1.582325E-06 -3.283144E+19 -1.824086E-02
    168  4.4407635889711489E-01  1.6530006518197703E+09  2.0731220507996905E+09  1.679757E+18  2.091066E+21  0.000000E+00  2.091066E+21  5.000000E-01 -1.582325E-06 -3.850299E+19 -1.841309E-02
    169  4.4408080894228896E-01  1.6892979219611130E+09  2.0734012906658065E+09  1.690413E+18  2.702009E+21  0.000000E+00  2.702009E+21  5.000000E-01 -1.582325E-06 -5.108746E+19 -1.890722E-02
    170  4.4408970903263711E-01  1.7618924622437980E+09  2.0739597703980384E+09  1.719335E+18  3.685850E+21  0.000000E+00  3.685850E+21  5.000000E-01 -1.598016E-06 -6.699763E+19 -1.817698E-02
    171  4.4409131449113481E-01  1.7749875564534490E+09  2.0740605127497258E+09  1.725389E+18  3.826549E+21  0.000000E+00  3.826549E+21  5.000000E-01 -1.600547E-06 -7.464969E+19 -1.950836E-02
    172  4.4409410683419620E-01  1.7977636017432568E+09  2.0742357319828146E+09  1.736261E+18  3.948627E+21  0.000000E+00  3.948627E+21  5.000000E-01 -1.600547E-06 -7.724323E+19 -1.956205E-02
    173  4.4409969152031903E-01  1.8433156923233252E+09  2.0745861704489951E+09  1.758431E+18  3.933077E+21  0.000000E+00  3.933077E+21  5.000000E-01 -1.600547E-06 -7.715649E+19 -1.961734E-02
    174  4.4411059876286929E-01  1.9322817845442262E+09  2.0752705987705710E+09  1.797720E+18  2.432135E+21  0.000000E+00  2.432135E+21  5.000000E-01 -1.811577E-06  2.548703E+19  1.047928E-02
    175  4.4411195632981532E-01  1.9433549247590487E+09  2.0753557859534922E+09  1.801905E+18  3.045178E+21  0.000000E+00  3.045178E+21  4.999999E-01 -1.849793E-06 -6.588664E+19 -2.163639E-02
    176  4.4411373821337130E-01  1.9578890488548613E+09  2.0754675989590108E+09  1.807089E+18  2.815041E+21  0.000000E+00  2.815041E+21  4.999999E-01 -1.849793E-06 -5.572564E+19 -1.979567E-02
    177  4.4411730198048327E-01  1.9869572970464861E+09  2.0756912249700482E+09  1.816431E+18  2.437015E+21  0.000000E+00  2.437015E+21  4.999999E-01 -1.849793E-06 -4.937942E+19 -2.026226E-02
    178  4.4412442951470726E-01  2.0450937934301889E+09  2.0761384769921265E+09  1.831101E+18  1.581709E+21  0.000000E+00  1.581709E+21  4.999999E-01 -1.849793E-06 -1.921816E+19 -1.215025E-02
    179  4.4413404626986824E-01  2.1235338870262516E+09  2.0767419273659036E+09  1.843749E+18  8.146635E+20  0.000000E+00  8.146635E+20  4.999999E-01 -1.849793E-06  1.641276E+18  2.014667E-03
    180  4.4414797554663549E-01  2.2371495250515833E+09  2.0776159880163968E+09  1.852843E+18  3.278395E+20  0.000000E+00  3.278395E+20  4.999999E-01 -2.039215E-06  4.895803E+18  1.493354E-02
    181  4.4414980356574874E-01  2.2520599587621531E+09  2.0777306960232761E+09  1.853554E+18  3.629256E+20  0.000000E+00  3.629256E+20  4.999999E-01 -2.112111E-06 -7.306160E+18 -2.013129E-02
    182  4.4415327020393797E-01  2.2803359644912300E+09  2.0779482272046385E+09  1.854702E+18  2.982824E+20  0.000000E+00  2.982824E+20  4.999999E-01 -2.112111E-06 -6.423603E+18 -2.153531E-02
    183  4.4416004394911418E-01  2.3355867426096144E+09  2.0783732790012200E+09  1.856376E+18  2.047506E+20  0.000000E+00  2.047506E+20  4.999999E-01 -2.112111E-06 -4.532792E+18 -2.213812E-02
    184  4.4417359143946655E-01  2.4460882988459315E+09  2.0792233825943792E+09  1.858392E+18  1.028643E+20  0.000000E+00  1.028643E+20  4.999998E-01 -2.112126E-06 -1.683969E+18 -1.637078E-02
    185  4.4417602142728557E-01  2.4659087547866802E+09  2.0793758640741627E+09  1.858646E+18  1.002306E+20  0.000000E+00  1.002306E+20  4.999998E-01 -2.112306E-06 -2.097235E+18 -2.092410E-02
    186  4.4418088140292356E-01  2.5055496666677256E+09  2.0796808270337260E+09  1.859097E+18  8.653896E+19  0.000000E+00  8.653896E+19  4.999998E-01 -2.112306E-06 -1.754699E+18 -2.027641E-02
    187  4.4419060135419958E-01  2.5848314904302692E+09  2.0802907529528563E+09  1.859855E+18  7.376558E+19  0.000000E+00  7.376558E+19  4.999998E-01 -2.113031E-06 -1.365679E+18 -1.851376E-02
    188  4.4421004125675156E-01  2.7433951379549036E+09  2.0815106047911134E+09  1.861456E+18  1.729132E+19  0.000000E+00  1.729132E+19  4.999997E-01 -2.104187E-06  9.857860E+18  5.701044E-01
    189  4.4421323385659356E-01  2.7694359205503640E+09  2.0817109400950410E+09  1.861866E+18  1.463137E+20  0.000000E+00  1.463137E+20  4.999997E-01 -2.124398E-06 -1.990934E+18 -1.360730E-02
    190  4.4421848152813725E-01  2.8122391156154814E+09  2.0820402309318664E+09  1.862759E+18  2.055658E+20  0.000000E+00  2.055658E+20  4.999997E-01 -2.126671E-06 -2.338730E+18 -1.137704E-02
    191  4.4422897687122459E-01  2.8978455057452631E+09  2.0826988126055136E+09  1.865873E+18  4.306017E+20  0.000000E+00  4.306017E+20  4.999997E-01 -2.128335E-06 -5.896395E+18 -1.369339E-02
    192  4.4423107593984207E-01  2.9149667837713099E+09  2.0828305289402437E+09  1.866805E+18  4.765805E+20  0.000000E+00  4.765805E+20  4.999997E-01 -2.128995E-06 -5.563588E+18 -1.167397E-02
    193  4.4423527407707702E-01  2.9492093398234034E+09  2.0830939616097040E+09  1.869100E+18  6.266273E+20  0.000000E+00  6.266273E+20  4.999997E-01 -2.128995E-06 -7.802980E+18 -1.245234E-02
    194  4.4424367035154694E-01  3.0176944519275908E+09  2.0836208269486244E+09  1.875990E+18  1.068937E+21  0.000000E+00  1.068937E+21  4.999997E-01 -2.135877E-06 -1.621891E+19 -1.517294E-02
    195  4.4424534960644091E-01  3.0313914743483381E+09  2.0837262000164080E+09  1.877844E+18  1.160751E+21  0.000000E+00  1.160751E+21  4.999997E-01 -2.135877E-06 -1.542565E+19 -1.328937E-02
    196  4.4424870811622885E-01  3.0587855191898317E+09  2.0839369461519747E+09  1.882147E+18  1.412283E+21  0.000000E+00  1.412283E+21  4.999996E-01 -2.135877E-06 -1.955236E+19 -1.384451E-02
    197  4.4425542513580474E-01  3.1135736088728194E+09  2.0843584384231083E+09  1.893611E+18  2.057445E+21  0.000000E+00  2.057445E+21  4.999996E-01 -2.135877E-06 -3.185397E+19 -1.548229E-02
    198  4.4426885917495657E-01  3.2231497882392478E+09  2.0852014229653790E+09  1.931961E+18  4.097177E+21  0.000000E+00  4.097177E+21  4.999996E-01 -2.336806E-06 -6.964214E+19 -1.699759E-02
    199  4.4427104706691495E-01  3.2409955633599434E+09  2.0853387129553986E+09  1.940570E+18  4.098603E+21  0.000000E+00  4.098603E+21  4.999996E-01 -2.336806E-06 -7.425210E+19 -1.811644E-02
    200  4.4427442826094177E-01  3.2685746346257167E+09  2.0855508825245662E+09  1.955263E+18  4.595564E+21  0.000000E+00  4.595564E+21  4.999996E-01 -2.336806E-06 -8.815844E+19 -1.918338E-02
    201  4.4428119064899541E-01  3.3237327771572628E+09  2.0859752216629019E+09  1.989411E+18  5.479085E+21  0.000000E+00  5.479085E+21  4.999996E-01 -2.336806E-06 -1.171142E+20 -2.137478E-02
    202  4.4429471542510268E-01  3.4340490622203546E+09  2.0868238999395730E+09  2.069373E+18  6.284078E+21  0.000000E+00  6.284078E+21  4.999995E-01 -2.336744E-06 -1.249439E+20 -1.988262E-02
    203  4.4429668616020601E-01  3.4501235741914444E+09  2.0869475633598030E+09  2.081161E+18  5.874626E+21  0.000000E+00  5.874626E+21  4.999995E-01 -2.336745E-06 -1.361323E+20 -2.317292E-02
    204  4.4429982123449485E-01  3.4756951434505911E+09  2.0871442889413271E+09  2.099440E+18  5.683289E+21  0.000000E+00  5.683289E+21  4.999995E-01 -2.336745E-06 -1.367156E+20 -2.405573E-02
    205  4.4430609138307253E-01  3.5268382819688849E+09  2.0875377401043756E+09  2.133298E+18  4.882661E+21  0.000000E+00  4.882661E+21  4.999995E-01 -2.336745E-06 -1.136299E+20 -2.327212E-02
    206  4.4431863168022789E-01  3.6291245590054727E+09  2.0883246424304726E+09  2.186407E+18  3.186707E+21  0.000000E+00  3.186707E+21  4.999994E-01 -2.333777E-06 -1.841912E+20 -5.779985E-02
    207  4.4433588466598434E-01  3.7698503854295683E+09  2.0894072654700758E+09  2.229178E+18  1.412836E+21  0.000000E+00  1.412836E+21  4.999993E-01 -5.202448E-06 -9.126391E+19 -6.459626E-02
    208  4.4433807855353818E-01  3.7877450642669053E+09  2.0895449316830795E+09  2.232702E+18  1.459010E+21  0.000000E+00  1.459010E+21  4.999993E-01 -5.432184E-06 -3.313221E+19 -2.270870E-02
    209  4.4434178967572696E-01  3.8180152299268579E+09  2.0897778042096710E+09  2.237925E+18  1.270409E+21  0.000000E+00  1.270409E+21  4.999993E-01 -5.432184E-06 -3.356318E+19 -2.641919E-02
    210  4.4434921192010451E-01  3.8785555612467628E+09  2.0902435492628541E+09  2.246053E+18  6.127142E+20  0.000000E+00  6.127142E+20  4.999993E-01 -5.432184E-06  3.186393E+19  5.200455E-02
    211  4.4436405640885962E-01  3.9996362238865733E+09  2.0911750393692205E+09  2.255913E+18  1.301972E+21  0.000000E+00  1.301972E+21  4.999992E-01 -5.432184E-06 -1.113221E+20 -8.550269E-02
    212  4.4436629104998226E-01  4.0178633135732384E+09  2.0913152628643751E+09  2.256897E+18  4.179137E+20  0.000000E+00  4.179137E+20  4.999992E-01 -5.432184E-06 -9.391787E+18 -2.247303E-02
    213  4.4437029262955735E-01  4.0505026260177760E+09  2.0915663615613747E+09  2.258426E+18  2.770655E+20  0.000000E+00  2.770655E+20  4.999992E-01 -5.432184E-06  2.747455E+17  9.916265E-04
    214  4.4437829578870747E-01  4.1157812509063988E+09  2.0920685589553699E+09  2.260768E+18  1.517016E+20  0.000000E+00  1.517016E+20  4.999992E-01 -5.432184E-06 -3.158451E+19 -2.082015E-01
    215  4.4439430210700770E-01  4.2463385006836438E+09  2.0930729537433608E+09  2.263534E+18 -9.815918E+21  0.000000E+00 -9.815918E+21  4.999992E-01 -5.432184E-06  2.508424E+21 -2.555466E-01
    216  4.4439653810745178E-01  4.2645766778211865E+09  2.0932132625357921E+09  2.263786E+18  7.945202E+18  0.000000E+00  7.945202E+18  4.999992E-01 -5.432184E-06  3.799422E+19  4.782034E+00
    217  4.4440034190627303E-01  4.2956027703612728E+09  2.0934519505113137E+09  2.264152E+18  3.293301E+20  0.000000E+00  3.293301E+20  4.999992E-01 -5.432184E-06 -7.959850E+19 -2.416983E-01
    218  4.4440794950391560E-01  4.3576549554418983E+09  2.0939293264623601E+09  2.264696E+18  2.194027E+21  0.000000E+00  2.194027E+21  4.999992E-01 -5.432184E-06 -6.869024E+20 -3.130784E-01
    219  4.4442316469920068E-01  4.4817593256026955E+09  2.0948840783644497E+09  2.265212E+18  1.855620E+22  0.000000E+00  1.855620E+22  4.999991E-01 -5.432184E-06 -8.169945E+21 -4.402812E-01
    220  4.4442510068258312E-01  4.4975503814398193E+09  2.0950055611178527E+09  2.265232E+18  4.438060E+20  0.000000E+00  4.438060E+20  4.999991E-01 -5.432184E-06 -1.443312E+20 -3.252124E-01
    221  4.4442817050030553E-01  4.5225896785247555E+09  2.0951981918567047E+09  2.265261E+18  1.793496E+20  0.000000E+00  1.793496E+20  4.999991E-01 -5.432184E-06 -9.714692E+19 -5.416623E-01
    222  4.4443431013575035E-01  4.5726682726946259E+09  2.0955834533344085E+09  2.265286E+18  1.701933E+21  0.000000E+00  1.701933E+21  4.999991E-01 -5.432184E-06 -9.333454E+20 -5.484033E-01
    223  4.4444658940664006E-01  4.6728254610348206E+09  2.0963539762898197E+09  2.265309E+18  3.001376E+21  0.000000E+00  3.001376E+21  4.999991E-01 -5.432184E-06 -1.159467E+21 -3.863120E-01
    224  4.4444861850967832E-01  4.6893760573194084E+09  2.0964813022918208E+09  2.265319E+18  5.541370E+20  0.000000E+00  5.541370E+20  4.999991E-01 -5.432184E-06 -2.087765E+20 -3.767596E-01
    225  4.4445194175959152E-01  4.7164825012156086E+09  2.0966898358739600E+09  2.265342E+18  4.772236E+20  0.000000E+00  4.772236E+20  4.999991E-01 -5.432184E-06 -3.540057E+20 -7.418025E-01
    226  4.4445858825941792E-01  4.7706953890080070E+09  2.0971069030382388E+09  2.265431E+18  6.399929E+20  0.000000E+00  6.399929E+20  4.999990E-01 -5.432184E-06 -2.311322E+21 -3.611481E+00
    227  4.4447188125907072E-01  4.8791211645928059E+09  2.0979410373667960E+09  2.265896E+18  2.806484E+22  0.000000E+00  2.806484E+22  4.999990E-01 -5.432184E-06  3.252798E+22  1.159030E+00
    228  4.4447384838935139E-01  4.8951662734417076E+09  2.0980644745847833E+09  2.266022E+18  2.376169E+21  0.000000E+00  2.376169E+21  4.999990E-01 -5.432184E-06  1.409719E+21  5.932739E-01
    229  4.4447697304082773E-01  4.9206528279142132E+09  2.0982605461359205E+09  2.266254E+18 -1.537926E+20  0.000000E+00 -1.537926E+20  4.999990E-01 -5.432184E-06 -3.943384E+20  2.564092E+00
    230  4.4448322234378046E-01  4.9716259368596783E+09  2.0986526892381985E+09  2.266898E+18 -1.415610E+22  0.000000E+00 -1.415610E+22  4.999990E-01 -5.432184E-06 -5.017245E+21  3.544228E-01
    231  4.4448447220437098E-01  4.9818205586485901E+09  2.0987311178586526E+09  2.267058E+18 -8.457939E+20  0.000000E+00 -8.457939E+20  4.999990E-01 -5.432184E-06 -2.895300E+20  3.423175E-01
    232  4.4448570558972234E-01  4.9918807983843966E+09  2.0988085126595836E+09  2.267232E+18 -6.365440E+19  0.000000E+00 -6.365440E+19  4.999989E-01 -5.432184E-06 -6.204417E+19  9.747036E-01
    233  4.4448817236042504E-01  5.0120012778560104E+09  2.0989633022614450E+09  2.267619E+18 -2.164813E+22  0.000000E+00 -2.164813E+22  4.999989E-01 -5.432184E-06  4.214373E+21 -1.946761E-01
    234  4.4449310590183044E-01  5.0522422367992373E+09  2.0992728814651682E+09  2.268586E+18 -1.519399E+22  0.000000E+00 -1.519399E+22  4.999989E-01 -5.432184E-06 -3.639228E+21  2.395175E-01
    235  4.4450297298464125E-01  5.1327241546856918E+09  2.0998920398726146E+09  2.271503E+18 -1.687282E+23  0.000000E+00 -1.687282E+23  4.999988E-01 -5.432184E-06  1.893143E+22 -1.122007E-01
    236  4.4450428577887613E-01  5.1434321014860687E+09  2.0999744175726254E+09  2.272027E+18 -4.154828E+21  0.000000E+00 -4.154828E+21  4.999988E-01 -5.432184E-06 -7.200165E+19  1.732963E-02
    237  4.4450620100353827E-01  5.1590538365974512E+09  2.1000945977185156E+09  2.272845E+18 -3.702382E+21  0.000000E+00 -3.702382E+21  4.999988E-01 -5.432184E-06 -4.338092E+20  1.171703E-01
    238  4.4451003145286255E-01  5.1902973068202171E+09  2.1003349580102959E+09  2.274737E+18 -5.383510E+22  0.000000E+00 -5.383510E+22  4.999987E-01 -5.432184E-06 -3.204009E+21  5.951523E-02
    239  4.4451079754272743E-01  5.1965460008649511E+09  2.1003830300686533E+09  2.275158E+18 -2.481145E+21  0.000000E+00 -2.481145E+21  4.999987E-01 -5.432184E-06 -1.633617E+20  6.584126E-02
    240  4.4451182668718048E-01  5.2049403278359013E+09  2.1004476087747207E+09  2.275752E+18 -5.624710E+20  0.000000E+00 -5.624710E+20  4.999987E-01 -5.432184E-06 -1.269732E+20  2.257418E-01
    241  4.4451388497608657E-01  5.2217289817777996E+09  2.1005767661868551E+09  2.277032E+18 -9.603044E+21  0.000000E+00 -9.603044E+21  4.999987E-01 -5.432184E-06 -6.766057E+20  7.045742E-02
    242  4.4451800155389881E-01  5.2553062896620493E+09  2.1008350810111277E+09  2.280001E+18 -1.351176E+23  0.000000E+00 -1.351176E+23  4.999986E-01 -5.432184E-06 -4.549413E+21  3.367003E-02
    243  4.4451882486946126E-01  5.2620217512388992E+09  2.1008867439759822E+09  2.280664E+18 -7.721700E+21  0.000000E+00 -7.721700E+21  4.999986E-01 -5.432184E-06 -2.215661E+20  2.869396E-02
    244  4.4452014521025901E-01  5.2727912523877335E+09  2.1009695952220187E+09  2.281785E+18 -3.711344E+21  0.000000E+00 -3.711344E+21  4.999985E-01 -5.432184E-06 -3.015687E+20  8.125593E-02
    245  4.4452278589185446E-01  5.2943302546849499E+09  2.1011352977140882E+09  2.284237E+18 -4.344630E+22  0.000000E+00 -4.344630E+22  4.999985E-01 -5.432184E-06 -1.753234E+21  4.035405E-02
    246  4.4452806725504540E-01  5.3374082592798357E+09  2.1014667026982310E+09  2.290078E+18 -5.978744E+23  0.000000E+00 -5.978744E+23  4.999983E-01 -5.432184E-06 -9.700966E+21  1.622576E-02
    247  4.4452912352768359E-01  5.3460238601988125E+09  2.1015329836950595E+09  2.291399E+18 -4.351128E+22  0.000000E+00 -4.351128E+22  4.999983E-01 -5.432184E-06 -4.304667E+20  9.893221E-03
    248  4.4453071474104672E-01  5.3590027624424210E+09  2.1016328321660528E+09  2.293503E+18 -1.547978E+22  0.000000E+00 -1.547978E+22  4.999982E-01 -5.432184E-06 -7.330098E+20  4.735271E-02
    249  4.4453389716777297E-01  5.3849605669296360E+09  2.1018325291080389E+09  2.298087E+18 -1.442941E+23  0.000000E+00 -1.442941E+23  4.999981E-01 -5.432184E-06 -4.361400E+21  3.022577E-02
    250  4.4454026202122543E-01  5.4368761759036140E+09  2.1022319229920080E+09  2.308712E+18  4.559289E+23  0.000000E+00  4.559289E+23  4.999977E-01 -5.432184E-06 -9.743700E+22 -2.137109E-01
    251  4.4454128915688834E-01  5.4452541179626570E+09  2.1022963756467056E+09  2.310580E+18  1.193659E+22  0.000000E+00  1.193659E+22  4.999977E-01 -5.432184E-06 -4.060440E+21 -3.401674E-01
    252  4.4454315159415081E-01  5.4604452869941330E+09  2.1024132433888245E+09  2.314088E+18 -2.600909E+22  0.000000E+00 -2.600909E+22  4.999976E-01 -5.432184E-06 -2.372081E+21  9.120199E-02
    253  4.4454687646867574E-01  5.4908276250570831E+09  2.1026469788730619E+09  2.321426E+18 -3.450500E+23  0.000000E+00 -3.450500E+23  4.999973E-01 -5.432184E-06 -1.143253E+22  3.313296E-02
    254  4.4455432621772556E-01  5.5515923011825333E+09  2.1031144498415337E+09  2.336689E+18  3.070911E+24  0.000000E+00  3.070911E+24  4.999965E-01 -5.432184E-06 -1.943112E+23 -6.327477E-02
    255  4.4456601392047690E-01  5.6469243006346931E+09  2.1038478519585502E+09  2.358615E+18 -5.430918E+24  0.000000E+00 -5.430918E+24  4.999950E-01 -5.432184E-06  4.273955E+23 -7.869673E-02
    256  4.4456752545464423E-01  5.6592532909827242E+09  2.1039427005683968E+09  2.361106E+18 -2.111680E+23  0.000000E+00 -2.111680E+23  4.999947E-01 -5.432184E-06  1.547167E+22 -7.326713E-02
    257  4.4457047647034909E-01  5.6833235666856480E+09  2.1041278764931560E+09  2.365567E+18 -9.918457E+22  0.000000E+00 -9.918457E+22  4.999942E-01 -5.432184E-06 -1.345239E+22  1.356298E-01
    258  4.4457637850175874E-01  5.7314641180910416E+09  2.1044982283426709E+09  2.373206E+18 -3.415986E+23  0.000000E+00 -3.415986E+23  4.999932E-01 -5.432184E-06 -9.879970E+22  2.892274E-01
    259  4.4458818256457805E-01  5.8277452209018307E+09  2.1052389320417006E+09  2.383578E+18  5.589337E+24  0.000000E+00  5.589337E+24  4.999908E-01 -5.432184E-06  1.101754E+21  1.971171E-04
    260  4.4460533341645347E-01  5.9676379813850374E+09  2.1063151461910238E+09  2.392330E+18 -1.968986E+25  0.000000E+00 -1.968986E+25  4.999869E-01 -5.462190E-05 -1.564330E+21  7.944851E-05
    261  4.4460734496845911E-01  5.9840454207919741E+09  2.1064413708675754E+09  2.392691E+18  2.629294E+24  0.000000E+00  2.629294E+24  4.999864E-01 -5.462261E-05 -1.182476E+23 -4.497313E-02
    262  4.4460981013587381E-01  6.0041528228732548E+09  2.1065960598632836E+09  2.393027E+18  7.840528E+22  0.000000E+00  7.840528E+22  4.999858E-01 -5.462261E-05 -6.309702E+21 -8.047548E-02
    263  4.4461360999270488E-01  6.0351467621481915E+09  2.1068345004793365E+09  2.393447E+18 -5.969105E+22  0.000000E+00 -5.969105E+22  4.999848E-01 -5.462261E-05 -2.203684E+22  3.691816E-01
    264  4.4462120970636709E-01  6.0971346406985168E+09  2.1073113817114458E+09  2.393981E+18 -5.641364E+23  0.000000E+00 -5.641364E+23  4.999829E-01 -5.462261E-05 -1.142443E+23  2.025118E-01
    265  4.4463640913369146E-01  6.2211103977987146E+09  2.1082651441756606E+09  2.393620E+18  3.648405E+24  0.000000E+00  3.648405E+24  4.999788E-01 -5.462261E-05  1.201529E+24  3.293301E-01
    266  4.4463860164752245E-01  6.2389938717184124E+09  2.1084027241876996E+09  2.393504E+18  1.996550E+23  0.000000E+00  1.996550E+23  4.999782E-01 -5.462261E-05  4.634152E+22  2.321080E-01
    267  4.4464298667518448E-01  6.2747608195582619E+09  2.1086778842117808E+09  2.393072E+18 -1.026009E+23  0.000000E+00 -1.026009E+23  4.999770E-01 -5.462261E-05 -2.485688E+22  2.422676E-01
    268  4.4465175673050855E-01  6.3462947152379589E+09  2.1092282042599432E+09  2.391920E+18 -9.204841E+23  0.000000E+00 -9.204841E+23  4.999745E-01 -5.462261E-05 -8.301085E+22  9.018173E-02
    269  4.4466929684115664E-01  6.4893625065969019E+09  2.1103288443562646E+09  2.388426E+18 -2.104579E+24  0.000000E+00 -2.104579E+24  4.999694E-01 -5.462261E-05  3.105772E+24 -1.475721E+00
    270  4.4467201010075136E-01  6.5114934991196175E+09  2.1104991011101470E+09  2.387773E+18 -1.547454E+23  0.000000E+00 -1.547454E+23  4.999686E-01 -5.462261E-05  9.852249E+22 -6.366749E-01
    271  4.4467743661994080E-01  6.5557554841650486E+09  2.1108396146179116E+09  2.386305E+18  3.044393E+22  0.000000E+00  3.044393E+22  4.999670E-01 -5.462261E-05 -3.467180E+22 -1.138874E+00
    272  4.4468828965831969E-01  6.6442794542559090E+09  2.1115206416334410E+09  2.382903E+18  2.487157E+24  0.000000E+00  2.487157E+24  4.999637E-01 -5.462261E-05  2.045724E+23  8.225148E-02
    273  4.4470999573507747E-01  6.8213273944376326E+09  2.1128826956644998E+09  2.373777E+18 -1.485372E+25  0.000000E+00 -1.485372E+25  4.999568E-01 -5.462261E-05 -5.076682E+24  3.417786E-01
    274  4.4471276165750967E-01  6.8438879370353775E+09  2.1130562570058889E+09  2.372477E+18  5.010069E+23  0.000000E+00  5.010069E+23  4.999559E-01 -5.462261E-05 -1.730213E+23 -3.453471E-01
    275  4.4471738429280461E-01  6.8815929569849997E+09  2.1133463268839166E+09  2.370151E+18  5.039926E+23  0.000000E+00  5.039926E+23  4.999544E-01 -5.462261E-05 -8.831375E+22 -1.752283E-01
    276  4.4472662956339454E-01  6.9570029968846960E+09  2.1139264666399751E+09  2.365172E+18  1.104624E+25  0.000000E+00  1.104624E+25  4.999513E-01 -5.462261E-05  1.767650E+22  1.600228E-03
    277  4.4474512010457440E-01  7.1078230766840887E+09  2.1150867461520920E+09  2.353815E+18  1.613029E+26  0.000000E+00  1.613029E+26  4.999451E-01 -5.462261E-05  1.105756E+25  6.855153E-02
    278  4.4474808910721819E-01  7.1320400647811832E+09  2.1152730507553756E+09  2.351722E+18  5.228812E+24  0.000000E+00  5.228812E+24  4.999441E-01 -5.462261E-05  1.181650E+23  2.259882E-02
    279  4.4475402711250578E-01  7.1804740409753733E+09  2.1156456599619431E+09  2.347602E+18  3.725311E+24  0.000000E+00  3.725311E+24  4.999420E-01 -5.462261E-05 -3.274581E+23 -8.790087E-02
    280  4.4476590312308095E-01  7.2773419933637524E+09  2.1163908783750777E+09  2.338904E+18  7.517429E+25  0.000000E+00  7.517429E+25  4.999379E-01 -5.462260E-05 -1.500759E+22 -1.996372E-04
    281  4.4478965514423136E-01  7.4710778981409636E+09  2.1178813152013507E+09  2.319578E+18  5.036705E+26  0.000000E+00  5.036705E+26  4.999294E-01 -5.462268E-05 -1.755707E+25 -3.485825E-02
    282  4.4479266480847707E-01  7.4956265469496899E+09  2.1180701713158736E+09  2.316440E+18  2.863789E+24  0.000000E+00  2.863789E+24  4.999283E-01 -5.462266E-05 -2.461361E+24 -8.594769E-01
    283  4.4479758617504539E-01  7.5357682005301085E+09  2.1183789865498517E+09  2.311916E+18 -8.262444E+24  0.000000E+00 -8.262444E+24  4.999266E-01 -5.462267E-05 -8.706553E+23  1.053750E-01
    284  4.4480742890818198E-01  7.6160515076904926E+09  2.1189966170178046E+09  2.302478E+18  5.113041E+25  0.000000E+00  5.113041E+25  4.999230E-01 -5.462267E-05 -2.952123E+24 -5.773713E-02
    285  4.4482711437445516E-01  7.7766181220112610E+09  2.1202318779537103E+09  2.281246E+18  9.936073E+26  0.000000E+00  9.936073E+26  4.999156E-01 -5.462253E-05  6.550265E+25  6.592408E-02
    286  4.4485423152098164E-01  7.8678939948991699E+09  2.1203146518853345E+09  2.266287E+18 -3.189946E+25  0.000000E+00 -3.189946E+25  4.999053E-01 -9.866297E-05  1.148365E+26 -3.599950E+00
    287  4.4485467543890383E-01  7.8683166536771917E+09  2.1203026538646090E+09  2.267750E+18  5.108025E+26  0.000000E+00  5.108025E+26  4.999052E-01 -1.744320E-04  1.789505E+25  3.503321E-02
    288  4.4485520735822537E-01  7.8688230994844074E+09  2.1202882773802977E+09  2.268250E+18 -4.844139E+24  0.000000E+00 -4.844139E+24  4.999049E-01 -1.744320E-04 -2.348410E+23  4.847940E-02
    289  4.4485627119686844E-01  7.8698359910988388E+09  2.1202595244116747E+09  2.268304E+18  3.405581E+23  0.000000E+00  3.405581E+23  4.999045E-01 -1.744320E-04  3.271355E+22  9.605865E-02
    290  4.4485839887415463E-01  7.8718617743277531E+09  2.1202020184744275E+09  2.268019E+18  4.941636E+23  0.000000E+00  4.941636E+23  4.999037E-01 -1.744320E-04  5.773419E+22  1.168321E-01
    291  4.4486265422872695E-01  7.8759133407855291E+09  2.1200870065999346E+09  2.267425E+18  3.821600E+23  0.000000E+00  3.821600E+23  4.999021E-01 -1.744320E-04  9.313082E+22  2.436959E-01
    292  4.4487116493787165E-01  7.8840164737011356E+09  2.1198569828509471E+09  2.266233E+18 -9.920619E+23  0.000000E+00 -9.920619E+23  4.998988E-01 -1.744320E-04  1.411659E+23 -1.422955E-01
    293  4.4488818635616101E-01  7.9002227395322943E+09  2.1193969353529737E+09  2.263821E+18 -8.445632E+24  0.000000E+00 -8.445632E+24  4.998923E-01 -1.744320E-04  1.122172E+23 -1.328701E-02
    294  4.4492222919273977E-01  7.9326352711946650E+09  2.1184768403570254E+09  2.258898E+18 -3.892206E+25  0.000000E+00 -3.892206E+25  4.998793E-01 -1.744321E-04 -4.385866E+23  1.126833E-02
    295  4.4499031486589724E-01  7.9974603345193529E+09  2.1166366503651304E+09  2.248661E+18 -1.321313E+26  0.000000E+00 -1.321313E+26  4.998530E-01 -1.744321E-04 -4.033121E+24  3.052360E-02
    296  4.4512648621221224E-01  8.1271104611687822E+09  2.1129562703813391E+09  2.226523E+18  3.896708E+26  0.000000E+00  3.896708E+26  4.998000E-01 -1.744310E-04 -4.045529E+24 -1.038192E-02
    297  4.4515372048147522E-01  8.1530404864986572E+09  2.1122201943845811E+09  2.221730E+18 -3.263189E+25  0.000000E+00 -3.263189E+25  4.997893E-01 -1.744309E-04  3.345084E+23 -1.025096E-02
    298  4.4520818902000120E-01  8.2049005371584082E+09  2.1107480423910651E+09  2.211989E+18 -2.644838E+26  0.000000E+00 -2.644838E+26  4.997679E-01 -1.744308E-04 -1.686603E+24  6.376962E-03
    299  4.4531712609705321E-01  8.3086206384779625E+09  2.1078037384040318E+09  2.191302E+18 -1.040982E+27  0.000000E+00 -1.040982E+27  4.997247E-01 -1.744298E-04 -1.821646E+25  1.749931E-02
    300  4.4533891351246363E-01  8.3293646587418938E+09  2.1072148776066244E+09  2.186880E+18 -7.419558E+25  0.000000E+00 -7.419558E+25  4.997160E-01 -1.744298E-04  3.575377E+22 -4.818854E-04
    301  4.4538248834328442E-01  8.3708526992697048E+09  2.1060371560118115E+09  2.177957E+18 -3.331986E+26  0.000000E+00 -3.331986E+26  4.996986E-01 -1.744299E-04  1.026440E+24 -3.080566E-03
    302  4.4546963800492601E-01  8.4538287803253269E+09  2.1036817128221853E+09  2.159250E+18 -1.550277E+27  0.000000E+00 -1.550277E+27  4.996636E-01 -1.744295E-04 -7.187598E+24  4.636333E-03
    303  4.4564393732820917E-01  8.6197809424365711E+09  2.0989708264429331E+09  2.117653E+18 -8.179886E+27  0.000000E+00 -8.179886E+27  4.995929E-01 -1.744380E-04  9.137046E+25 -1.117014E-02
    304  4.4590702075199706E-01  8.6623659200961399E+09  2.0914492206920283E+09  2.107332E+18 -1.129711E+28  0.000000E+00 -1.129711E+28  4.994856E-01 -1.744251E-04  1.777000E+26 -1.572970E-02
    305  4.4638979636150106E-01  8.6607271337605839E+09  2.0774888057086680E+09  2.107974E+18  1.209521E+26  0.000000E+00  1.209521E+26  4.992917E-01 -1.744330E-04 -3.159486E+24 -2.612180E-02
    306  4.4735534758050904E-01  8.6579235759620533E+09  2.0506569714382455E+09  2.110029E+18  5.865430E+25  0.000000E+00  5.865430E+25  4.989155E-01 -1.744429E-04  4.681083E+24  7.980801E-02
    307  4.4928645001852502E-01  8.6594300435966187E+09  2.0124562954648166E+09  2.113580E+18 -1.040051E+26  0.000000E+00 -1.040051E+26  4.982026E-01 -1.744329E-04  1.065061E+25 -1.024047E-01
    308  4.5314865489455697E-01  8.7263681517595806E+09  2.0420280679808016E+09  2.115418E+18 -1.437139E+27  0.000000E+00 -1.437139E+27  4.969105E-01 -1.744448E-04 -1.302194E+25  9.061018E-03
    309  4.6087306464662087E-01  8.7055587152569904E+09  1.8818571834078705E+09  2.129378E+18 -3.530663E+28  0.000000E+00 -3.530663E+28  4.944461E-01 -1.733483E-04  2.529489E+26 -7.164347E-03
    310  4.7087306442310345E-01  8.6711138508951588E+09  1.7250049657779009E+09  2.141211E+18  1.741463E+28  0.000000E+00  1.741463E+28  4.922741E-01 -1.736325E-04 -8.132783E+24 -4.670087E-04
    311  4.8087306419958603E-01  8.6359090351994915E+09  1.6041629091808946E+09  2.152460E+18 -1.587786E+28  0.000000E+00 -1.587786E+28  4.904830E-01 -1.739394E-04  1.188848E+26 -7.487457E-03
    312  4.9087306397606861E-01  8.5935645453998985E+09  1.4961572513900058E+09  2.162342E+18  1.380606E+27  0.000000E+00  1.380606E+27  4.890384E-01 -1.736300E-04  1.774599E+25  1.285377E-02
    313  5.0087306375255114E-01  8.5267710702751751E+09  1.3750701786108797E+09  2.172324E+18  1.838024E+26  0.000000E+00  1.838024E+26  4.878555E-01 -1.738976E-04  3.156939E+25  1.717572E-01
    314  5.1087306352903372E-01  8.4282587299875650E+09  1.2411636725687301E+09  2.184304E+18  2.088904E+27  0.000000E+00  2.088904E+27  4.869109E-01 -1.737561E-04  1.783687E+25  8.538868E-03
    315  5.2087306330551630E-01  8.3239785058158112E+09  1.1180521019030292E+09  2.195959E+18  1.244599E+27  0.000000E+00  1.244599E+27  4.861611E-01 -1.737017E-04  4.190964E+25  3.367319E-02
    316  5.3087306308199889E-01  8.2277565756743050E+09  1.0179456871655409E+09  2.206526E+18  1.902051E+27  0.000000E+00  1.902051E+27  4.855602E-01 -1.734967E-04 -1.702893E+24 -8.952931E-04
    317  5.4087306285848147E-01  8.1326025808516579E+09  9.2922191458689129E+08  2.217040E+18  7.133564E+26  0.000000E+00  7.133564E+26  4.850627E-01 -1.735649E-04  8.841428E+24  1.239412E-02
    318  5.5087306263496405E-01  8.0236491933467045E+09  8.3959942376472795E+08  2.228409E+18  2.580555E+26  0.000000E+00  2.580555E+26  4.846550E-01 -1.735458E-04 -1.922213E+24 -7.448836E-03
    319  5.6087306241144663E-01  7.9104981049794168E+09  7.5690633688663769E+08  2.239961E+18 -2.768571E+26  0.000000E+00 -2.768571E+26  4.843245E-01 -1.735865E-04 -3.084549E+25  1.114131E-01
    320  5.7087306218792921E-01  7.7978044485850582E+09  6.8273893578183734E+08  2.251850E+18 -5.821698E+26  0.000000E+00 -5.821698E+26  4.840550E-01 -1.735740E-04 -1.756229E+25  3.016695E-02
    321  5.8087306196441180E-01  7.6759171402436810E+09  6.1101823071762812E+08  2.264769E+18 -3.934714E+26  0.000000E+00 -3.934714E+26  4.838356E-01 -1.735849E-04 -5.415901E+24  1.376441E-02
    322  5.8654596999999997E-01  7.6111521000000000E+09  5.7476619000000000E+08  2.271389E+18 -1.285416E+25  0.000000E+00 -1.285416E+25  4.837304E-01 -1.735808E-04 -9.090894E+23  7.072336E-02
