                           time                    temp                     den                    ener                    sdot                   sneut                   s-snu                      ye                   1-sum
      1  1.0175522000000001E-04  4.3036291000000000E+08  8.4957581000000000E+08  1.163760E+18  1.964723E+06  0.000000E+00  1.964723E+06  5.000000E-01  0.000000E+00 -1.568724E-05 -7.984453E-12
      2  1.0175522001017553E-04  4.3036290999999964E+08  8.4957580999999714E+08  1.163760E+18  1.964729E+06  0.000000E+00  1.964729E+06  5.000000E-01  0.000000E+00 -1.693821E-01 -8.621146E-08
      3  1.0175522003052657E-04  4.3036290999999893E+08  8.4957580999999142E+08  1.163760E+18  1.964740E+06  0.000000E+00  1.964740E+06  5.000000E-01  0.000000E+00 -5.081096E-01 -2.586141E-07
      4  1.0175522007122866E-04  4.3036290999999744E+08  8.4957580999997985E+08  1.163760E+18  1.964764E+06  0.000000E+00  1.964764E+06  5.000000E-01  0.000000E+00 -1.185543E+00 -6.034022E-07
      5  1.0175522015263284E-04  4.3036290999999452E+08  8.4957580999995697E+08  1.163760E+18  1.964811E+06  0.000000E+00  1.964811E+06  5.000000E-01  0.000000E+00 -2.540323E+00 -1.292910E-06
      6  1.0175522031544119E-04  4.3036290999998862E+08  8.4957580999991095E+08  1.163760E+18  1.964905E+06  0.000000E+00  1.964905E+06  5.000000E-01  0.000000E+00 -5.249538E+00 -2.671650E-06
      7  1.0175522064105789E-04  4.3036290999997687E+08  8.4957580999981904E+08  1.163760E+18  1.965093E+06  0.000000E+00  1.965093E+06  5.000000E-01  0.000000E+00 -1.066659E+01 -5.428031E-06
      8  1.0175522129229130E-04  4.3036290999995339E+08  8.4957580999963522E+08  1.163760E+18  1.965469E+06  0.000000E+00  1.965469E+06  5.000000E-01  0.000000E+00 -2.149516E+01 -1.093640E-05
      9  1.0175522259475811E-04  4.3036290999990642E+08  8.4957580999926770E+08  1.163760E+18  1.966221E+06  0.000000E+00  1.966221E+06  5.000000E-01  0.000000E+00 -4.313021E+01 -2.193559E-05
     10  1.0175522519969174E-04  4.3036290999981248E+08  8.4957580999853241E+08  1.163760E+18  1.967720E+06  0.000000E+00  1.967720E+06  5.000000E-01  0.000000E+00 -8.631212E+01 -4.386401E-05
     11  1.0175523040955900E-04  4.3036290999962461E+08  8.4957580999706209E+08  1.163760E+18  1.970708E+06  0.000000E+00  1.970708E+06  5.000000E-01  0.000000E+00 -1.723242E+02 -8.744282E-05
     12  1.0175524082929354E-04  4.3036290999924886E+08  8.4957580999412119E+08  1.163760E+18  1.976634E+06  0.000000E+00  1.976634E+06  5.000000E-01  0.000000E+00 -3.429506E+02 -1.735023E-04
     13  1.0175526166876259E-04  4.3036290999849737E+08  8.4957580998823953E+08  1.163760E+18  1.988294E+06  0.000000E+00  1.988294E+06  5.000000E-01  0.000000E+00 -6.786822E+02 -3.413390E-04
     14  1.0175530334770070E-04  4.3036290999699438E+08  8.4957580997647631E+08  1.163760E+18  2.010866E+06  0.000000E+00  2.010866E+06  5.000000E-01  0.000000E+00 -1.328614E+03 -6.607171E-04
     15  1.0175538670557692E-04  4.3036290999398839E+08  8.4957580995294964E+08  1.163760E+18  2.053167E+06  0.000000E+00  2.053167E+06  5.000000E-01  0.000000E+00 -2.546595E+03 -1.240325E-03
     16  1.0175555342132937E-04  4.3036290998797643E+08  8.4957580990589643E+08  1.163760E+18  2.127483E+06  0.000000E+00  2.127483E+06  5.000000E-01  0.000000E+00 -4.686385E+03 -2.202784E-03
     17  1.0175588685283427E-04  4.3036290997595245E+08  8.4957580981178999E+08  1.163760E+18  2.242401E+06  0.000000E+00  2.242401E+06  5.000000E-01  0.000000E+00 -7.995219E+03 -3.565473E-03
     18  1.0175655371584406E-04  4.3036290995190454E+08  8.4957580962357712E+08  1.163760E+18  2.380909E+06  0.000000E+00  2.380909E+06  5.000000E-01  0.000000E+00 -1.198330E+04 -5.033078E-03
     19  1.0175788744186364E-04  4.3036290990380871E+08  8.4957580924715137E+08  1.163760E+18  2.484617E+06  0.000000E+00  2.484617E+06  5.000000E-01  0.000000E+00 -1.496937E+04 -6.024821E-03
     20  1.0176055489390281E-04  4.3036290980761701E+08  8.4957580849429977E+08  1.163760E+18  2.516518E+06  0.000000E+00  2.516518E+06  5.000000E-01  0.000000E+00 -1.588789E+04 -6.313444E-03
     21  1.0176588979798114E-04  4.3036290961523366E+08  8.4957580698859668E+08  1.163760E+18  2.518152E+06  0.000000E+00  2.518152E+06  5.000000E-01  0.000000E+00 -1.593496E+04 -6.328036E-03
     22  1.0177655960613782E-04  4.3036290923046690E+08  8.4957580397719049E+08  1.163760E+18  2.518139E+06  0.000000E+00  2.518139E+06  5.000000E-01  0.000000E+00 -1.593458E+04 -6.327917E-03
     23  1.0179789922245117E-04  4.3036290846093351E+08  8.4957579795437813E+08  1.163760E+18  2.518139E+06  0.000000E+00  2.518139E+06  5.000000E-01  0.000000E+00 -1.593458E+04 -6.327917E-03
     24  1.0184057845507785E-04  4.3036290692186660E+08  8.4957578590875340E+08  1.163760E+18  2.518140E+06  0.000000E+00  2.518140E+06  5.000000E-01  0.000000E+00 -1.593458E+04 -6.327919E-03
     25  1.0192593692033123E-04  4.3036290384373289E+08  8.4957576181750381E+08  1.163760E+18  2.518141E+06  0.000000E+00  2.518141E+06  5.000000E-01  0.000000E+00 -1.593460E+04 -6.327923E-03
     26  1.0209665385083798E-04  4.3036289768746537E+08  8.4957571363500488E+08  1.163760E+18  2.518143E+06  0.000000E+00  2.518143E+06  5.000000E-01  0.000000E+00 -1.593463E+04 -6.327931E-03
     27  1.0243808771185149E-04  4.3036288537493038E+08  8.4957561727000690E+08  1.163760E+18  2.518147E+06  0.000000E+00  2.518147E+06  5.000000E-01  0.000000E+00 -1.593470E+04 -6.327946E-03
     28  1.0312095543387850E-04  4.3036286074986035E+08  8.4957542454001081E+08  1.163760E+18  2.518156E+06  0.000000E+00  2.518156E+06  5.000000E-01  0.000000E+00 -1.593483E+04 -6.327977E-03
     29  1.0448669087793252E-04  4.3036281149972039E+08  8.4957503908001876E+08  1.163760E+18  2.518174E+06  0.000000E+00  2.518174E+06  5.000000E-01  0.000000E+00 -1.593510E+04 -6.328038E-03
     30  1.0721816176604055E-04  4.3036271299944037E+08  8.4957426816003454E+08  1.163760E+18  2.518209E+06  0.000000E+00  2.518209E+06  5.000000E-01  0.000000E+00 -1.593563E+04 -6.328161E-03
     31  1.1268110354225661E-04  4.3036251599888039E+08  8.4957272632006633E+08  1.163760E+18  2.518279E+06  0.000000E+00  2.518279E+06  5.000000E-01  0.000000E+00 -1.593669E+04 -6.328406E-03
     32  1.2360698709468874E-04  4.3036212199776047E+08  8.4956964264012980E+08  1.163760E+18  2.518420E+06  0.000000E+00  2.518420E+06  5.000000E-01 -4.440892E-16 -1.593882E+04 -6.328896E-03
     33  1.4545875419955299E-04  4.3036133399552053E+08  8.4956347528025663E+08  1.163760E+18  2.518700E+06  0.000000E+00  2.518700E+06  5.000000E-01  0.000000E+00 -1.594306E+04 -6.329876E-03
     34  1.8916228840928150E-04  4.3035975799104077E+08  8.4955114056051040E+08  1.163760E+18  2.519261E+06  0.000000E+00  2.519261E+06  5.000000E-01  0.000000E+00 -1.595154E+04 -6.331833E-03
     35  2.7656935682873854E-04  4.3035748115873897E+08  8.4952704274142289E+08  1.163760E+18  2.520527E+06  0.000000E+00  2.520527E+06  5.000000E-01  0.000000E+00 -1.596943E+04 -6.335752E-03
     36  4.5138349366765263E-04  4.3035565440462619E+08  8.4948066661160994E+08  1.163760E+18  2.523509E+06  0.000000E+00  2.523509E+06  5.000000E-01 -2.220446E-16 -1.600811E+04 -6.343593E-03
     37  8.0101176734548069E-04  4.3036207202037370E+08  8.4939501344183242E+08  1.163760E+18  2.531141E+06  0.000000E+00  2.531141E+06  5.000000E-01 -4.440892E-16 -1.609624E+04 -6.359283E-03
     38  1.5002683147011370E-03  4.3041278050399339E+08  8.4925358180218899E+08  1.163760E+18  2.552785E+06  0.000000E+00  2.552785E+06  5.000000E-01 -4.440892E-16 -1.631403E+04 -6.390678E-03
     39  2.8987814094124497E-03  4.1999764526167470E+08  8.4897987451044202E+08  1.163760E+18  1.346209E+06  0.000000E+00  1.346209E+06  5.000000E-01 -6.661338E-16 -9.169559E+03 -6.811392E-03
     40  5.6958075988350742E-03  4.2031630052326220E+08  8.4990072199240601E+08  1.163760E+18  1.367290E+06  0.000000E+00  1.367290E+06  5.000000E-01 -6.661338E-16 -8.715688E+03 -6.374424E-03
     41  1.1289859977680325E-02  4.2030763159831601E+08  8.5001416261890817E+08  1.163760E+18  1.404487E+06  0.000000E+00  1.404487E+06  5.000000E-01 -8.881784E-16 -9.129358E+03 -6.500137E-03
     42  2.1289859754162907E-02  4.2031043739606053E+08  8.5007136706878245E+08  1.163760E+18  1.466984E+06  0.000000E+00  1.466984E+06  5.000000E-01 -8.881784E-16 -9.827903E+03 -6.699392E-03
     43  3.1289859530645489E-02  4.2021599110911131E+08  8.5024957182009804E+08  1.163760E+18  1.514936E+06  0.000000E+00  1.514936E+06  5.000000E-01 -8.881784E-16 -1.039919E+04 -6.864443E-03
     44  4.1289859307128071E-02  4.2002297553375560E+08  8.5061746050036311E+08  1.163760E+18  1.548393E+06  0.000000E+00  1.548393E+06  5.000000E-01 -1.110223E-15 -1.084128E+04 -7.001636E-03
     45  5.1289859083610653E-02  4.1918239682229137E+08  8.5026369144483185E+08  1.163760E+18  1.509069E+06  0.000000E+00  1.509069E+06  5.000000E-01 -8.881784E-16 -1.073768E+04 -7.115431E-03
     46  6.1289858860093235E-02  4.1796230490347159E+08  8.4931513071128678E+08  1.163760E+18  1.425690E+06  0.000000E+00  1.425690E+06  5.000000E-01 -8.881784E-16 -1.027276E+04 -7.205461E-03
     47  7.1289858636575817E-02  4.1785602162217015E+08  8.4906561712580097E+08  1.163760E+18  1.442561E+06  0.000000E+00  1.442561E+06  5.000000E-01 -1.110223E-15 -1.050294E+04 -7.280756E-03
     48  8.1289858413058400E-02  4.1748992232329232E+08  8.4853641324341130E+08  1.163760E+18  1.431749E+06  0.000000E+00  1.431749E+06  5.000000E-01 -1.110223E-15 -1.051857E+04 -7.346657E-03
     49  9.1289858189540982E-02  4.1708039418728209E+08  8.4834707935109985E+08  1.163760E+18  1.416270E+06  0.000000E+00  1.416270E+06  5.000000E-01 -1.110223E-15 -1.048423E+04 -7.402708E-03
     50  1.0128985796602356E-01  4.1658568089480352E+08  8.4806235323315346E+08  1.163760E+18  1.390461E+06  0.000000E+00  1.390461E+06  5.000000E-01 -1.110223E-15 -1.035995E+04 -7.450731E-03
     51  1.1128985774250615E-01  4.1596266027777123E+08  8.4767074398658454E+08  1.163760E+18  1.351679E+06  0.000000E+00  1.351679E+06  5.000000E-01 -1.110223E-15 -1.012678E+04 -7.492000E-03
     52  1.2128985751898873E-01  4.1513214649918199E+08  8.4682445514693844E+08  1.163760E+18  1.293098E+06  0.000000E+00  1.293098E+06  5.000000E-01 -1.110223E-15 -9.734284E+03 -7.527878E-03
     53  1.3128985729547132E-01  4.1436207652479428E+08  8.4536225538297284E+08  1.163760E+18  1.236316E+06  0.000000E+00  1.236316E+06  5.000000E-01 -1.110223E-15 -9.344555E+03 -7.558385E-03
     54  1.4128985707195391E-01  4.1436010670365191E+08  8.4803622168313253E+08  1.163760E+18  1.258612E+06  0.000000E+00  1.258612E+06  5.000000E-01 -1.110223E-15 -9.537111E+03 -7.577485E-03
     55  1.5128985684843649E-01  4.1299523795011485E+08  8.4605195518650150E+08  1.163760E+18  1.156485E+06  0.000000E+00  1.156485E+06  5.000000E-01 -1.110223E-15 -8.793289E+03 -7.603461E-03
     56  1.6128985662491907E-01  4.1206454036102480E+08  8.4549403970217276E+08  1.163760E+18  1.095744E+06  0.000000E+00  1.095744E+06  5.000000E-01 -1.110223E-15 -8.350240E+03 -7.620614E-03
     57  1.7128985640140165E-01  4.1083944035188967E+08  8.4480721255062699E+08  1.163760E+18  1.018380E+06  0.000000E+00  1.018380E+06  5.000000E-01 -1.110223E-15 -7.775697E+03 -7.635361E-03
     58  1.8128985617788423E-01  4.0937633161988407E+08  8.4340168005472422E+08  1.163760E+18  9.291618E+05  0.000000E+00  9.291618E+05  5.000000E-01 -1.110223E-15 -7.106292E+03 -7.648067E-03
     59  1.9128985595436682E-01  4.0820858797553688E+08  8.4350322403240192E+08  1.163760E+18  8.675555E+05  0.000000E+00  8.675555E+05  5.000000E-01 -8.881784E-16 -6.640832E+03 -7.654648E-03
     60  2.0128985573084940E-01  4.0624934307279611E+08  8.4244675320842648E+08  1.163760E+18  7.678002E+05  0.000000E+00  7.678002E+05  5.000000E-01 -1.110223E-15 -5.883042E+03 -7.662203E-03
     61  2.1128985550733198E-01  4.0407365906883717E+08  8.4126364387740862E+08  1.163760E+18  6.695071E+05  0.000000E+00  6.695071E+05  5.000000E-01 -1.110223E-15 -5.132620E+03 -7.666266E-03
     62  2.2128985528381456E-01  4.0166472781591183E+08  8.3997501750732851E+08  1.163760E+18  5.746876E+05  0.000000E+00  5.746876E+05  5.000000E-01 -1.110223E-15 -4.406703E+03 -7.667998E-03
     63  2.3128985506029714E-01  3.9888885102075297E+08  8.3861811519165480E+08  1.163760E+18  4.817162E+05  0.000000E+00  4.817162E+05  5.000000E-01 -4.897638E-12 -3.693258E+03 -7.666876E-03
     64  2.4128985483677973E-01  3.9581129639782399E+08  8.3703822257096958E+08  1.163760E+18  3.243379E+05  0.000000E+00  3.243379E+05  5.000000E-01 -4.897638E-12 -3.031793E+03 -9.347639E-03
     65  2.5128985461326231E-01  3.9231053437636727E+08  8.3499049694567299E+08  1.163760E+18  2.810937E+05  0.000000E+00  2.810937E+05  5.000000E-01 -4.897194E-12 -2.416379E+03 -8.596349E-03
     66  2.6128985438974489E-01  3.8847693905852026E+08  8.3279937125366879E+08  1.163760E+18  2.343181E+05  0.000000E+00  2.343181E+05  5.000000E-01 -4.897194E-12 -1.882695E+03 -8.034784E-03
     67  2.7128985416622747E-01  3.8447941863143867E+08  8.3092059994749093E+08  1.163760E+18  1.869796E+05  0.000000E+00  1.869796E+05  5.000000E-01 -4.897194E-12 -1.451189E+03 -7.761216E-03
     68  2.8128985394271006E-01  3.8760998875828493E+08  8.2725863089277196E+08  1.163760E+18  2.170126E+05  0.000000E+00  2.170126E+05  5.000000E-01 -4.897416E-12 -1.735342E+03 -7.996501E-03
     69  2.9128985371919264E-01  3.9356679281184614E+08  8.2352962499171484E+08  1.163760E+18  2.458930E+05  0.000000E+00  2.458930E+05  5.000000E-01 -4.897416E-12 -2.462757E+03 -1.001557E-02
     70  3.0128985349567522E-01  4.0052077471933806E+08  8.2261507687064886E+08  1.163760E+18  4.899425E+05  0.000000E+00  4.899425E+05  5.000000E-01 -4.897416E-12 -3.748423E+03 -7.650740E-03
     71  3.1128985327215780E-01  4.0662823966793454E+08  8.1694333279913378E+08  1.163760E+18  6.942444E+05  0.000000E+00  6.942444E+05  5.000000E-01 -4.897416E-12 -5.317998E+03 -7.660124E-03
     72  3.2128985304864038E-01  4.1377635382204801E+08  8.0993355267604625E+08  1.163760E+18  1.040445E+06  0.000000E+00  1.040445E+06  5.000000E-01 -4.897416E-12 -7.977123E+03 -7.667033E-03
     73  3.3128985282512297E-01  4.2260979632841861E+08  8.0699149958815575E+08  1.163760E+18  1.753645E+06  0.000000E+00  1.753645E+06  5.000000E-01 -4.897194E-12 -1.344970E+04 -7.669568E-03
     74  3.4128985260160555E-01  4.3089303685691297E+08  8.0179230461215949E+08  1.163760E+18  2.836356E+06  0.000000E+00  2.836356E+06  5.000000E-01 -4.897194E-12 -2.185785E+04 -7.706314E-03
     75  3.5128985237808813E-01  4.3836111355645084E+08  7.9123919532156777E+08  1.163760E+18  4.281697E+06  0.000000E+00  4.281697E+06  5.000000E-01 -4.896972E-12 -3.337865E+04 -7.795658E-03
     76  3.6128985215457071E-01  4.2437073497389585E+08  7.8412004524840510E+08  1.163760E+18  1.887589E+06  0.000000E+00  1.887589E+06  5.000000E-01 -4.896750E-12 -1.514556E+04 -8.023760E-03
     77  3.7128985193105329E-01  4.1021606406616688E+08  7.7702208435906005E+08  1.163760E+18  7.963537E+05  0.000000E+00  7.963537E+05  5.000000E-01 -4.896972E-12 -6.411392E+03 -8.050934E-03
     78  3.8128985170753588E-01  3.9584982742742443E+08  7.6615096949922955E+08  1.163760E+18  2.914002E+05  0.000000E+00  2.914002E+05  5.000000E-01 -4.896750E-12 -2.603737E+03 -8.935261E-03
     79  3.9128985148401846E-01  3.9575073518033493E+08  7.5541474373465109E+08  1.163760E+18  2.914722E+05  0.000000E+00  2.914722E+05  5.000000E-01 -4.896750E-12 -2.439088E+03 -8.368169E-03
     80  4.0128985126050104E-01  4.1041825271065634E+08  7.3837257345373666E+08  1.163760E+18  6.713148E+05  0.000000E+00  6.713148E+05  5.000000E-01 -4.896750E-12 -5.385955E+03 -8.022995E-03
     81  4.1128985103698362E-01  4.3366709128663635E+08  7.2188442625094688E+08  1.163760E+18  2.430589E+06  0.000000E+00  2.430589E+06  5.000000E-01 -4.896972E-12 -1.947574E+04 -8.012766E-03
     82  4.2128985081346620E-01  3.5526530017711711E+08  7.0857386127733445E+08  1.163760E+18  2.179295E+04  0.000000E+00  2.179295E+04  5.000000E-01 -4.897416E-12 -1.362785E+02 -6.253328E-03
     83  4.3128985058994879E-01  1.7291850337523058E+08  6.9258843896647191E+08  1.163760E+18  1.747929E+03  0.000000E+00  1.747929E+03  5.000000E-01 -4.896972E-12 -1.078931E-02 -6.172624E-06
     84  4.4128985036643137E-01  2.6426943813231148E+07  6.7096165759610355E+08  1.163760E+18  1.610879E+03  0.000000E+00  1.610879E+03  5.000000E-01 -4.896972E-12 -1.585749E-10 -9.844000E-14
     85  4.5128985014291395E-01  2.4589776938973728E+08  6.4380216722185445E+08  1.163760E+18  1.573485E+03  0.000000E+00  1.573485E+03  5.000000E-01 -4.897194E-12 -4.523610E-01 -2.874898E-04
     86  4.5128985114291392E-01  2.4589778020310262E+08  6.4380216403756177E+08  1.163760E+18  1.573474E+03  0.000000E+00  1.573474E+03  5.000000E-01 -4.897194E-12 -4.521769E-01 -2.873748E-04
     87  4.5128985314291387E-01  2.4589780182983330E+08  6.4380215766897643E+08  1.163760E+18  1.573453E+03  0.000000E+00  1.573453E+03  5.000000E-01 -4.897194E-12 -4.518164E-01 -2.871496E-04
     88  4.5128985714291375E-01  2.4589784508329466E+08  6.4380214493180561E+08  1.163760E+18  1.573411E+03  0.000000E+00  1.573411E+03  5.000000E-01 -4.897194E-12 -4.511258E-01 -2.867183E-04
     89  4.5128986514291358E-01  2.4589793159021798E+08  6.4380211945746386E+08  1.163760E+18  1.573335E+03  0.000000E+00  1.573335E+03  5.000000E-01 -4.897194E-12 -4.498583E-01 -2.859266E-04
     90  4.5128988114291324E-01  2.4589810460406464E+08  6.4380206850878024E+08  1.163760E+18  1.573206E+03  0.000000E+00  1.573206E+03  5.000000E-01 -4.897194E-12 -4.477216E-01 -2.845918E-04
     91  4.5128991314291250E-01  2.4589845063175735E+08  6.4380196661141336E+08  1.163760E+18  1.573023E+03  0.000000E+00  1.573023E+03  5.000000E-01 -4.897194E-12 -4.446748E-01 -2.826881E-04
     92  4.5128997714291108E-01  2.4589914268714339E+08  6.4380176281667936E+08  1.163760E+18  1.572833E+03  0.000000E+00  1.572833E+03  5.000000E-01 -4.897194E-12 -4.415344E-01 -2.807256E-04
     93  4.5129010514290824E-01  2.4590052679791546E+08  6.4380135522721148E+08  1.163760E+18  1.572727E+03  0.000000E+00  1.572727E+03  5.000000E-01 -4.897194E-12 -4.397872E-01 -2.796335E-04
     94  4.5129036114290250E-01  2.4590329501945898E+08  6.4380054004827571E+08  1.163760E+18  1.572712E+03  0.000000E+00  1.572712E+03  5.000000E-01 -4.897194E-12 -4.395112E-01 -2.794607E-04
     95  4.5129087314289107E-01  2.4590883146254665E+08  6.4379890969040406E+08  1.163760E+18  1.572724E+03  0.000000E+00  1.572724E+03  5.000000E-01 -4.897194E-12 -4.396081E-01 -2.795201E-04
     96  4.5129189714286816E-01  2.4591990434872136E+08  6.4379564897466087E+08  1.163760E+18  1.572753E+03  0.000000E+00  1.572753E+03  5.000000E-01 -4.897194E-12 -4.398236E-01 -2.796520E-04
     97  4.5129394514282239E-01  2.4594205012107137E+08  6.4378912754317451E+08  1.163760E+18  1.572812E+03  0.000000E+00  1.572812E+03  5.000000E-01 -4.897194E-12 -4.402573E-01 -2.799173E-04
     98  4.5129804114273087E-01  2.4598634166577139E+08  6.4377608468020153E+08  1.163760E+18  1.572930E+03  0.000000E+00  1.572930E+03  5.000000E-01 -4.897194E-12 -4.411259E-01 -2.804485E-04
     99  4.5130623314254775E-01  2.4607492475517085E+08  6.4374999895425582E+08  1.163760E+18  1.573167E+03  0.000000E+00  1.573167E+03  5.000000E-01 -4.897194E-12 -4.428680E-01 -2.815136E-04
    100  4.5132261714218153E-01  2.4625209093396977E+08  6.4369782750236452E+08  1.163760E+18  1.573645E+03  0.000000E+00  1.573645E+03  5.000000E-01 -4.897194E-12 -4.463718E-01 -2.836546E-04
    101  4.5135538514144913E-01  2.4660642329156822E+08  6.4359348459858167E+08  1.163760E+18  1.574615E+03  0.000000E+00  1.574615E+03  5.000000E-01 -4.897194E-12 -4.534567E-01 -2.879793E-04
    102  4.5142092113998428E-01  2.4731508800676450E+08  6.4338479879101622E+08  1.163760E+18  1.576612E+03  0.000000E+00  1.576612E+03  5.000000E-01 -4.897194E-12 -4.679394E-01 -2.968005E-04
    103  4.5155199313705457E-01  2.4873241743715706E+08  6.4296742717588532E+08  1.163760E+18  1.580842E+03  0.000000E+00  1.580842E+03  5.000000E-01 -4.897194E-12 -4.981973E-01 -3.151469E-04
    104  4.5181413713119523E-01  2.4406896071643716E+08  6.4213132273453152E+08  1.163760E+18  1.557260E+03  0.000000E+00  1.557260E+03  5.000000E-01 -4.897194E-12 -4.011018E-01 -2.575689E-04
    105  4.5233842511947647E-01  2.2162979444057867E+08  6.4045673344786751E+08  1.163760E+18  1.492520E+03  0.000000E+00  1.492520E+03  5.000000E-01 -4.897194E-12 -1.348038E-01 -9.031964E-05
    106  4.5338700109603897E-01  1.2361386637334727E+08  6.3757913713447702E+08  1.163760E+18  1.445365E+03  0.000000E+00  1.445365E+03  5.000000E-01 -4.897194E-12 -1.927892E-04 -1.333844E-07
    107  4.5548415304916395E-01  6.2431002830961764E+07  6.3121204695753002E+08  1.163760E+18  1.420901E+03  0.000000E+00  1.420901E+03  5.000000E-01 -4.897194E-12 -1.972930E-07 -1.388506E-10
    108  4.5548415346859433E-01  6.2431064189335786E+07  6.3121204553514802E+08  1.163760E+18  1.420901E+03  0.000000E+00  1.420901E+03  5.000000E-01 -4.897194E-12 -1.972946E-07 -1.388518E-10
    109  4.5548415430745509E-01  6.2431186906083837E+07  6.3121204269038391E+08  1.163760E+18  1.420901E+03  0.000000E+00  1.420901E+03  5.000000E-01 -4.897194E-12 -1.972980E-07 -1.388541E-10
    110  4.5548415598517666E-01  6.2431432339588046E+07  6.3121203700085557E+08  1.163760E+18  1.420901E+03  0.000000E+00  1.420901E+03  5.000000E-01 -4.897194E-12 -1.973047E-07 -1.388589E-10
    111  4.5548415934061981E-01  6.2431923206596464E+07  6.3121202562179899E+08  1.163760E+18  1.420901E+03  0.000000E+00  1.420901E+03  5.000000E-01 -4.897194E-12 -1.973181E-07 -1.388683E-10
    112  4.5548416605150605E-01  6.2432904940605186E+07  6.3121200286368597E+08  1.163760E+18  1.420901E+03  0.000000E+00  1.420901E+03  5.000000E-01 -4.897194E-12 -1.973450E-07 -1.388872E-10
    113  4.5548417947327857E-01  6.2434868408630751E+07  6.3121195734745979E+08  1.163760E+18  1.420901E+03  0.000000E+00  1.420901E+03  5.000000E-01 -4.897194E-12 -1.973987E-07 -1.389250E-10
    114  4.5548420631682357E-01  6.2438795344673760E+07  6.3121186631500745E+08  1.163760E+18  1.420900E+03  0.000000E+00  1.420900E+03  5.000000E-01 -4.897194E-12 -1.975061E-07 -1.390007E-10
    115  4.5548426000391357E-01  6.2446649216759786E+07  6.3121168425010300E+08  1.163760E+18  1.420899E+03  0.000000E+00  1.420899E+03  5.000000E-01 -4.897194E-12 -1.977212E-07 -1.391522E-10
    116  4.5548436737809356E-01  6.2462356960931823E+07  6.3121132012029386E+08  1.163760E+18  1.420898E+03  0.000000E+00  1.420898E+03  5.000000E-01 -4.897194E-12 -1.981520E-07 -1.394555E-10
    117  4.5548458212645354E-01  6.2493772449275896E+07  6.3121059186067581E+08  1.163760E+18  1.420895E+03  0.000000E+00  1.420895E+03  5.000000E-01 -4.897194E-12 -1.990163E-07 -1.400641E-10
    118  4.5548501162317356E-01  6.2556603425972171E+07  6.3120913534143925E+08  1.163760E+18  1.420889E+03  0.000000E+00  1.420889E+03  5.000000E-01 -4.897194E-12 -2.007558E-07 -1.412889E-10
    119  4.5548587061661355E-01  6.2682265379356600E+07  6.3120622230296659E+08  1.163760E+18  1.420876E+03  0.000000E+00  1.420876E+03  5.000000E-01 -4.897194E-12 -2.042781E-07 -1.437691E-10
    120  4.5548758860349353E-01  6.2933589286125459E+07  6.3120039622602105E+08  1.163760E+18  1.420851E+03  0.000000E+00  1.420851E+03  5.000000E-01 -4.897194E-12 -2.115002E-07 -1.488545E-10
    121  4.5549102457725354E-01  6.3436237099671304E+07  6.3118874407212996E+08  1.163760E+18  1.420802E+03  0.000000E+00  1.420802E+03  5.000000E-01 -4.897194E-12 -2.266796E-07 -1.595434E-10
    122  4.5549789652477357E-01  6.4441532726762980E+07  6.3116543976434779E+08  1.163760E+18  1.420703E+03  0.000000E+00  1.420703E+03  5.000000E-01 -4.897194E-12 -2.602020E-07 -1.831501E-10
    123  4.5551164041981357E-01  6.6452123980938219E+07  6.3111883114878345E+08  1.163760E+18  1.420505E+03  0.000000E+00  1.420505E+03  5.000000E-01 -4.897194E-12 -3.418806E-07 -2.406754E-10
    124  4.5553912820989356E-01  7.0473306489288688E+07  6.3102561391765499E+08  1.163760E+18  1.420110E+03  0.000000E+00  1.420110E+03  5.000000E-01 -4.897194E-12 -5.834740E-07 -4.108655E-10
    125  4.5559410379005355E-01  7.8515671505989626E+07  6.3083917945539796E+08  1.163760E+18  1.419319E+03  0.000000E+00  1.419319E+03  5.000000E-01 -4.897194E-12 -1.622874E-06 -1.143417E-09
    126  4.5570405495037353E-01  9.4600401539391518E+07  6.3046631053088379E+08  1.163760E+18  1.417743E+03  0.000000E+00  1.417743E+03  5.000000E-01 -4.897194E-12 -1.051932E-05 -7.419763E-09
    127  4.5592395727101354E-01  1.2676986160620341E+08  6.2972057268185532E+08  1.163760E+18  1.414686E+03  0.000000E+00  1.414686E+03  5.000000E-01 -4.897194E-12 -2.413628E-04 -1.706123E-07
    128  4.5636376191229355E-01  1.0411651859833276E+09  6.2899799569613397E+08  1.163760E+18  2.446870E+20  0.000000E+00  2.446870E+20  5.000000E-01 -8.599422E-07 -1.579065E+19 -6.453408E-02
    129  4.5636376200025447E-01  1.0411653755738760E+09  6.2899799555768931E+08  1.163760E+18 -4.175812E+17  0.000000E+00 -4.175812E+17  5.000000E-01 -8.600263E-07  9.622849E+16 -2.304426E-01
    130  4.5636376217617630E-01  1.0411657547549726E+09  6.2899799528079998E+08  1.163760E+18  9.402594E+17  0.000000E+00  9.402594E+17  5.000000E-01 -8.600263E-07  1.250923E+15  1.330402E-03
    131  4.5636376252802002E-01  1.0411665131172854E+09  6.2899799472702134E+08  1.163760E+18  9.533020E+17  0.000000E+00  9.533020E+17  5.000000E-01 -8.600263E-07 -1.008618E+14 -1.058026E-04
    132  4.5636376323170746E-01  1.0411680298419111E+09  6.2899799361946404E+08  1.163760E+18  9.408353E+17  0.000000E+00  9.408353E+17  5.000000E-01 -8.600263E-07 -1.198548E+14 -1.273920E-04
    133  4.5636376463908229E-01  1.0411710632910429E+09  6.2899799140434957E+08  1.163760E+18  9.158605E+17  0.000000E+00  9.158605E+17  5.000000E-01 -8.600263E-07 -1.194854E+14 -1.304624E-04
    134  4.5636376745383200E-01  1.0411771301894261E+09  6.2899798697412050E+08  1.163760E+18  8.678897E+17  0.000000E+00  8.678897E+17  5.000000E-01 -8.600263E-07 -1.185396E+14 -1.365837E-04
    135  4.5636377308333143E-01  1.0411892639861923E+09  6.2899797811366236E+08  1.163760E+18  7.793962E+17  0.000000E+00  7.793962E+17  5.000000E-01 -8.600263E-07 -1.168239E+14 -1.498902E-04
    136  4.5636378434233027E-01  1.0412135315797249E+09  6.2899796039274609E+08  1.163760E+18  6.287112E+17  0.000000E+00  6.287112E+17  5.000000E-01 -8.600263E-07 -1.140010E+14 -1.813249E-04
    137  4.5636380686032790E-01  1.0412620667666703E+09  6.2899792495091367E+08  1.163760E+18  4.096010E+17  0.000000E+00  4.096010E+17  5.000000E-01 -8.600263E-07 -1.102519E+14 -2.691690E-04
    138  4.5636385189632317E-01  1.0413591371405613E+09  6.2899785406724882E+08  1.163760E+18  1.751752E+17  0.000000E+00  1.751752E+17  5.000000E-01 -8.600263E-07 -1.074607E+14 -6.134470E-04
    139  4.5636394196831370E-01  1.0415532778883433E+09  6.2899771229991913E+08  1.163760E+18  3.514721E+16  0.000000E+00  3.514721E+16  5.000000E-01 -8.600263E-07 -1.094166E+14 -3.113096E-03
    140  4.5636412211229477E-01  1.0419415593839072E+09  6.2899742876525962E+08  1.163760E+18  7.038023E+15  0.000000E+00  7.038023E+15  5.000000E-01 -8.593693E-07 -1.177892E+14 -1.673612E-02
    141  4.5636448240025690E-01  1.0427181223750352E+09  6.2899686169594061E+08  1.163760E+18  7.584956E+15  0.000000E+00  7.584956E+15  5.000000E-01 -8.593667E-07 -1.337647E+14 -1.763552E-02
    142  4.5636520297618116E-01  1.0442712483572909E+09  6.2899572755730271E+08  1.163760E+18  8.582426E+15  0.000000E+00  8.582426E+15  5.000000E-01 -8.593667E-07 -1.593632E+14 -1.856855E-02
    143  4.5636664412802969E-01  1.0473775003218025E+09  6.2899345928002691E+08  1.163760E+18  9.991725E+15  0.000000E+00  9.991725E+15  5.000000E-01 -8.593667E-07 -1.939424E+14 -1.941030E-02
    144  4.5636952643172679E-01  1.0535900042509451E+09  6.2898892272547519E+08  1.163760E+18  1.194206E+16  0.000000E+00  1.194206E+16  5.000000E-01 -8.593667E-07 -2.376937E+14 -1.990392E-02
    145  4.5637529103912100E-01  1.0660150121092304E+09  6.2897984961637175E+08  1.163761E+18  1.573586E+16  0.000000E+00  1.573586E+16  5.000000E-01 -8.593667E-07 -3.179572E+14 -2.020589E-02
    146  4.5638682025390936E-01  1.0908650278256814E+09  6.2896170339816487E+08  1.163761E+18  2.664335E+16  0.000000E+00  2.664335E+16  5.000000E-01 -8.593667E-07 -5.511794E+14 -2.068732E-02
    147  4.5640987868348609E-01  1.1405650592585835E+09  6.2892541096175122E+08  1.163762E+18  7.287757E+16  0.000000E+00  7.287757E+16  5.000000E-01 -8.593667E-07 -1.573437E+15 -2.159014E-02
    148  4.5645599554263955E-01  1.2399651221243873E+09  6.2885282608892381E+08  1.163772E+18  4.816510E+17  0.000000E+00  4.816510E+17  5.000000E-01 -8.593667E-07 -1.121631E+16 -2.328722E-02
    149  4.5646521891447023E-01  1.2598451346975241E+09  6.2883830911435831E+08  1.163777E+18  6.787450E+17  0.000000E+00  6.787450E+17  5.000000E-01 -8.593667E-07 -1.571713E+16 -2.315616E-02
    150  4.5648366565813164E-01  1.2996051598439176E+09  6.2880927516522741E+08  1.163795E+18  1.369084E+18  0.000000E+00  1.369084E+18  5.000000E-01 -8.593667E-07 -3.170509E+16 -2.315789E-02
    151  4.5652055914545442E-01  1.3791252101365848E+09  6.2875120726696539E+08  1.163909E+18  7.125901E+18  0.000000E+00  7.125901E+18  5.000000E-01 -8.593673E-07 -1.525973E+17 -2.141446E-02
    152  4.5652793784291895E-01  1.3950292201950703E+09  6.2873959368731308E+08  1.163961E+18  8.237378E+18  0.000000E+00  8.237378E+18  5.000000E-01 -8.593675E-07 -1.533714E+17 -1.861896E-02
    153  4.5654269523784807E-01  1.4268372403121610E+09  6.2871636652800834E+08  1.164126E+18  1.458951E+19  0.000000E+00  1.458951E+19  5.000000E-01 -8.593675E-07 -2.494358E+17 -1.709694E-02
    154  4.5657221002770632E-01  1.4904532805463424E+09  6.2866991220939875E+08  1.164854E+18  3.699503E+19  0.000000E+00  3.699503E+19  5.000000E-01 -8.593675E-07 -6.084223E+17 -1.644606E-02
    155  4.5663123960742275E-01  1.6176853610145860E+09  6.2857700357217968E+08  1.170513E+18  8.475365E+20  0.000000E+00  8.475365E+20  4.999985E-01 -4.133763E-05 -8.046139E+19 -9.493560E-02
    156  4.5663850392386368E-01  1.6333428347489395E+09  6.2856557002066028E+08  1.172240E+18  4.550078E+20  0.000000E+00  4.550078E+20  4.999956E-01 -2.066350E-04 -1.201240E+19 -2.640042E-02
    157  4.5664684175961912E-01  1.6513141670007112E+09  6.2855244682105231E+08  1.174315E+18  2.661374E+20  0.000000E+00  2.661374E+20  4.999933E-01 -2.779883E-04 -4.572731E+18 -1.718185E-02
    158  4.5666351743112993E-01  1.6872568315041351E+09  6.2852620042183650E+08  1.179704E+18  4.005777E+20  0.000000E+00  4.005777E+20  4.999923E-01 -3.016402E-04 -7.750352E+18 -1.934794E-02
    159  4.5669686877415155E-01  1.7591421605109828E+09  6.2847370762340474E+08  1.197506E+18  7.127750E+20  0.000000E+00  7.127750E+20  4.999921E-01 -3.067283E-04 -1.630014E+19 -2.286856E-02
    160  4.5674257484871605E-01  1.8576568201920073E+09  6.2840176929823256E+08  1.240178E+18  2.397858E+21  0.000000E+00  2.397858E+21  4.999922E-01 -3.345936E-04 -1.858781E+20 -7.751839E-02
    161  4.5674753333377099E-01  1.8683443157246094E+09  6.2839396497214150E+08  1.245852E+18  1.096023E+21  0.000000E+00  1.096023E+21  4.999921E-01 -3.355586E-04 -4.086533E+19 -3.728511E-02
    162  4.5675463032708291E-01  1.8836411419680305E+09  6.2838279477611208E+08  1.254157E+18  1.191413E+21  0.000000E+00  1.191413E+21  4.999920E-01 -3.360709E-04 -2.764439E+19 -2.320303E-02
    163  4.5676882431370674E-01  1.9142347944548726E+09  6.2836045438405335E+08  1.271136E+18  1.232058E+21  0.000000E+00  1.232058E+21  4.999920E-01 -3.361098E-04 -2.865753E+19 -2.325989E-02
    164  4.5679721228695447E-01  1.9853745350383916E+09  6.2820639297807956E+08  1.304243E+18  1.279138E+21  0.000000E+00  1.279138E+21  4.999920E-01 -3.361098E-04 -3.728330E+19 -2.914720E-02
    165  4.5680288988160400E-01  2.0086649544586961E+09  6.2807598108271813E+08  1.311028E+18  1.239536E+21  0.000000E+00  1.239536E+21  4.999920E-01 -3.361098E-04 -2.767794E+19 -2.232928E-02
    166  4.5681328710472213E-01  2.0513160597551332E+09  6.2783716136115837E+08  1.323796E+18  1.248649E+21  0.000000E+00  1.248649E+21  4.999920E-01 -3.361098E-04 -2.876208E+19 -2.303456E-02
    167  4.5683408155095839E-01  2.1366182703480074E+09  6.2735952191803885E+08  1.347214E+18  1.095676E+21  0.000000E+00  1.095676E+21  4.999920E-01 -3.361098E-04 -3.524837E+19 -3.217042E-02
    168  4.5687567044343086E-01  2.3072226915335283E+09  6.2640424303180099E+08  1.374096E+18 -5.160370E+20  0.000000E+00 -5.160370E+20  5.000069E-01 -1.009471E-03  7.224879E+19 -1.400070E-01
    169  4.5692399201311368E-01  2.5054456529160891E+09  6.2529431745976460E+08  1.384391E+18 -8.114557E+18  0.000000E+00 -8.114557E+18  4.998975E-01 -9.071378E-03  3.735167E+18 -4.603046E-01
    170  4.5692436333397163E-01  2.5069688716477890E+09  6.2528578838013458E+08  1.384439E+18  1.082076E+20  0.000000E+00  1.082076E+20  4.998975E-01 -9.071388E-03 -2.132284E+18 -1.970549E-02
    171  4.5692510597568753E-01  2.5100153091111894E+09  6.2526873022087467E+08  1.384516E+18  1.027175E+20  0.000000E+00  1.027175E+20  4.998975E-01 -9.071384E-03 -2.089952E+18 -2.034659E-02
    172  4.5692659125911939E-01  2.5161081840382180E+09  6.2523461390235353E+08  1.384665E+18  9.828487E+19  0.000000E+00  9.828487E+19  4.998975E-01 -9.071384E-03 -2.014163E+18 -2.049311E-02
    173  4.5692956182598304E-01  2.5282939338920479E+09  6.2516638126531255E+08  1.384947E+18  9.146104E+19  0.000000E+00  9.146104E+19  4.998975E-01 -9.071384E-03 -1.873377E+18 -2.048279E-02
    174  4.5693550295971042E-01  2.5526654335999346E+09  6.2502991599122930E+08  1.385460E+18  8.198183E+19  0.000000E+00  8.198183E+19  4.998975E-01 -9.071384E-03 -1.629267E+18 -1.987351E-02
    175  4.5694738522716510E-01  2.6014084330154805E+09  6.2475698544306409E+08  1.386363E+18  7.219381E+19  0.000000E+00  7.219381E+19  4.998975E-01 -9.071356E-03 -1.265522E+18 -1.752951E-02
    176  4.5697114976207448E-01  2.6988944318465724E+09  6.2421112434673369E+08  1.388060E+18  8.456335E+19  0.000000E+00  8.456335E+19  4.998975E-01 -9.071356E-03 -9.417836E+17 -1.113702E-02
    177  4.5697590266905636E-01  2.7183916316127911E+09  6.2410195212746763E+08  1.388433E+18  8.171791E+19  0.000000E+00  8.171791E+19  4.998975E-01 -9.071356E-03 -7.580982E+17 -9.277014E-03
    178  4.5698540848302011E-01  2.7573860311452274E+09  6.2388360768893552E+08  1.389270E+18  9.681306E+19  0.000000E+00  9.681306E+19  4.998975E-01 -9.071356E-03 -6.652064E+17 -6.871040E-03
    179  4.5700442011094761E-01  2.8353748302101011E+09  6.2344691881187117E+08  1.391540E+18  1.585897E+20  0.000000E+00  1.585897E+20  4.998975E-01 -9.071356E-03 -6.725694E+17 -4.240939E-03
    180  4.5704244336680266E-01  2.9913524283400760E+09  6.2257354105774117E+08  1.401096E+18  4.832597E+20  0.000000E+00  4.832597E+20  4.998975E-01 -9.070567E-03  1.972879E+18  4.082440E-03
    181  4.5704899528479165E-01  3.0182294647243853E+09  6.2242304633313704E+08  1.403869E+18  4.444332E+20  0.000000E+00  4.444332E+20  4.998952E-01 -9.176828E-03 -9.534375E+17 -2.145289E-03
    182  4.5706209912076967E-01  3.0719835374932318E+09  6.2212205688392735E+08  1.410620E+18  5.879253E+20  0.000000E+00  5.879253E+20  4.998952E-01 -9.176759E-03 -2.759158E+18 -4.693041E-03
    183  4.5708830679272572E-01  3.1794916830309248E+09  6.2152007798550797E+08  1.429045E+18  8.236931E+20  0.000000E+00  8.236931E+20  4.998951E-01 -9.170707E-03 -9.825493E+18 -1.192858E-02
    184  4.5714072213663781E-01  3.3945079741063108E+09  6.2031612018866909E+08  1.486137E+18 -5.200010E+20  0.000000E+00 -5.200010E+20  4.998953E-01 -9.533998E-03  1.876650E+20 -3.608935E-01
    185  4.5714706368991742E-01  3.4205220601366425E+09  6.2017045745052397E+08  1.496324E+18  1.587435E+21  0.000000E+00  1.587435E+21  4.998953E-01 -9.538963E-03 -2.016349E+19 -1.270193E-02
    186  4.5715827640272771E-01  3.4665184371785669E+09  6.1991290628317297E+08  1.516887E+18  1.989813E+21  0.000000E+00  1.989813E+21  4.998953E-01 -9.538963E-03 -4.407304E+19 -2.214934E-02
    187  4.5718070182834830E-01  3.5585111912624149E+09  6.1939780394847083E+08  1.567060E+18  2.654072E+21  0.000000E+00  2.654072E+21  4.998953E-01 -9.538963E-03 -6.306650E+19 -2.376216E-02
    188  4.5722555267958953E-01  3.7424966994303389E+09  6.1836759927906537E+08  1.671972E+18  1.595731E+22  0.000000E+00  1.595731E+22  4.998854E-01 -1.018116E-02 -4.603216E+20 -2.884706E-02
    189  4.5723068735259170E-01  3.7635599656880875E+09  6.1824965805930436E+08  1.681944E+18  2.802738E+21  0.000000E+00  2.802738E+21  4.998677E-01 -1.125170E-02 -8.985611E+19 -3.206012E-02
    190  4.5723638041855258E-01  3.7869138509513073E+09  6.1811889079460776E+08  1.692267E+18  1.838026E+21  0.000000E+00  1.838026E+21  4.998673E-01 -1.127448E-02 -5.490330E+19 -2.987079E-02
    191  4.5724776655047428E-01  3.8336216214775195E+09  6.1785735626521587E+08  1.710603E+18  1.508577E+21  0.000000E+00  1.508577E+21  4.998673E-01 -1.127448E-02 -4.376102E+19 -2.900815E-02
    192  4.5727053881431773E-01  3.9270371625301714E+09  6.1733428720643091E+08  1.738413E+18  1.167492E+21  0.000000E+00  1.167492E+21  4.998673E-01 -1.127448E-02 -3.522090E+19 -3.016801E-02
    193  4.5731608334200458E-01  4.1138682446352472E+09  6.1628814908886206E+08  1.767251E+18  1.423679E+22  0.000000E+00  1.423679E+22  4.998452E-01 -1.204974E-02  1.445768E+21  1.015515E-01
    194  4.5732097597172305E-01  4.1339386098595352E+09  6.1617576749872148E+08  1.769107E+18  1.399871E+22  0.000000E+00  1.399871E+22  4.998427E-01 -1.218042E-02  1.147247E+20  8.195377E-03
    195  4.5732712874204762E-01  4.1591782774127054E+09  6.1603444102346563E+08  1.771086E+18  5.175354E+21  0.000000E+00  5.175354E+21  4.998426E-01 -1.218498E-02  6.895273E+18  1.332329E-03
    196  4.5733943428269674E-01  4.2096576125190458E+09  6.1575178807295406E+08  1.774316E+18  1.867998E+21  0.000000E+00  1.867998E+21  4.998426E-01 -1.218498E-02 -5.989588E+18 -3.206421E-03
    197  4.5736404536399500E-01  4.3106162827317266E+09  6.1518648217193091E+08  1.778786E+18 -1.274154E+21  0.000000E+00 -1.274154E+21  4.998426E-01 -1.218498E-02 -3.629951E+20  2.848911E-01
    198  4.5736896758025464E-01  4.3308080167742176E+09  6.1507342099172652E+08  1.779439E+18 -4.594623E+20  0.000000E+00 -4.594623E+20  4.998426E-01 -1.218498E-02 -3.096819E+19  6.740095E-02
    199  4.5737881201277397E-01  4.3711914848594265E+09  6.1484729863131642E+08  1.780574E+18 -1.275498E+20  0.000000E+00 -1.275498E+20  4.998426E-01 -1.218498E-02 -3.138060E+19  2.460263E-01
    200  4.5739850087781259E-01  4.4519584210296173E+09  6.1439505391049767E+08  1.782256E+18  5.826419E+20  0.000000E+00  5.826419E+20  4.998426E-01 -1.218498E-02 -1.198309E+20 -2.056682E-01
    201  4.5740243865082031E-01  4.4681118082636547E+09  6.1430460496633399E+08  1.782505E+18 -4.980776E+19  0.000000E+00 -4.980776E+19  4.998426E-01 -1.218498E-02 -1.556900E+19  3.125819E-01
    202  4.5741031419683575E-01  4.5004185827317314E+09  6.1412370707800639E+08  1.782935E+18 -1.234628E+20  0.000000E+00 -1.234628E+20  4.998426E-01 -1.218498E-02 -7.735162E+18  6.265175E-02
    203  4.5742584730353225E-01  4.5641379202669458E+09  6.1376691833027363E+08  1.783528E+18 -4.273557E+20  0.000000E+00 -4.273557E+20  4.998425E-01 -1.218498E-02  3.462588E+19 -8.102356E-02
    204  4.5745691351692525E-01  4.6915765953373747E+09  6.1305334083480823E+08  1.784054E+18 -4.855156E+23  0.000000E+00 -4.855156E+23  4.998290E-01 -1.282847E-02 -3.424200E+22  7.052709E-02
    205  4.5746037672392043E-01  4.7057832353735218E+09  6.1297379246685505E+08  1.784080E+18  3.735613E+22  0.000000E+00  3.735613E+22  4.998089E-01 -1.357065E-02  8.209851E+20  2.197725E-02
    206  4.5746492757404572E-01  4.7244515649531593E+09  6.1286926140625978E+08  1.784147E+18  2.952561E+21  0.000000E+00  2.952561E+21  4.998089E-01 -1.357065E-02  2.994653E+20  1.014256E-01
    207  4.5747402927429637E-01  4.7617882241126614E+09  6.1266019928506804E+08  1.784293E+18 -2.847988E+20  0.000000E+00 -2.847988E+20  4.998089E-01 -1.357065E-02 -1.129294E+20  3.965234E-01
    208  4.5749223267479766E-01  4.8364615424316673E+09  6.1224207504268467E+08  1.784760E+18 -2.595786E+22  0.000000E+00 -2.595786E+22  4.998088E-01 -1.357065E-02 -2.673970E+21  1.030120E-01
    209  4.5752863947580019E-01  4.9858081790694504E+09  6.1140582655791903E+08  1.787057E+18  3.995004E+24  0.000000E+00  3.995004E+24  4.997997E-01 -1.402967E-02 -1.781302E+23 -4.458824E-02
    210  4.5753255356154715E-01  5.0018643972958069E+09  6.1131592169989789E+08  1.787756E+18  2.823060E+21  0.000000E+00  2.823060E+21  4.997989E-01 -1.418058E-02 -3.768543E+21 -1.334914E+00
    211  4.5754017330514413E-01  5.0331218285150881E+09  6.1114089948257017E+08  1.788896E+18  2.452588E+21  0.000000E+00  2.452588E+21  4.997989E-01 -1.418058E-02 -7.727412E+20 -3.150717E-01
    212  4.5755541279233808E-01  5.0956366909536495E+09  6.1079085504791462E+08  1.792090E+18 -2.489869E+23  0.000000E+00 -2.489869E+23  4.997989E-01 -1.418058E-02 -5.951824E+21  2.390416E-02
    213  4.5755846068977685E-01  5.1081396634412708E+09  6.1072084616098404E+08  1.792896E+18 -2.657935E+22  0.000000E+00 -2.657935E+22  4.997989E-01 -1.418058E-02 -3.967977E+20  1.492879E-02
    214  4.5756455648465444E-01  5.1331456084167414E+09  6.1058082838712156E+08  1.794742E+18 -2.480005E+22  0.000000E+00 -2.480005E+22  4.997989E-01 -1.418058E-02 -8.244993E+20  3.324587E-02
    215  4.5757674807440962E-01  5.1831574983676815E+09  6.1030079283939660E+08  1.799449E+18 -3.024378E+23  0.000000E+00 -3.024378E+23  4.997988E-01 -1.418058E-02 -5.015693E+21  1.658421E-02
    216  4.5760113125391999E-01  5.2831812782695627E+09  6.0974072174394679E+08  1.814273E+18  5.842061E+24  0.000000E+00  5.842061E+24  4.997987E-01 -1.418058E-02 -4.295217E+23 -7.352229E-02
    217  4.5760564384617120E-01  5.3016926678087940E+09  6.0963706945018518E+08  1.817826E+18  8.560783E+23  0.000000E+00  8.560783E+23  4.997987E-01 -1.418058E-02 -3.786836E+22 -4.423469E-02
    218  4.5761466903067360E-01  5.3387154468872566E+09  6.0942976486266196E+08  1.826105E+18 -2.160169E+22  0.000000E+00 -2.160169E+22  4.997986E-01 -1.418058E-02 -2.034518E+22  9.418330E-01
    219  4.5763271939967842E-01  5.4127610050441818E+09  6.0901515568761551E+08  1.846045E+18 -1.820196E+24  0.000000E+00 -1.820196E+24  4.997984E-01 -1.418058E-02 -1.551889E+23  8.525948E-02
    220  4.5766882013768806E-01  5.5170966807944069E+09  6.0801004607265210E+08  1.885662E+18  2.785944E+25  0.000000E+00  2.785944E+25  4.997978E-01 -1.418058E-02 -3.639993E+24 -1.306557E-01
    221  4.5772937467700936E-01  5.6594758310725327E+09  6.0619292575812769E+08  1.908714E+18  3.952808E+25  0.000000E+00  3.952808E+25  4.998020E-01 -5.765892E-02 -1.034660E+25 -2.617532E-01
    222  4.5772938139087743E-01  5.6594916170869579E+09  6.0619272428840792E+08  1.910021E+18 -6.703763E+23  0.000000E+00 -6.703763E+23  4.997960E-01 -5.810833E-02  9.129529E+21 -1.361851E-02
    223  4.5772938756295051E-01  5.6595061292033024E+09  6.0619253907686985E+08  1.910084E+18 -3.489005E+20  0.000000E+00 -3.489005E+20  4.997960E-01 -5.810833E-02  1.411807E+21 -4.046446E+00
    224  4.5772939990709660E-01  5.6595351534358625E+09  6.0619216865379536E+08  1.910030E+18 -4.294607E+21  0.000000E+00 -4.294607E+21  4.997960E-01 -5.810833E-02  1.039008E+21 -2.419332E-01
    225  4.5772942459538879E-01  5.6595932019009819E+09  6.0619142780764627E+08  1.909969E+18 -1.090219E+21  0.000000E+00 -1.090219E+21  4.997960E-01 -5.810833E-02  3.912661E+20 -3.588877E-01
    226  4.5772947397197322E-01  5.6597092988313503E+09  6.0618994611534631E+08  1.909946E+18  2.341355E+20  0.000000E+00  2.341355E+20  4.997959E-01 -5.810833E-02  1.264593E+20  5.401119E-01
    227  4.5772957272514203E-01  5.6599414926919575E+09  6.0618698273074830E+08  1.909966E+18  8.324769E+19  0.000000E+00  8.324769E+19  4.997959E-01 -5.810833E-02  2.936290E+19  3.527172E-01
    228  4.5772977023147965E-01  5.6604058804131718E+09  6.0618105596155226E+08  1.910014E+18  1.501935E+20  0.000000E+00  1.501935E+20  4.997959E-01 -5.810833E-02 -9.967095E+17 -6.636168E-03
    229  4.5773016524415494E-01  5.6613346558557310E+09  6.0616920242315841E+08  1.910108E+18  1.453477E+20  0.000000E+00  1.453477E+20  4.997959E-01 -5.810833E-02 -7.151369E+17 -4.920180E-03
    230  4.5773095526950552E-01  5.6631922067408495E+09  6.0614549534637070E+08  1.910292E+18  1.650299E+20  0.000000E+00  1.650299E+20  4.997959E-01 -5.810833E-02 -5.708917E+18 -3.459322E-02
    231  4.5773253532020669E-01  5.6669073085110865E+09  6.0609808119279528E+08  1.910638E+18  3.215816E+20  0.000000E+00  3.215816E+20  4.997959E-01 -5.810833E-02 -4.031408E+19 -1.253619E-01
    232  4.5773569542160902E-01  5.6743375120515604E+09  6.0600325288564444E+08  1.911256E+18  1.185515E+21  0.000000E+00  1.185515E+21  4.997958E-01 -5.810833E-02 -2.329237E+20 -1.964747E-01
    233  4.5774201562441363E-01  5.6891979191323776E+09  6.0581359627134442E+08  1.912228E+18  5.568290E+21  0.000000E+00  5.568290E+21  4.997956E-01 -5.810833E-02 -1.359679E+21 -2.441825E-01
    234  4.5775465603002291E-01  5.7189187332941427E+09  6.0543428304274285E+08  1.913345E+18  2.381198E+22  0.000000E+00  2.381198E+22  4.997952E-01 -5.810833E-02 -7.712973E+21 -3.239114E-01
    235  4.5777993684124141E-01  5.7783603616175413E+09  6.0467565658554125E+08  1.913482E+18  6.022588E+22  0.000000E+00  6.022588E+22  4.997944E-01 -5.810833E-02 -3.522874E+22 -5.849436E-01
    236  4.5783049846367840E-01  5.8972436182643404E+09  6.0315840367113817E+08  1.909732E+18 -1.892943E+23  0.000000E+00 -1.892943E+23  4.997927E-01 -5.810833E-02  6.921438E+22 -3.656443E-01
    237  4.5793162170855245E-01  6.1350101315580673E+09  6.0012389784233034E+08  1.893103E+18 -4.716913E+25  0.000000E+00 -4.716913E+25  4.997891E-01 -5.810861E-02  1.328763E+25 -2.817017E-01
    238  4.5794691882233357E-01  6.1709775435188360E+09  5.9966486212813258E+08  1.890017E+18 -8.899609E+24  0.000000E+00 -8.899609E+24  4.997907E-01 -5.827963E-02  6.026669E+23 -6.771836E-02
    239  4.5797751304989587E-01  6.2429123674405050E+09  5.9874679069973552E+08  1.883298E+18 -4.601739E+23  0.000000E+00 -4.601739E+23  4.997895E-01 -5.827963E-02  1.392340E+23 -3.025681E-01
    240  4.5803870150502041E-01  6.3867820152837105E+09  5.9691064784294295E+08  1.868226E+18  3.349753E+25  0.000000E+00  3.349753E+25  4.997871E-01 -5.827963E-02  1.843341E+24  5.502917E-02
    241  4.5805093919604534E-01  6.4155559448524046E+09  5.9654341927158380E+08  1.863960E+18  3.240613E+24  0.000000E+00  3.240613E+24  4.997866E-01 -5.827963E-02 -1.011732E+23 -3.122038E-02
    242  4.5807541457809514E-01  6.4731038039896603E+09  5.9580896212886715E+08  1.856616E+18  3.582475E+24  0.000000E+00  3.582475E+24  4.997856E-01 -5.827963E-02 -1.026335E+23 -2.864876E-02
    243  4.5812436534219481E-01  6.5881995222643042E+09  5.9434004784343207E+08  1.840950E+18  4.388060E+25  0.000000E+00  4.388060E+25  4.997836E-01 -5.827963E-02  3.216758E+23  7.330706E-03
    244  4.5822226687039408E-01  6.8183909588134594E+09  5.9140221927256370E+08  1.802904E+18  1.006288E+27  0.000000E+00  1.006288E+27  4.997794E-01 -5.827963E-02  5.554048E+25  5.519344E-02
    245  4.5824051130105986E-01  6.8612882636995430E+09  5.9085474048796225E+08  1.794160E+18  9.007523E+25  0.000000E+00  9.007523E+25  4.997786E-01 -5.827963E-02  3.906086E+24  4.336470E-02
    246  4.5827700016239142E-01  6.9470828734717093E+09  5.8975978291875947E+08  1.777247E+18  7.498042E+25  0.000000E+00  7.498042E+25  4.997770E-01 -5.827963E-02 -8.370336E+23 -1.116336E-02
    247  4.5834997788505449E-01  7.1186720930159111E+09  5.8756986778035545E+08  1.740129E+18  7.277252E+26  0.000000E+00  7.277252E+26  4.997736E-01 -5.827963E-02  4.520544E+24  6.211884E-03
    248  4.5836457342958709E-01  7.1529899369246998E+09  5.8713188475267529E+08  1.731024E+18  4.523794E+25  0.000000E+00  4.523794E+25  4.997729E-01 -5.827963E-02 -3.391858E+24 -7.497817E-02
    249  4.5839376451865232E-01  7.2216256247424059E+09  5.8625591869731331E+08  1.713689E+18 -7.783688E+24  0.000000E+00 -7.783688E+24  4.997716E-01 -5.827963E-02 -2.252000E+24  2.893230E-01
    250  4.5845214669678280E-01  7.3588970003778200E+09  5.8450398658658946E+08  1.675736E+18  7.476023E+25  0.000000E+00  7.476023E+25  4.997687E-01 -5.827963E-02 -3.566413E+24 -4.770469E-02
    251  4.5856891105304376E-01  7.4585374994789667E+09  5.8142313737406385E+08  1.645897E+18 -3.369246E+27  0.000000E+00 -3.369246E+27  4.997629E-01 -5.827966E-02 -3.388029E+25  1.005575E-02
    252  4.5880243976556562E-01  7.4504045710386858E+09  5.7576308602868807E+08  1.645203E+18  8.366585E+25  0.000000E+00  8.366585E+25  4.997513E-01 -5.827966E-02  4.101795E+23  4.902591E-03
    253  4.5926949719060933E-01  7.4341387141581259E+09  5.6444298333793640E+08  1.645996E+18 -2.297141E+24  0.000000E+00 -2.297141E+24  4.997287E-01 -5.827966E-02 -1.907334E+22  8.303080E-03
    254  4.6020361204069676E-01  7.4017521258016891E+09  5.4817705660054839E+08  1.649917E+18 -3.103716E+25  0.000000E+00 -3.103716E+25  4.996855E-01 -5.827966E-02 -1.436454E+24  4.628175E-02
    255  4.6207184174087162E-01  7.3553281818287868E+09  5.2668748468163097E+08  1.656304E+18 -5.520480E+25  0.000000E+00 -5.520480E+25  4.996043E-01 -5.827966E-02 -2.303116E+24  4.171950E-02
    256  4.6580830114122140E-01  7.3480832259126482E+09  5.2294332502749330E+08  1.659057E+18 -1.520583E+25  0.000000E+00 -1.520583E+25  4.994512E-01 -5.827967E-02 -6.110164E+22  4.018302E-03
    257  4.7328121994192091E-01  7.3552192676033201E+09  5.1800142107180500E+08  1.658914E+18 -1.322610E+26  0.000000E+00 -1.322610E+26  4.991496E-01 -5.827968E-02  7.086511E+24 -5.357974E-02
    258  4.8328121971840349E-01  7.5802597074892397E+09  6.2697144562479019E+08  1.643921E+18  9.105469E+27  0.000000E+00  9.105469E+27  4.986775E-01 -5.827968E-02  2.005876E+26  2.202935E-02
    259  4.9328121949488607E-01  7.2478046653040380E+09  4.6094038810624903E+08  1.682176E+18  1.396892E+27  0.000000E+00  1.396892E+27  4.982354E-01 -5.827966E-02  7.402512E+25  5.299273E-02
    260  5.0328121927136871E-01  7.0833313268290339E+09  3.9438815640639937E+08  1.697403E+18 -3.040582E+26  0.000000E+00 -3.040582E+26  4.979717E-01 -5.827967E-02 -5.278828E+25  1.736124E-01
    261  5.1328121904785129E-01  6.9944256003818512E+09  3.6188950429970026E+08  1.711645E+18  8.314402E+25  0.000000E+00  8.314402E+25  4.977476E-01 -5.827967E-02  7.604447E+23  9.146115E-03
    262  5.2328121882433387E-01  6.8680260751197739E+09  3.1963143251490700E+08  1.727003E+18 -6.519958E+25  0.000000E+00 -6.519958E+25  4.975622E-01 -5.827967E-02 -6.215176E+24  9.532539E-02
    263  5.3328121860081645E-01  6.7313619822001657E+09  2.7901331762357366E+08  1.743342E+18 -9.651414E+25  0.000000E+00 -9.651414E+25  4.974165E-01 -5.827968E-02 -5.112181E+24  5.296821E-02
    264  5.4328121837729904E-01  6.5965092472949467E+09  2.4556785460831109E+08  1.760412E+18 -7.481614E+25  0.000000E+00 -7.481614E+25  4.972999E-01 -5.827968E-02 -6.438822E+24  8.606194E-02
    265  5.5328121815378162E-01  6.4705908072505331E+09  2.1549594712869126E+08  1.775344E+18 -1.026917E+25  0.000000E+00 -1.026917E+25  4.972057E-01 -5.827968E-02 -2.454090E+24  2.389764E-01
    266  5.6328121793026420E-01  6.3304220226854610E+09  1.8751459113630518E+08  1.791984E+18 -3.066570E+25  0.000000E+00 -3.066570E+25  4.971314E-01 -5.827968E-02 -1.689514E+24  5.509458E-02
    267  5.7328121770674678E-01  6.1852180158917284E+09  1.6252467440329248E+08  1.809075E+18 -1.929033E+25  0.000000E+00 -1.929033E+25  4.970770E-01 -5.827968E-02 -1.695000E+24  8.786783E-02
    268  5.8328121748322936E-01  6.0476472832269802E+09  1.4177326105975452E+08  1.825109E+18 -3.638816E+24  0.000000E+00 -3.638816E+24  4.970318E-01 -5.827968E-02 -1.546579E+24  4.250225E-01
    269  5.8654596999999997E-01  6.0052092000000000E+09  1.3589779000000000E+08  1.830957E+18  1.226305E+24  0.000000E+00  1.226305E+24  4.970186E-01 -5.827968E-02  2.124165E+23  1.732167E-01
