    1   1  9.5622E-03  1.3549E-02 h1   
    1   2  2.0628E-07  4.2967E-03 h2   
    2   3  1.7267E-08  5.8951E-04 he3  
    2   4  1.0885E-01  3.9550E-01 he4  
    3   6  2.2566E-10  3.4740E-01 li6  
    3   7  2.5634E-11  2.7419E-03 li7  
    4   9  1.2246E-10  7.3689E-01 be9  
    5  10  1.3825E-11  1.2952E-02 b10  
    5  11  4.6197E-11  9.7666E-03 b11  
    6  12  4.3002E-06  1.4181E-03 c12  
    6  13  4.7398E-09  1.2985E-04 c13  
    7  14  4.5374E-09  4.1067E-06 n14  
    7  15  1.1323E-08  2.5951E-03 n15  
    8  16  5.9308E-06  6.1832E-04 o16  
    8  17  3.6323E-09  9.3439E-04 o17  
    8  18  1.0394E-10  4.7960E-06 o18  
    9  19  1.2650E-10  3.1222E-04 f19  
   10  20  1.9134E-07  1.1819E-04 ne20 
   10  21  2.3674E-09  5.7358E-04 ne21 
   10  22  2.9084E-09  2.2335E-05 ne22 
   11  23  2.9876E-08  8.9466E-04 na23 
   12  24  5.2579E-06  1.0213E-02 mg24 
   12  25  2.8682E-07  4.2390E-03 mg25 
   12  26  2.5929E-07  3.3411E-03 mg26 
   13  27  3.6584E-06  6.3020E-02 al27 
   14  28  5.2217E-04  7.9964E-01 si28 
   14  29  5.3452E-05  1.5603E+00 si29 
   14  30  3.3223E-05  1.4123E+00 si30 
   15  31  8.0997E-05  9.9321E+00 p31  
   16  32  4.9861E-04  1.2597E+00 s32  
   16  33  1.2542E-04  3.8924E+01 s33  
   16  34  1.2867E-04  6.8943E+00 s34  
   16  36  1.5201E-07  1.6207E+00 s36  
   17  35  1.6542E-04  6.5331E+01 cl35 
   17  37  1.2500E-04  1.4628E+02 cl37 
   18  36  3.7498E-04  4.8446E+00 ar36 
   18  38  1.9669E-04  1.2790E+01 ar38 
   18  40  2.6285E-07  9.9918E+00 ar40 
   19  39  2.3918E-04  6.8879E+01 k39  
   19  40  1.9950E-05  4.4813E+04 k40  
   19  41  1.4145E-04  5.3697E+02 k41  
   20  40  4.2024E-04  7.0159E+00 ca40 
   20  42  1.3308E-04  3.1712E+02 ca42 
   20  43  8.7752E-05  9.7791E+01 ca43 
   20  44  1.3182E-04  9.3259E+01 ca44 
   20  46  3.5373E-08  1.2667E+01 ca46 
   20  48  4.1722E-11  3.0143E-04 ca48 
   21  45  2.6316E-04  6.7600E+03 sc45 
   22  46  1.0863E-03  4.8627E+03 ti46 
   22  47  1.1631E-03  5.5906E+03 ti47 
   22  48  1.9303E-03  8.9818E+02 ti48 
   22  49  4.9285E-03  3.0124E+04 ti49 
   22  50  1.0291E-05  6.2589E+01 ti50 
   23  50  7.7530E-04  8.3745E+05 v50  
   23  51  1.9403E-02  5.1510E+04 v51  
   24  50  1.7975E-02  2.4212E+04 cr50 
   24  52  3.3268E-02  2.2383E+03 cr52 
   24  53  6.8243E-02  3.9769E+04 cr53 
   24  54  1.0435E-04  2.3947E+02 cr54 
   25  55  1.3204E-01  9.9383E+03 mn55 
   26  54  1.4044E-01  1.9696E+03 fe54 
   26  56  1.3711E-01  1.1733E+02 fe56 
   26  57  1.0742E-01  3.7628E+03 fe57 
   26  58  4.4361E-04  1.1999E+02 fe58 
   27  59  5.3770E-02  1.6013E+04 co59 
   28  58  7.9367E-02  1.6053E+03 ni58 
   28  60  3.0722E-02  1.5692E+03 ni60 
   28  61  9.8961E-03  1.1515E+04 ni61 
   28  62  3.4547E-03  1.2445E+03 ni62 
   28  64  2.9827E-07  4.1035E-01 ni64 
   29  63  1.4575E-03  2.5336E+03 cu63 
   29  65  1.8494E-04  6.9866E+02 cu65 
   30  64  6.5367E-04  6.5870E+02 zn64 
   30  66  4.7174E-05  8.0276E+01 zn66 
   30  67  2.1303E-05  2.4314E+02 zn67 
   30  68  6.6295E-06  1.6332E+01 zn68 
   30  70  1.8793E-11  1.3607E-03 zn70 
   31  69  2.5293E-06  6.3840E+01 ga69 
   31  71  3.2132E-07  1.1849E+01 ga71 
   32  70  7.8019E-07  1.8058E+01 ge70 
   32  72  1.0166E-07  1.7122E+00 ge72 
   32  73  5.6147E-08  3.2766E+00 ge73 
   32  74  1.4870E-11  1.8305E-04 ge74 
   32  76  4.4386E-15  2.4880E-07 ge76 
   33  75  1.0770E-08  8.6544E-01 as75 
   34  74  2.4642E-08  2.3936E+01 se74 
   34  76  3.7487E-09  3.4820E-01 se76 
   34  77  2.5092E-09  2.7411E-01 se77 
   34  78  5.5120E-12  1.9005E-04 se78 
   34  80  6.8205E-15  1.0908E-07 se80 
   34  82  1.8834E-18  1.5930E-10 se82 
   35  79  5.6791E-10  4.7524E-02 br79 
   35  81  1.0812E-10  9.0057E-03 br81 
   36  78  1.0565E-09  3.4998E+00 kr78 
   36  80  1.5365E-10  7.6005E-02 kr80 
   36  82  4.2737E-11  4.0008E-03 kr82 
   36  83  2.6974E-11  2.4900E-03 kr83 
   36  84  1.2276E-14  2.2480E-07 kr84 
   36  86  1.0775E-17  6.3175E-10 kr86 
   37  85  5.4339E-12  4.9363E-04 rb85 
   37  87  3.5481E-20  8.1843E-12 rb87 
   38  84  1.1799E-11  4.2070E-02 sr84 
   38  86  3.6853E-12  7.3023E-04 sr86 
   38  87  4.2589E-12  1.1800E-03 sr87 
   38  88  2.0776E-12  4.8112E-05 sr88 
   39  89  2.4084E-12  2.3055E-04 y89  
   40  90  1.6046E-12  1.2008E-04 zr90 
   40  91  1.1576E-15  3.9291E-07 zr91 
   40  92  0.0000E+00  0.0000E+00 zr92 
   40  94  0.0000E+00  0.0000E+00 zr94 
   40  96  0.0000E+00  0.0000E+00 zr96 
   41  93  0.0000E+00  0.0000E+00 nb93 
   42  92  0.0000E+00  0.0000E+00 mo92 
   42  94  0.0000E+00  0.0000E+00 mo94 
   42  95  0.0000E+00  0.0000E+00 mo95 
   42  96  0.0000E+00  0.0000E+00 mo96 
   42  97  0.0000E+00  0.0000E+00 mo97 
   42  98  0.0000E+00  0.0000E+00 mo98 
   42 100  0.0000E+00  0.0000E+00 mo100
   44  96  0.0000E+00  0.0000E+00 ru96 
   44  98  0.0000E+00  0.0000E+00 ru98 
   44  99  0.0000E+00  0.0000E+00 ru99 
   44 100  0.0000E+00  0.0000E+00 ru100
   44 101  0.0000E+00  0.0000E+00 ru101
   44 102  0.0000E+00  0.0000E+00 ru102
   44 104  0.0000E+00  0.0000E+00 ru104
   45 103  0.0000E+00  0.0000E+00 rh103
   46 102  0.0000E+00  0.0000E+00 pd102
   46 104  0.0000E+00  0.0000E+00 pd104
   46 105  0.0000E+00  0.0000E+00 pd105
   46 106  0.0000E+00  0.0000E+00 pd106
   46 108  0.0000E+00  0.0000E+00 pd108
   46 110  0.0000E+00  0.0000E+00 pd110
   47 107  0.0000E+00  0.0000E+00 ag107
   47 109  0.0000E+00  0.0000E+00 ag109
   48 106  0.0000E+00  0.0000E+00 cd106
   48 108  0.0000E+00  0.0000E+00 cd108
   48 110  0.0000E+00  0.0000E+00 cd110
   48 111  0.0000E+00  0.0000E+00 cd111
   48 112  0.0000E+00  0.0000E+00 cd112
   48 113  0.0000E+00  0.0000E+00 cd113
   48 114  0.0000E+00  0.0000E+00 cd114
   48 116  0.0000E+00  0.0000E+00 cd116
   49 113  0.0000E+00  0.0000E+00 in113
   49 115  0.0000E+00  0.0000E+00 in115
   50 112  0.0000E+00  0.0000E+00 sn112
   50 114  0.0000E+00  0.0000E+00 sn114
   50 115  0.0000E+00  0.0000E+00 sn115
   50 116  0.0000E+00  0.0000E+00 sn116
   50 117  0.0000E+00  0.0000E+00 sn117
   50 118  0.0000E+00  0.0000E+00 sn118
   50 119  0.0000E+00  0.0000E+00 sn119
   50 120  0.0000E+00  0.0000E+00 sn120
   50 122  0.0000E+00  0.0000E+00 sn122
   50 124  0.0000E+00  0.0000E+00 sn124
   51 121  0.0000E+00  0.0000E+00 sb121
   51 123  0.0000E+00  0.0000E+00 sb123
   52 120  0.0000E+00  0.0000E+00 te120
   52 122  0.0000E+00  0.0000E+00 te122
   52 123  0.0000E+00  0.0000E+00 te123
   52 124  0.0000E+00  0.0000E+00 te124
   52 125  0.0000E+00  0.0000E+00 te125
   52 126  0.0000E+00  0.0000E+00 te126
   52 128  0.0000E+00  0.0000E+00 te128
   52 130  0.0000E+00  0.0000E+00 te130
   53 127  0.0000E+00  0.0000E+00 i127 
   54 124  0.0000E+00  0.0000E+00 xe124
   54 126  0.0000E+00  0.0000E+00 xe126
   54 128  0.0000E+00  0.0000E+00 xe128
   54 129  0.0000E+00  0.0000E+00 xe129
   54 130  0.0000E+00  0.0000E+00 xe130
   54 131  0.0000E+00  0.0000E+00 xe131
   54 132  0.0000E+00  0.0000E+00 xe132
   54 134  0.0000E+00  0.0000E+00 xe134
   54 136  0.0000E+00  0.0000E+00 xe136
   55 133  0.0000E+00  0.0000E+00 cs133
   56 130  0.0000E+00  0.0000E+00 ba130
   56 132  0.0000E+00  0.0000E+00 ba132
   56 134  0.0000E+00  0.0000E+00 ba134
   56 135  0.0000E+00  0.0000E+00 ba135
   56 136  0.0000E+00  0.0000E+00 ba136
   56 137  0.0000E+00  0.0000E+00 ba137
   56 138  0.0000E+00  0.0000E+00 ba138
   57 138  0.0000E+00  0.0000E+00 la138
   57 139  0.0000E+00  0.0000E+00 la139
   58 136  0.0000E+00  0.0000E+00 ce136
   58 138  0.0000E+00  0.0000E+00 ce138
   58 140  0.0000E+00  0.0000E+00 ce140
   58 142  0.0000E+00  0.0000E+00 ce142
   59 141  0.0000E+00  0.0000E+00 pr141
   60 142  0.0000E+00  0.0000E+00 nd142
   60 143  0.0000E+00  0.0000E+00 nd143
   60 144  0.0000E+00  0.0000E+00 nd144
   60 145  0.0000E+00  0.0000E+00 nd145
   60 146  0.0000E+00  0.0000E+00 nd146
   60 148  0.0000E+00  0.0000E+00 nd148
   60 150  0.0000E+00  0.0000E+00 nd150
   62 144  0.0000E+00  0.0000E+00 sm144
   62 147  0.0000E+00  0.0000E+00 sm147
   62 148  0.0000E+00  0.0000E+00 sm148
   62 149  0.0000E+00  0.0000E+00 sm149
   62 150  0.0000E+00  0.0000E+00 sm150
   62 152  0.0000E+00  0.0000E+00 sm152
   62 154  0.0000E+00  0.0000E+00 sm154
   63 151  0.0000E+00  0.0000E+00 eu151
   63 153  0.0000E+00  0.0000E+00 eu153
   64 152  0.0000E+00  0.0000E+00 gd152
   64 154  0.0000E+00  0.0000E+00 gd154
   64 155  0.0000E+00  0.0000E+00 gd155
   64 156  0.0000E+00  0.0000E+00 gd156
   64 157  0.0000E+00  0.0000E+00 gd157
   64 158  0.0000E+00  0.0000E+00 gd158
   64 160  0.0000E+00  0.0000E+00 gd160
   65 159  0.0000E+00  0.0000E+00 tb159
   66 156  0.0000E+00  0.0000E+00 dy156
   66 158  0.0000E+00  0.0000E+00 dy158
   66 160  0.0000E+00  0.0000E+00 dy160
   66 161  0.0000E+00  0.0000E+00 dy161
   66 162  0.0000E+00  0.0000E+00 dy162
   66 163  0.0000E+00  0.0000E+00 dy163
   66 164  0.0000E+00  0.0000E+00 dy164
   67 165  0.0000E+00  0.0000E+00 ho165
   68 162  0.0000E+00  0.0000E+00 er162
   68 164  0.0000E+00  0.0000E+00 er164
   68 166  0.0000E+00  0.0000E+00 er166
   68 167  0.0000E+00  0.0000E+00 er167
   68 168  0.0000E+00  0.0000E+00 er168
   68 170  0.0000E+00  0.0000E+00 er170
   69 169  0.0000E+00  0.0000E+00 tm169
   70 168  0.0000E+00  0.0000E+00 yb168
   70 170  0.0000E+00  0.0000E+00 yb170
   70 171  0.0000E+00  0.0000E+00 yb171
   70 172  0.0000E+00  0.0000E+00 yb172
   70 173  0.0000E+00  0.0000E+00 yb173
   70 174  0.0000E+00  0.0000E+00 yb174
   70 176  0.0000E+00  0.0000E+00 yb176
   71 175  0.0000E+00  0.0000E+00 lu175
   71 176  0.0000E+00  0.0000E+00 lu176
   72 174  0.0000E+00  0.0000E+00 hf174
   72 176  0.0000E+00  0.0000E+00 hf176
   72 177  0.0000E+00  0.0000E+00 hf177
   72 178  0.0000E+00  0.0000E+00 hf178
   72 179  0.0000E+00  0.0000E+00 hf179
   72 180  0.0000E+00  0.0000E+00 hf180
   73 180  0.0000E+00  0.0000E+00 ta180
   73 181  0.0000E+00  0.0000E+00 ta181
   74 180  0.0000E+00  0.0000E+00 w180 
   74 182  0.0000E+00  0.0000E+00 w182 
   74 183  0.0000E+00  0.0000E+00 w183 
   74 184  0.0000E+00  0.0000E+00 w184 
   74 186  0.0000E+00  0.0000E+00 w186 
   75 185  0.0000E+00  0.0000E+00 re185
   75 187  0.0000E+00  0.0000E+00 re187
   76 184  0.0000E+00  0.0000E+00 os184
   76 186  0.0000E+00  0.0000E+00 os186
   76 187  0.0000E+00  0.0000E+00 os187
   76 188  0.0000E+00  0.0000E+00 os188
   76 189  0.0000E+00  0.0000E+00 os189
   76 190  0.0000E+00  0.0000E+00 os190
   76 192  0.0000E+00  0.0000E+00 os192
   77 191  0.0000E+00  0.0000E+00 ir191
   77 193  0.0000E+00  0.0000E+00 ir193
   78 190  0.0000E+00  0.0000E+00 pt190
   78 192  0.0000E+00  0.0000E+00 pt192
   78 194  0.0000E+00  0.0000E+00 pt194
   78 195  0.0000E+00  0.0000E+00 pt195
   78 196  0.0000E+00  0.0000E+00 pt196
   78 198  0.0000E+00  0.0000E+00 pt198
   79 197  0.0000E+00  0.0000E+00 au197
   80 196  0.0000E+00  0.0000E+00 hg196
   80 198  0.0000E+00  0.0000E+00 hg198
   80 199  0.0000E+00  0.0000E+00 hg199
   80 200  0.0000E+00  0.0000E+00 hg200
   80 201  0.0000E+00  0.0000E+00 hg201
   80 202  0.0000E+00  0.0000E+00 hg202
   80 204  0.0000E+00  0.0000E+00 hg204
   81 203  0.0000E+00  0.0000E+00 tl203
   81 205  0.0000E+00  0.0000E+00 tl205
   82 204  0.0000E+00  0.0000E+00 pb204
   82 206  0.0000E+00  0.0000E+00 pb206
   82 207  0.0000E+00  0.0000E+00 pb207
   82 208  0.0000E+00  0.0000E+00 pb208
   83 209  0.0000E+00  0.0000E+00 bi209
   90 232  0.0000E+00  0.0000E+00 th232
   92 235  0.0000E+00  0.0000E+00 u235 
   92 238  0.0000E+00  0.0000E+00 u238 
