                           time                     pos                     vel                    temp                     den                    pres                    ener                    entr                      cs
      1  1.0175522000000001E-04  0.0000000000000000E+00  0.0000000000000000E+00  6.882481E+08  2.126781E+09  1.327946E+27  1.655443E+18  6.058707E+07  9.139048E+08  1.371429E+01  2.022900E-26
      2  1.0175522001017553E-04  0.0000000000000000E+00  0.0000000000000000E+00  6.882481E+08  2.126781E+09  1.327946E+27  1.655443E+18  6.058707E+07  9.139048E+08  1.371429E+01  2.022900E-26
      3  1.0175522003052657E-04  0.0000000000000000E+00  0.0000000000000000E+00  6.882481E+08  2.126781E+09  1.327946E+27  1.655443E+18  6.058707E+07  9.139048E+08  1.371429E+01  2.022901E-26
      4  1.0175522007122866E-04  0.0000000000000000E+00  0.0000000000000000E+00  6.882481E+08  2.126781E+09  1.327946E+27  1.655443E+18  6.058707E+07  9.139048E+08  1.371429E+01  2.022902E-26
      5  1.0175522015263284E-04  0.0000000000000000E+00  0.0000000000000000E+00  6.882481E+08  2.126781E+09  1.327946E+27  1.655443E+18  6.058707E+07  9.139048E+08  1.371429E+01  2.022904E-26
      6  1.0175522031544119E-04  0.0000000000000000E+00  0.0000000000000000E+00  6.882481E+08  2.126781E+09  1.327946E+27  1.655443E+18  6.058707E+07  9.139048E+08  1.371429E+01  2.022908E-26
      7  1.0175522064105789E-04  0.0000000000000000E+00  0.0000000000000000E+00  6.882481E+08  2.126781E+09  1.327946E+27  1.655443E+18  6.058707E+07  9.139048E+08  1.371429E+01  2.022916E-26
      8  1.0175522129229130E-04  0.0000000000000000E+00  0.0000000000000000E+00  6.882481E+08  2.126781E+09  1.327946E+27  1.655443E+18  6.058707E+07  9.139048E+08  1.371429E+01  2.022932E-26
      9  1.0175522259475811E-04  0.0000000000000000E+00  0.0000000000000000E+00  6.882481E+08  2.126781E+09  1.327946E+27  1.655443E+18  6.058707E+07  9.139048E+08  1.371429E+01  2.022964E-26
     10  1.0175522519969174E-04  0.0000000000000000E+00  0.0000000000000000E+00  6.882481E+08  2.126781E+09  1.327946E+27  1.655443E+18  6.058707E+07  9.139048E+08  1.371429E+01  2.023027E-26
     11  1.0175523040955900E-04  0.0000000000000000E+00  0.0000000000000000E+00  6.882481E+08  2.126781E+09  1.327946E+27  1.655443E+18  6.058707E+07  9.139048E+08  1.371429E+01  2.023155E-26
     12  1.0175524082929354E-04  0.0000000000000000E+00  0.0000000000000000E+00  6.882481E+08  2.126781E+09  1.327946E+27  1.655443E+18  6.058707E+07  9.139048E+08  1.371429E+01  2.023411E-26
     13  1.0175526166876259E-04  0.0000000000000000E+00  0.0000000000000000E+00  6.882481E+08  2.126781E+09  1.327946E+27  1.655443E+18  6.058707E+07  9.139048E+08  1.371429E+01  2.023922E-26
     14  1.0175530334770070E-04  0.0000000000000000E+00  0.0000000000000000E+00  6.882481E+08  2.126781E+09  1.327946E+27  1.655443E+18  6.058707E+07  9.139048E+08  1.371429E+01  2.024943E-26
     15  1.0175538670557692E-04  0.0000000000000000E+00  0.0000000000000000E+00  6.882481E+08  2.126781E+09  1.327946E+27  1.655443E+18  6.058707E+07  9.139048E+08  1.371429E+01  2.026987E-26
     16  1.0175555342132937E-04  0.0000000000000000E+00  0.0000000000000000E+00  6.882481E+08  2.126781E+09  1.327946E+27  1.655443E+18  6.058707E+07  9.139048E+08  1.371429E+01  2.031074E-26
     17  1.0175588685283427E-04  0.0000000000000000E+00  0.0000000000000000E+00  6.882481E+08  2.126781E+09  1.327946E+27  1.655443E+18  6.058707E+07  9.139048E+08  1.371429E+01  2.039249E-26
     18  1.0175655371584406E-04  0.0000000000000000E+00  0.0000000000000000E+00  6.882481E+08  2.126781E+09  1.327946E+27  1.655443E+18  6.058707E+07  9.139048E+08  1.371429E+01  2.055605E-26
     19  1.0175788744186364E-04  0.0000000000000000E+00  0.0000000000000000E+00  6.882481E+08  2.126781E+09  1.327946E+27  1.655443E+18  6.058707E+07  9.139048E+08  1.371429E+01  2.088320E-26
     20  1.0176055489390281E-04  0.0000000000000000E+00  0.0000000000000000E+00  6.882481E+08  2.126781E+09  1.327946E+27  1.655443E+18  6.058707E+07  9.139048E+08  1.371429E+01  2.153694E-26
     21  1.0176588979798114E-04  0.0000000000000000E+00  0.0000000000000000E+00  6.882481E+08  2.126781E+09  1.327946E+27  1.655443E+18  6.058707E+07  9.139048E+08  1.371429E+01  2.282486E-26
     22  1.0177655960613782E-04  0.0000000000000000E+00  0.0000000000000000E+00  6.882481E+08  2.126781E+09  1.327946E+27  1.655443E+18  6.058707E+07  9.139048E+08  1.371429E+01  2.526213E-26
     23  1.0179789922245117E-04  0.0000000000000000E+00  0.0000000000000000E+00  6.882481E+08  2.126781E+09  1.327946E+27  1.655443E+18  6.058707E+07  9.139048E+08  1.371429E+01  2.950202E-26
     24  1.0184057845507785E-04  0.0000000000000000E+00  0.0000000000000000E+00  6.882481E+08  2.126781E+09  1.327946E+27  1.655443E+18  6.058707E+07  9.139048E+08  1.371429E+01  3.603667E-26
     25  1.0192593692033123E-04  0.0000000000000000E+00  0.0000000000000000E+00  6.882481E+08  2.126781E+09  1.327946E+27  1.655443E+18  6.058707E+07  9.139048E+08  1.371429E+01  4.498230E-26
     26  1.0209665385083798E-04  0.0000000000000000E+00  0.0000000000000000E+00  6.882481E+08  2.126781E+09  1.327946E+27  1.655443E+18  6.058707E+07  9.139048E+08  1.371429E+01  5.616659E-26
     27  1.0243808771185149E-04  0.0000000000000000E+00  0.0000000000000000E+00  6.882481E+08  2.126781E+09  1.327946E+27  1.655443E+18  6.058707E+07  9.139048E+08  1.371429E+01  6.923236E-26
     28  1.0312095543387850E-04  0.0000000000000000E+00  0.0000000000000000E+00  6.882481E+08  2.126781E+09  1.327946E+27  1.655443E+18  6.058707E+07  9.139048E+08  1.371429E+01  8.381513E-26
     29  1.0448669087793252E-04  0.0000000000000000E+00  0.0000000000000000E+00  6.882481E+08  2.126781E+09  1.327946E+27  1.655443E+18  6.058707E+07  9.139048E+08  1.371429E+01  9.972487E-26
     30  1.0721816176604055E-04  0.0000000000000000E+00  0.0000000000000000E+00  6.882482E+08  2.126781E+09  1.327946E+27  1.655443E+18  6.058707E+07  9.139048E+08  1.371429E+01  1.169570E-25
     31  1.1268110354225661E-04  0.0000000000000000E+00  0.0000000000000000E+00  6.882482E+08  2.126781E+09  1.327946E+27  1.655443E+18  6.058707E+07  9.139048E+08  1.371429E+01  1.355974E-25
     32  1.2360698709468874E-04  0.0000000000000000E+00  0.0000000000000000E+00  6.882484E+08  2.126781E+09  1.327946E+27  1.655443E+18  6.058708E+07  9.139048E+08  1.371429E+01  1.557432E-25
     33  1.4545875419955299E-04  0.0000000000000000E+00  0.0000000000000000E+00  6.882486E+08  2.126781E+09  1.327947E+27  1.655443E+18  6.058708E+07  9.139048E+08  1.371429E+01  1.774626E-25
     34  1.8916228840928150E-04  0.0000000000000000E+00  0.0000000000000000E+00  6.882492E+08  2.126782E+09  1.327947E+27  1.655443E+18  6.058709E+07  9.139049E+08  1.371429E+01  2.007740E-25
     35  2.7656935682873854E-04  0.0000000000000000E+00  0.0000000000000000E+00  6.882503E+08  2.126783E+09  1.327948E+27  1.655443E+18  6.058712E+07  9.139050E+08  1.371429E+01  2.256594E-25
     36  4.5138349366765263E-04  0.0000000000000000E+00  0.0000000000000000E+00  6.882527E+08  2.126786E+09  1.327951E+27  1.655443E+18  6.058716E+07  9.139052E+08  1.371429E+01  2.520175E-25
     37  8.0101176734548069E-04  0.0000000000000000E+00  0.0000000000000000E+00  6.882583E+08  2.126797E+09  1.327960E+27  1.655443E+18  6.058725E+07  9.139060E+08  1.371429E+01  2.796718E-25
     38  1.5002683147011370E-03  0.0000000000000000E+00  0.0000000000000000E+00  6.882719E+08  2.126830E+09  1.327987E+27  1.655443E+18  6.058745E+07  9.139084E+08  1.371429E+01  3.083904E-25
     39  2.8987814094124497E-03  0.0000000000000000E+00  0.0000000000000000E+00  6.882923E+08  2.126858E+09  1.328011E+27  1.655443E+18  6.058784E+07  9.139106E+08  1.371429E+01  3.377388E-25
     40  5.6958075988350742E-03  0.0000000000000000E+00  0.0000000000000000E+00  6.883159E+08  2.126777E+09  1.327944E+27  1.655443E+18  6.058875E+07  9.139050E+08  1.371429E+01  3.666963E-25
     41  1.1289859977680325E-02  0.0000000000000000E+00  0.0000000000000000E+00  6.883182E+08  2.126255E+09  1.327509E+27  1.655443E+18  6.059094E+07  9.138678E+08  1.371429E+01  3.934934E-25
     42  2.1289859754162907E-02  0.0000000000000000E+00  0.0000000000000000E+00  6.874462E+08  2.120261E+09  1.322495E+27  1.655443E+18  6.059397E+07  9.134333E+08  1.371430E+01  4.177150E-25
     43  3.1289859530645489E-02  0.0000000000000000E+00  0.0000000000000000E+00  6.874698E+08  2.119620E+09  1.321961E+27  1.655443E+18  6.059717E+07  9.133877E+08  1.371430E+01  4.443666E-25
     44  4.1289859307128071E-02  0.0000000000000000E+00  0.0000000000000000E+00  6.875772E+08  2.119262E+09  1.321665E+27  1.655444E+18  6.060128E+07  9.133628E+08  1.371430E+01  4.725027E-25
     45  5.1289859083610653E-02  0.0000000000000000E+00  0.0000000000000000E+00  6.876276E+08  2.118477E+09  1.321012E+27  1.655444E+18  6.060574E+07  9.133069E+08  1.371431E+01  5.014330E-25
     46  6.1289858860093235E-02  0.0000000000000000E+00  0.0000000000000000E+00  6.876133E+08  2.117180E+09  1.319931E+27  1.655444E+18  6.061071E+07  9.132140E+08  1.371431E+01  5.307706E-25
     47  7.1289858636575817E-02  0.0000000000000000E+00  0.0000000000000000E+00  6.876896E+08  2.116618E+09  1.319464E+27  1.655444E+18  6.061489E+07  9.131743E+08  1.371432E+01  5.603355E-25
     48  8.1289858413058400E-02  0.0000000000000000E+00  0.0000000000000000E+00  6.878078E+08  2.116474E+09  1.319347E+27  1.655444E+18  6.061838E+07  9.131648E+08  1.371432E+01  5.900287E-25
     49  9.1289858189540982E-02  0.0000000000000000E+00  0.0000000000000000E+00  6.879199E+08  2.116599E+09  1.319453E+27  1.655444E+18  6.062062E+07  9.131746E+08  1.371433E+01  6.197809E-25
     50  1.0128985796602356E-01  0.0000000000000000E+00  0.0000000000000000E+00  6.879666E+08  2.116706E+09  1.319542E+27  1.655444E+18  6.062132E+07  9.131825E+08  1.371433E+01  6.495590E-25
     51  1.1128985774250615E-01  0.0000000000000000E+00  0.0000000000000000E+00  6.875585E+08  2.114798E+09  1.317946E+27  1.655445E+18  6.061908E+07  9.130429E+08  1.371433E+01  6.792977E-25
     52  1.2128985751898873E-01  0.0000000000000000E+00  0.0000000000000000E+00  6.873860E+08  2.115049E+09  1.318152E+27  1.655445E+18  6.061377E+07  9.130597E+08  1.371434E+01  7.090258E-25
     53  1.3128985729547132E-01  0.0000000000000000E+00  0.0000000000000000E+00  6.876903E+08  2.119211E+09  1.321624E+27  1.655445E+18  6.060415E+07  9.133599E+08  1.371434E+01  7.388450E-25
     54  1.4128985707195391E-01  0.0000000000000000E+00  0.0000000000000000E+00  6.870545E+08  2.118523E+09  1.321040E+27  1.655445E+18  6.059125E+07  9.133062E+08  1.371435E+01  7.685593E-25
     55  1.5128985684843649E-01  0.0000000000000000E+00  0.0000000000000000E+00  6.861319E+08  2.117973E+09  1.320565E+27  1.655445E+18  6.057068E+07  9.132602E+08  1.371435E+01  7.981842E-25
     56  1.6128985662491907E-01  0.0000000000000000E+00  0.0000000000000000E+00  6.851043E+08  2.117938E+09  1.320516E+27  1.655445E+18  6.054536E+07  9.132503E+08  1.371436E+01  8.277692E-25
     57  1.7128985640140165E-01  0.0000000000000000E+00  0.0000000000000000E+00  6.838143E+08  2.117847E+09  1.320417E+27  1.655445E+18  6.051373E+07  9.132347E+08  1.371436E+01  8.572905E-25
     58  1.8128985617788423E-01  0.0000000000000000E+00  0.0000000000000000E+00  6.822090E+08  2.117879E+09  1.320414E+27  1.655446E+18  6.047371E+07  9.132255E+08  1.371436E+01  8.867289E-25
     59  1.9128985595436682E-01  0.0000000000000000E+00  0.0000000000000000E+00  6.802214E+08  2.117779E+09  1.320294E+27  1.655446E+18  6.042462E+07  9.132042E+08  1.371437E+01  9.160642E-25
     60  2.0128985573084940E-01  0.0000000000000000E+00  0.0000000000000000E+00  6.778069E+08  2.117838E+09  1.320299E+27  1.655446E+18  6.036409E+07  9.131913E+08  1.371437E+01  9.452688E-25
     61  2.1128985550733198E-01  0.0000000000000000E+00  0.0000000000000000E+00  6.748555E+08  2.117225E+09  1.319734E+27  1.655446E+18  6.029268E+07  9.131264E+08  1.371437E+01  9.743244E-25
     62  2.2128985528381456E-01  0.0000000000000000E+00  0.0000000000000000E+00  6.713539E+08  2.117019E+09  1.319498E+27  1.655446E+18  6.020547E+07  9.130867E+08  1.371438E+01  1.003201E-24
     63  2.3128985506029714E-01  0.0000000000000000E+00  0.0000000000000000E+00  6.671620E+08  2.116340E+09  1.318855E+27  1.655446E+18  6.010234E+07  9.130083E+08  1.371438E+01  1.031874E-24
     64  2.4128985483677973E-01  0.0000000000000000E+00  0.0000000000000000E+00  6.621222E+08  2.115640E+09  1.318179E+27  1.655446E+18  5.997714E+07  9.129222E+08  1.371438E+01  1.060291E-24
     65  2.5128985461326231E-01  0.0000000000000000E+00  0.0000000000000000E+00  6.561372E+08  2.115134E+09  1.317649E+27  1.655446E+18  5.982607E+07  9.128435E+08  1.371438E+01  1.088411E-24
     66  2.6128985438974489E-01  0.0000000000000000E+00  0.0000000000000000E+00  6.490311E+08  2.114262E+09  1.316792E+27  1.655446E+18  5.964628E+07  9.127305E+08  1.371438E+01  1.116193E-24
     67  2.7128985416622747E-01  0.0000000000000000E+00  0.0000000000000000E+00  6.407596E+08  2.113442E+09  1.315959E+27  1.655446E+18  5.943407E+07  9.126130E+08  1.371438E+01  1.143580E-24
     68  2.8128985394271006E-01  0.0000000000000000E+00  0.0000000000000000E+00  6.408655E+08  2.111848E+09  1.314635E+27  1.655446E+18  5.944336E+07  9.124993E+08  1.371438E+01  1.171234E-24
     69  2.9128985371919264E-01  0.0000000000000000E+00  0.0000000000000000E+00  6.454043E+08  2.110181E+09  1.313331E+27  1.655446E+18  5.956875E+07  9.124118E+08  1.371439E+01  1.200276E-24
     70  3.0128985349567522E-01  0.0000000000000000E+00  0.0000000000000000E+00  6.499342E+08  2.108228E+09  1.311790E+27  1.655446E+18  5.969439E+07  9.123036E+08  1.371439E+01  1.229431E-24
     71  3.1128985327215780E-01  0.0000000000000000E+00  0.0000000000000000E+00  6.541138E+08  2.104955E+09  1.309145E+27  1.655446E+18  5.981579E+07  9.120978E+08  1.371439E+01  1.258656E-24
     72  3.2128985304864038E-01  0.0000000000000000E+00  0.0000000000000000E+00  6.584291E+08  2.102352E+09  1.307061E+27  1.655446E+18  5.993736E+07  9.119410E+08  1.371439E+01  1.287980E-24
     73  3.3128985282512297E-01  0.0000000000000000E+00  0.0000000000000000E+00  6.626774E+08  2.100372E+09  1.305494E+27  1.655447E+18  6.005407E+07  9.118285E+08  1.371439E+01  1.317444E-24
     74  3.4128985260160555E-01  0.0000000000000000E+00  0.0000000000000000E+00  6.663482E+08  2.096283E+09  1.302166E+27  1.655447E+18  6.016431E+07  9.115596E+08  1.371439E+01  1.346982E-24
     75  3.5128985237808813E-01  0.0000000000000000E+00  0.0000000000000000E+00  6.695868E+08  2.092064E+09  1.298724E+27  1.655447E+18  6.026380E+07  9.112777E+08  1.371440E+01  1.376490E-24
     76  3.6128985215457071E-01  0.0000000000000000E+00  0.0000000000000000E+00  6.735928E+08  2.093810E+09  1.300244E+27  1.655447E+18  6.035754E+07  9.114325E+08  1.371440E+01  1.406244E-24
     77  3.7128985193105329E-01  0.0000000000000000E+00  0.0000000000000000E+00  6.797831E+08  2.090240E+09  1.297396E+27  1.655447E+18  6.052745E+07  9.112184E+08  1.371440E+01  1.436319E-24
     78  3.8128985170753588E-01  0.0000000000000000E+00  0.0000000000000000E+00  6.813173E+08  2.079306E+09  1.288363E+27  1.655447E+18  6.061135E+07  9.104360E+08  1.371440E+01  1.466172E-24
     79  3.9128985148401846E-01  0.0000000000000000E+00  0.0000000000000000E+00  6.842269E+08  2.079154E+09  1.288290E+27  1.655447E+18  6.068435E+07  9.104458E+08  1.371441E+01  1.495922E-24
     80  4.0128985126050104E-01  0.0000000000000000E+00  0.0000000000000000E+00  6.904744E+08  2.080368E+09  1.289409E+27  1.655447E+18  6.083382E+07  9.105788E+08  1.371441E+01  1.526499E-24
     81  4.1128985103698362E-01  0.0000000000000000E+00  0.0000000000000000E+00  6.956762E+08  2.069378E+09  1.280410E+27  1.655447E+18  6.100785E+07  9.098156E+08  1.371442E+01  1.557148E-24
     82  4.2128985081346620E-01  0.0000000000000000E+00  0.0000000000000000E+00  7.144999E+08  2.056958E+09  1.270491E+27  1.655448E+18  6.151685E+07  9.090420E+08  1.371442E+01  1.589939E-24
     83  4.3128985058994879E-01  0.0000000000000000E+00  0.0000000000000000E+00  7.427916E+08  2.056024E+09  1.270231E+27  1.655448E+18  6.218892E+07  9.091772E+08  1.371444E+01  1.625144E-24
     84  4.4128985036643137E-01  0.0000000000000000E+00  0.0000000000000000E+00  7.763336E+08  2.057870E+09  1.272365E+27  1.655450E+18  6.294718E+07  9.095551E+08  1.371448E+01  1.661550E-24
     85  4.4128985136643134E-01  0.0000000000000000E+00  0.0000000000000000E+00  7.763336E+08  2.057870E+09  1.272365E+27  1.655450E+18  6.294718E+07  9.095551E+08  1.371448E+01  1.661960E-24
     86  4.4128985336643128E-01  0.0000000000000000E+00  0.0000000000000000E+00  7.763336E+08  2.057870E+09  1.272365E+27  1.655450E+18  6.294718E+07  9.095551E+08  1.371448E+01  1.662778E-24
     87  4.4128985736643117E-01  0.0000000000000000E+00  0.0000000000000000E+00  7.763336E+08  2.057870E+09  1.272365E+27  1.655450E+18  6.294718E+07  9.095551E+08  1.371448E+01  1.664380E-24
     88  4.4128986536643100E-01  0.0000000000000000E+00  0.0000000000000000E+00  7.763336E+08  2.057870E+09  1.272365E+27  1.655450E+18  6.294719E+07  9.095551E+08  1.371448E+01  1.667365E-24
     89  4.4128988136643066E-01  0.0000000000000000E+00  0.0000000000000000E+00  7.763337E+08  2.057870E+09  1.272365E+27  1.655450E+18  6.294719E+07  9.095551E+08  1.371448E+01  1.672424E-24
     90  4.4128991336642992E-01  0.0000000000000000E+00  0.0000000000000000E+00  7.763338E+08  2.057870E+09  1.272365E+27  1.655450E+18  6.294719E+07  9.095551E+08  1.371448E+01  1.679995E-24
     91  4.4128997736642850E-01  0.0000000000000000E+00  0.0000000000000000E+00  7.763340E+08  2.057870E+09  1.272365E+27  1.655450E+18  6.294719E+07  9.095551E+08  1.371448E+01  1.690111E-24
     92  4.4129010536642566E-01  0.0000000000000000E+00  0.0000000000000000E+00  7.763345E+08  2.057870E+09  1.272365E+27  1.655450E+18  6.294720E+07  9.095551E+08  1.371448E+01  1.702506E-24
     93  4.4129036136641991E-01  0.0000000000000000E+00  0.0000000000000000E+00  7.763354E+08  2.057870E+09  1.272365E+27  1.655450E+18  6.294723E+07  9.095551E+08  1.371448E+01  1.716823E-24
     94  4.4129087336640849E-01  0.0000000000000000E+00  0.0000000000000000E+00  7.763373E+08  2.057870E+09  1.272365E+27  1.655450E+18  6.294727E+07  9.095551E+08  1.371448E+01  1.732831E-24
     95  4.4129189736638558E-01  0.0000000000000000E+00  0.0000000000000000E+00  7.763410E+08  2.057870E+09  1.272365E+27  1.655450E+18  6.294735E+07  9.095552E+08  1.371448E+01  1.750471E-24
     96  4.4129394536633981E-01  0.0000000000000000E+00  0.0000000000000000E+00  7.763484E+08  2.057870E+09  1.272365E+27  1.655450E+18  6.294752E+07  9.095552E+08  1.371448E+01  1.769782E-24
     97  4.4129804136624828E-01  0.0000000000000000E+00  0.0000000000000000E+00  7.763633E+08  2.057870E+09  1.272365E+27  1.655450E+18  6.294785E+07  9.095553E+08  1.371448E+01  1.790823E-24
     98  4.4130623336606517E-01  0.0000000000000000E+00  0.0000000000000000E+00  7.763930E+08  2.057869E+09  1.272364E+27  1.655450E+18  6.294853E+07  9.095554E+08  1.371448E+01  1.813634E-24
     99  4.4132261736569894E-01  0.0000000000000000E+00  0.0000000000000000E+00  7.764525E+08  2.057867E+09  1.272364E+27  1.655450E+18  6.294987E+07  9.095558E+08  1.371448E+01  1.838194E-24
    100  4.4135538536496655E-01  0.0000000000000000E+00  0.0000000000000000E+00  7.765715E+08  2.057865E+09  1.272364E+27  1.655450E+18  6.295255E+07  9.095564E+08  1.371448E+01  1.864409E-24
    101  4.4142092136350169E-01  0.0000000000000000E+00  0.0000000000000000E+00  7.768094E+08  2.057859E+09  1.272364E+27  1.655450E+18  6.295791E+07  9.095577E+08  1.371448E+01  1.892122E-24
    102  4.4155199336057199E-01  0.0000000000000000E+00  0.0000000000000000E+00  7.772759E+08  2.057832E+09  1.272350E+27  1.655450E+18  6.296849E+07  9.095592E+08  1.371448E+01  1.921177E-24
    103  4.4181413735471264E-01  0.0000000000000000E+00  0.0000000000000000E+00  7.782083E+08  2.057778E+09  1.272323E+27  1.655450E+18  6.298962E+07  9.095620E+08  1.371448E+01  1.951449E-24
    104  4.4233842534299389E-01  0.0000000000000000E+00  0.0000000000000000E+00  7.800699E+08  2.057654E+09  1.272254E+27  1.655450E+18  6.303183E+07  9.095663E+08  1.371449E+01  1.982837E-24
    105  4.4338700131955638E-01  0.0000000000000000E+00  0.0000000000000000E+00  8.119532E+08  2.060282E+09  1.275009E+27  1.655450E+18  6.372251E+07  9.099905E+08  1.371449E+01  2.015645E-24
    106  4.4338700152927157E-01  0.0000000000000000E+00  0.0000000000000000E+00  8.119532E+08  2.060282E+09  1.275009E+27  1.655450E+18  6.372251E+07  9.099905E+08  1.371449E+01  2.015750E-24
    107  4.4338700194870195E-01  0.0000000000000000E+00  0.0000000000000000E+00  8.119532E+08  2.060282E+09  1.275009E+27  1.655450E+18  6.372251E+07  9.099905E+08  1.371449E+01  2.015959E-24
    108  4.4338700278756271E-01  0.0000000000000000E+00  0.0000000000000000E+00  8.119533E+08  2.060282E+09  1.275009E+27  1.655450E+18  6.372251E+07  9.099905E+08  1.371449E+01  2.016377E-24
    109  4.4338700446528428E-01  0.0000000000000000E+00  0.0000000000000000E+00  8.119535E+08  2.060282E+09  1.275009E+27  1.655450E+18  6.372252E+07  9.099905E+08  1.371449E+01  2.017211E-24
    110  4.4338700782072743E-01  0.0000000000000000E+00  0.0000000000000000E+00  8.119539E+08  2.060282E+09  1.275009E+27  1.655450E+18  6.372253E+07  9.099905E+08  1.371449E+01  2.018843E-24
    111  4.4338701453161367E-01  0.0000000000000000E+00  0.0000000000000000E+00  8.119546E+08  2.060282E+09  1.275009E+27  1.655450E+18  6.372254E+07  9.099905E+08  1.371449E+01  2.021889E-24
    112  4.4338702795338619E-01  0.0000000000000000E+00  0.0000000000000000E+00  8.119561E+08  2.060283E+09  1.275009E+27  1.655450E+18  6.372257E+07  9.099905E+08  1.371449E+01  2.027056E-24
    113  4.4338705479693119E-01  0.0000000000000000E+00  0.0000000000000000E+00  8.119592E+08  2.060283E+09  1.275010E+27  1.655450E+18  6.372264E+07  9.099905E+08  1.371449E+01  2.034802E-24
    114  4.4338710848402119E-01  0.0000000000000000E+00  0.0000000000000000E+00  8.119652E+08  2.060284E+09  1.275010E+27  1.655450E+18  6.372277E+07  9.099906E+08  1.371449E+01  2.045158E-24
    115  4.4338721585820118E-01  0.0000000000000000E+00  0.0000000000000000E+00  8.119773E+08  2.060285E+09  1.275012E+27  1.655450E+18  6.372302E+07  9.099908E+08  1.371449E+01  2.057857E-24
    116  4.4338743060656116E-01  0.0000000000000000E+00  0.0000000000000000E+00  8.120014E+08  2.060287E+09  1.275014E+27  1.655450E+18  6.372353E+07  9.099912E+08  1.371449E+01  2.072560E-24
    117  4.4338786010328118E-01  0.0000000000000000E+00  0.0000000000000000E+00  8.120497E+08  2.060292E+09  1.275019E+27  1.655450E+18  6.372456E+07  9.099919E+08  1.371449E+01  2.089071E-24
    118  4.4338871909672117E-01  0.0000000000000000E+00  0.0000000000000000E+00  8.121463E+08  2.060302E+09  1.275029E+27  1.655450E+18  6.372661E+07  9.099933E+08  1.371449E+01  2.107343E-24
    119  4.4339043708360115E-01  0.0000000000000000E+00  0.0000000000000000E+00  8.123394E+08  2.060322E+09  1.275049E+27  1.655450E+18  6.373071E+07  9.099962E+08  1.371449E+01  2.127418E-24
    120  4.4339387305736117E-01  0.0000000000000000E+00  0.0000000000000000E+00  8.127257E+08  2.060362E+09  1.275089E+27  1.655450E+18  6.373891E+07  9.100019E+08  1.371449E+01  2.149348E-24
    121  4.4340074500488119E-01  0.0000000000000000E+00  0.0000000000000000E+00  8.134983E+08  2.060441E+09  1.275169E+27  1.655450E+18  6.375530E+07  9.100133E+08  1.371449E+01  2.173156E-24
    122  4.4341448889992119E-01  0.0000000000000000E+00  0.0000000000000000E+00  8.150435E+08  2.060601E+09  1.275329E+27  1.655450E+18  6.378803E+07  9.100362E+08  1.371450E+01  2.198835E-24
    123  4.4344197669000118E-01  0.0000000000000000E+00  0.0000000000000000E+00  8.181339E+08  2.060919E+09  1.275649E+27  1.655450E+18  6.385336E+07  9.100820E+08  1.371450E+01  2.226344E-24
    124  4.4349695227016117E-01  0.0000000000000000E+00  0.0000000000000000E+00  8.243147E+08  2.061556E+09  1.276289E+27  1.655450E+18  6.398343E+07  9.101737E+08  1.371450E+01  2.255718E-24
    125  4.4360690343048115E-01  0.0000000000000000E+00  0.0000000000000000E+00  8.366762E+08  2.062829E+09  1.277570E+27  1.655450E+18  6.424127E+07  9.103569E+08  1.371450E+01  2.287282E-24
    126  4.4382680575112116E-01  0.0000000000000000E+00  0.0000000000000000E+00  8.613993E+08  2.065375E+09  1.280135E+27  1.655451E+18  6.474811E+07  9.107237E+08  1.371451E+01  2.321976E-24
    127  4.4382680579510164E-01  0.0000000000000000E+00  0.0000000000000000E+00  8.613993E+08  2.065375E+09  1.280135E+27  1.655451E+18  6.474811E+07  9.107237E+08  1.371451E+01  2.322004E-24
    128  4.4382680588306256E-01  0.0000000000000000E+00  0.0000000000000000E+00  8.613993E+08  2.065375E+09  1.280135E+27  1.655451E+18  6.474811E+07  9.107237E+08  1.371451E+01  2.322061E-24
    129  4.4382680605898439E-01  0.0000000000000000E+00  0.0000000000000000E+00  8.613994E+08  2.065375E+09  1.280135E+27  1.655451E+18  6.474811E+07  9.107237E+08  1.371451E+01  2.322175E-24
    130  4.4382680641082811E-01  0.0000000000000000E+00  0.0000000000000000E+00  8.613994E+08  2.065375E+09  1.280135E+27  1.655451E+18  6.474811E+07  9.107237E+08  1.371451E+01  2.322402E-24
    131  4.4382680711451555E-01  0.0000000000000000E+00  0.0000000000000000E+00  8.613995E+08  2.065375E+09  1.280135E+27  1.655451E+18  6.474811E+07  9.107237E+08  1.371451E+01  2.322856E-24
    132  4.4382680852189038E-01  0.0000000000000000E+00  0.0000000000000000E+00  8.613996E+08  2.065375E+09  1.280135E+27  1.655451E+18  6.474811E+07  9.107238E+08  1.371451E+01  2.323762E-24
    133  4.4382681133664009E-01  0.0000000000000000E+00  0.0000000000000000E+00  8.614000E+08  2.065375E+09  1.280135E+27  1.655451E+18  6.474812E+07  9.107238E+08  1.371451E+01  2.325532E-24
    134  4.4382681696613951E-01  0.0000000000000000E+00  0.0000000000000000E+00  8.614006E+08  2.065375E+09  1.280135E+27  1.655451E+18  6.474813E+07  9.107238E+08  1.371451E+01  2.328819E-24
    135  4.4382682822513836E-01  0.0000000000000000E+00  0.0000000000000000E+00  8.614019E+08  2.065375E+09  1.280135E+27  1.655451E+18  6.474816E+07  9.107238E+08  1.371451E+01  2.334349E-24
    136  4.4382685074313599E-01  0.0000000000000000E+00  0.0000000000000000E+00  8.614044E+08  2.065376E+09  1.280135E+27  1.655451E+18  6.474821E+07  9.107238E+08  1.371451E+01  2.342569E-24
    137  4.4382689577913126E-01  0.0000000000000000E+00  0.0000000000000000E+00  8.614095E+08  2.065376E+09  1.280136E+27  1.655451E+18  6.474831E+07  9.107239E+08  1.371451E+01  2.353485E-24
    138  4.4382698585112179E-01  0.0000000000000000E+00  0.0000000000000000E+00  8.614196E+08  2.065377E+09  1.280137E+27  1.655451E+18  6.474852E+07  9.107240E+08  1.371451E+01  2.366817E-24
    139  4.4382716599510286E-01  0.0000000000000000E+00  0.0000000000000000E+00  8.614398E+08  2.065379E+09  1.280139E+27  1.655451E+18  6.474893E+07  9.107243E+08  1.371451E+01  2.382266E-24
    140  4.4382752628306499E-01  0.0000000000000000E+00  0.0000000000000000E+00  8.614803E+08  2.065384E+09  1.280143E+27  1.655451E+18  6.474975E+07  9.107249E+08  1.371451E+01  2.399681E-24
    141  4.4382824685898925E-01  0.0000000000000000E+00  0.0000000000000000E+00  8.615614E+08  2.065392E+09  1.280151E+27  1.655451E+18  6.475139E+07  9.107262E+08  1.371451E+01  2.419028E-24
    142  4.4382968801083778E-01  0.0000000000000000E+00  0.0000000000000000E+00  8.617234E+08  2.065409E+09  1.280168E+27  1.655451E+18  6.475467E+07  9.107286E+08  1.371451E+01  2.440328E-24
    143  4.4383257031453488E-01  0.0000000000000000E+00  0.0000000000000000E+00  8.620474E+08  2.065442E+09  1.280202E+27  1.655451E+18  6.476124E+07  9.107334E+08  1.371451E+01  2.463596E-24
    144  4.4383833492192909E-01  0.0000000000000000E+00  0.0000000000000000E+00  8.626955E+08  2.065509E+09  1.280269E+27  1.655451E+18  6.477436E+07  9.107430E+08  1.371451E+01  2.488798E-24
    145  4.4384986413671745E-01  0.0000000000000000E+00  0.0000000000000000E+00  8.639917E+08  2.065642E+09  1.280404E+27  1.655451E+18  6.480059E+07  9.107622E+08  1.371451E+01  2.515830E-24
    146  4.4387292256629418E-01  0.0000000000000000E+00  0.0000000000000000E+00  8.665841E+08  2.065909E+09  1.280673E+27  1.655451E+18  6.485295E+07  9.108007E+08  1.371451E+01  2.544584E-24
    147  4.4391903942544764E-01  0.0000000000000000E+00  0.0000000000000000E+00  8.717689E+08  2.066443E+09  1.281212E+27  1.655451E+18  6.495731E+07  9.108777E+08  1.371452E+01  2.575070E-24
    148  4.4392826279727832E-01  0.0000000000000000E+00  0.0000000000000000E+00  8.728059E+08  2.066550E+09  1.281319E+27  1.655451E+18  6.497812E+07  9.108931E+08  1.371452E+01  2.601847E-24
    149  4.4394670954093973E-01  0.0000000000000000E+00  0.0000000000000000E+00  8.748798E+08  2.066764E+09  1.281535E+27  1.655451E+18  6.501969E+07  9.109239E+08  1.371452E+01  2.630361E-24
    150  4.4398360302826251E-01  0.0000000000000000E+00  0.0000000000000000E+00  8.964275E+08  2.067302E+09  1.282383E+27  1.655451E+18  6.545457E+07  9.111215E+08  1.371453E+01  2.660718E-24
    151  4.4398643846531943E-01  0.0000000000000000E+00  0.0000000000000000E+00  9.195550E+08  2.067480E+09  1.282964E+27  1.655451E+18  6.591448E+07  9.113050E+08  1.371453E+01  2.686855E-24
    152  4.4399210933943323E-01  0.0000000000000000E+00  0.0000000000000000E+00  9.658101E+08  2.067835E+09  1.284133E+27  1.655451E+18  6.680938E+07  9.116737E+08  1.371453E+01  2.718009E-24
    153  4.4400345108766087E-01  0.0000000000000000E+00  0.0000000000000000E+00  1.058320E+09  2.068547E+09  1.286496E+27  1.655452E+18  6.851067E+07  9.124182E+08  1.371456E+01  2.758082E-24
    154  4.4402613458411616E-01  0.0000000000000000E+00  0.0000000000000000E+00  1.243341E+09  2.069970E+09  1.291323E+27  1.655501E+18  7.162418E+07  9.139356E+08  1.371579E+01  5.276973E-24
    155  4.4402928393483065E-01  0.0000000000000000E+00  0.0000000000000000E+00  1.269029E+09  2.070168E+09  1.292003E+27  1.655527E+18  7.202974E+07  9.141491E+08  1.371648E+01  5.525764E-24
    156  4.4403474265040876E-01  0.0000000000000000E+00  0.0000000000000000E+00  1.313553E+09  2.070511E+09  1.293186E+27  1.655611E+18  7.271684E+07  9.145201E+08  1.371861E+01  5.638584E-24
    157  4.4403583439352440E-01  0.0000000000000000E+00  0.0000000000000000E+00  1.322458E+09  2.070579E+09  1.293423E+27  1.655636E+18  7.285167E+07  9.145944E+08  1.371925E+01  5.740961E-24
    158  4.4403801787975566E-01  0.0000000000000000E+00  0.0000000000000000E+00  1.340268E+09  2.070716E+09  1.293897E+27  1.655700E+18  7.311849E+07  9.147430E+08  1.372080E+01  5.767263E-24
    159  4.4404238485221814E-01  0.0000000000000000E+00  0.0000000000000000E+00  1.375888E+09  2.070990E+09  1.294847E+27  1.655904E+18  7.363945E+07  9.150399E+08  1.372547E+01  5.869458E-24
    160  4.4405111879714315E-01  0.0000000000000000E+00  0.0000000000000000E+00  1.447127E+09  2.071538E+09  1.296733E+27  1.656990E+18  7.461263E+07  9.156276E+08  1.374599E+01  5.938061E-24
    161  4.4405285709603926E-01  0.0000000000000000E+00  0.0000000000000000E+00  1.461306E+09  2.071647E+09  1.297104E+27  1.657397E+18  7.479105E+07  9.157424E+08  1.375301E+01  6.043217E-24
    162  4.4405633369383152E-01  0.0000000000000000E+00  0.0000000000000000E+00  1.489663E+09  2.071865E+09  1.297836E+27  1.658489E+18  7.512649E+07  9.159682E+08  1.377163E+01  6.055737E-24
    163  4.4406328688941599E-01  0.0000000000000000E+00  0.0000000000000000E+00  1.546377E+09  2.072302E+09  1.299240E+27  1.662245E+18  7.567879E+07  9.163956E+08  1.383576E+01  6.179270E-24
    164  4.4406467752853290E-01  0.0000000000000000E+00  0.0000000000000000E+00  1.557720E+09  2.072389E+09  1.299507E+27  1.663341E+18  7.576382E+07  9.164754E+08  1.385459E+01  6.303460E-24
    165  4.4406745880676668E-01  0.0000000000000000E+00  0.0000000000000000E+00  1.580406E+09  2.072564E+09  1.300021E+27  1.665985E+18  7.590110E+07  9.166274E+08  1.390025E+01  6.435025E-24
    166  4.4407302136323429E-01  0.0000000000000000E+00  0.0000000000000000E+00  1.625778E+09  2.072913E+09  1.300951E+27  1.673506E+18  7.601539E+07  9.168921E+08  1.403165E+01  6.575980E-24
    167  4.4407413387452782E-01  0.0000000000000000E+00  0.0000000000000000E+00  1.634852E+09  2.072982E+09  1.301118E+27  1.675432E+18  7.600813E+07  9.169375E+08  1.406565E+01  6.705218E-24
    168  4.4407635889711489E-01  0.0000000000000000E+00  0.0000000000000000E+00  1.653001E+09  2.073122E+09  1.301429E+27  1.679757E+18  7.595980E+07  9.170195E+08  1.414257E+01  6.842179E-24
    169  4.4408080894228896E-01  0.0000000000000000E+00  0.0000000000000000E+00  1.689298E+09  2.073401E+09  1.301955E+27  1.690413E+18  7.571978E+07  9.171454E+08  1.433528E+01  7.010775E-24
    170  4.4408970903263711E-01  0.0000000000000000E+00  0.0000000000000000E+00  1.761892E+09  2.073960E+09  1.302614E+27  1.719335E+18  7.468845E+07  9.172436E+08  1.488234E+01  2.955892E-23
    171  4.4409131449113481E-01  0.0000000000000000E+00  0.0000000000000000E+00  1.774988E+09  2.074061E+09  1.302686E+27  1.725389E+18  7.444121E+07  9.172431E+08  1.500118E+01  7.014972E-23
    172  4.4409410683419620E-01  0.0000000000000000E+00  0.0000000000000000E+00  1.797764E+09  2.074236E+09  1.302789E+27  1.736261E+18  7.398568E+07  9.172336E+08  1.521829E+01  3.921732E-22
    173  4.4409969152031903E-01  0.0000000000000000E+00  0.0000000000000000E+00  1.843316E+09  2.074586E+09  1.302956E+27  1.758431E+18  7.304170E+07  9.171989E+08  1.567503E+01  1.149205E-20
    174  4.4411059876286929E-01  0.0000000000000000E+00  0.0000000000000000E+00  1.932282E+09  2.075271E+09  1.303424E+27  1.797720E+18  7.147317E+07  9.171867E+08  1.652748E+01  2.044854E-18
    175  4.4411195632981532E-01  0.0000000000000000E+00  0.0000000000000000E+00  1.943355E+09  2.075356E+09  1.303514E+27  1.801905E+18  7.132657E+07  9.171976E+08  1.662113E+01  3.411450E-18
    176  4.4411373821337130E-01  0.0000000000000000E+00  0.0000000000000000E+00  1.957889E+09  2.075468E+09  1.303647E+27  1.807089E+18  7.115350E+07  9.172174E+08  1.673833E+01  6.397935E-18
    177  4.4411730198048327E-01  0.0000000000000000E+00  0.0000000000000000E+00  1.986957E+09  2.075691E+09  1.303963E+27  1.816431E+18  7.087448E+07  9.172758E+08  1.695199E+01  1.971766E-17
    178  4.4412442951470726E-01  0.0000000000000000E+00  0.0000000000000000E+00  2.045094E+09  2.076138E+09  1.304792E+27  1.831101E+18  7.057509E+07  9.174686E+08  1.729401E+01  1.179871E-16
    179  4.4413404626986824E-01  0.0000000000000000E+00  0.0000000000000000E+00  2.123534E+09  2.076742E+09  1.306281E+27  1.843749E+18  7.062374E+07  9.178690E+08  1.759516E+01  5.717550E-16
    180  4.4414797554663549E-01  0.0000000000000000E+00  0.0000000000000000E+00  2.237150E+09  2.077616E+09  1.308945E+27  1.852843E+18  7.126493E+07  9.186408E+08  1.781472E+01  1.852190E-15
    181  4.4414980356574874E-01  0.0000000000000000E+00  0.0000000000000000E+00  2.252060E+09  2.077731E+09  1.309324E+27  1.853554E+18  7.137827E+07  9.187529E+08  1.783187E+01  2.033326E-15
    182  4.4415327020393797E-01  0.0000000000000000E+00  0.0000000000000000E+00  2.280336E+09  2.077948E+09  1.310055E+27  1.854702E+18  7.160477E+07  9.189703E+08  1.785956E+01  2.366881E-15
    183  4.4416004394911418E-01  0.0000000000000000E+00  0.0000000000000000E+00  2.335587E+09  2.078373E+09  1.311525E+27  1.856376E+18  7.207996E+07  9.194100E+08  1.789964E+01  2.963737E-15
    184  4.4417359143946655E-01  0.0000000000000000E+00  0.0000000000000000E+00  2.446088E+09  2.079223E+09  1.314578E+27  1.858392E+18  7.310184E+07  9.203298E+08  1.794643E+01  3.934071E-15
    185  4.4417602142728557E-01  0.0000000000000000E+00  0.0000000000000000E+00  2.465909E+09  2.079376E+09  1.315138E+27  1.858646E+18  7.329028E+07  9.204990E+08  1.795205E+01  4.087011E-15
    186  4.4418088140292356E-01  0.0000000000000000E+00  0.0000000000000000E+00  2.505550E+09  2.079681E+09  1.316266E+27  1.859097E+18  7.366945E+07  9.208403E+08  1.796170E+01  4.386428E-15
    187  4.4419060135419958E-01  0.0000000000000000E+00  0.0000000000000000E+00  2.584831E+09  2.080291E+09  1.318555E+27  1.859855E+18  7.443266E+07  9.215335E+08  1.797643E+01  5.031523E-15
    188  4.4421004125675156E-01  0.0000000000000000E+00  0.0000000000000000E+00  2.743395E+09  2.081511E+09  1.323238E+27  1.861456E+18  7.595502E+07  9.229539E+08  1.799743E+01  8.091110E-15
    189  4.4421323385659356E-01  0.0000000000000000E+00  0.0000000000000000E+00  2.769436E+09  2.081711E+09  1.324016E+27  1.861866E+18  7.620025E+07  9.231900E+08  1.800149E+01  9.407180E-15
    190  4.4421848152813725E-01  0.0000000000000000E+00  0.0000000000000000E+00  2.812239E+09  2.082040E+09  1.325298E+27  1.862759E+18  7.659608E+07  9.235781E+08  1.801019E+01  1.302510E-14
    191  4.4422897687122459E-01  0.0000000000000000E+00  0.0000000000000000E+00  2.897846E+09  2.082699E+09  1.327851E+27  1.865873E+18  7.734429E+07  9.243486E+08  1.804130E+01  3.631955E-14
    192  4.4423107593984207E-01  0.0000000000000000E+00  0.0000000000000000E+00  2.914967E+09  2.082831E+09  1.328356E+27  1.866805E+18  7.748385E+07  9.245005E+08  1.805089E+01  4.806538E-14
    193  4.4423527407707702E-01  0.0000000000000000E+00  0.0000000000000000E+00  2.949209E+09  2.083094E+09  1.329359E+27  1.869100E+18  7.774881E+07  9.248007E+08  1.807497E+01  9.186191E-14
    194  4.4424367035154694E-01  0.0000000000000000E+00  0.0000000000000000E+00  3.017694E+09  2.083621E+09  1.331307E+27  1.875990E+18  7.820104E+07  9.253778E+08  1.815072E+01  4.989726E-13
    195  4.4424534960644091E-01  0.0000000000000000E+00  0.0000000000000000E+00  3.031391E+09  2.083726E+09  1.331683E+27  1.877844E+18  7.827484E+07  9.254879E+08  1.817190E+01  7.518099E-13
    196  4.4424870811622885E-01  0.0000000000000000E+00  0.0000000000000000E+00  3.058786E+09  2.083937E+09  1.332416E+27  1.882147E+18  7.840070E+07  9.257006E+08  1.822227E+01  1.847435E-12
    197  4.4425542513580474E-01  0.0000000000000000E+00  0.0000000000000000E+00  3.113574E+09  2.084358E+09  1.333781E+27  1.893611E+18  7.854220E+07  9.260869E+08  1.836437E+01  1.437607E-11
    198  4.4426885917495657E-01  0.0000000000000000E+00  0.0000000000000000E+00  3.223150E+09  2.085201E+09  1.335850E+27  1.931961E+18  7.814731E+07  9.266049E+08  1.891606E+01  9.372164E-10
    199  4.4427104706691495E-01  0.0000000000000000E+00  0.0000000000000000E+00  3.240996E+09  2.085339E+09  1.336066E+27  1.940570E+18  7.796600E+07  9.266434E+08  1.905489E+01  1.741697E-09
    200  4.4427442826094177E-01  0.0000000000000000E+00  0.0000000000000000E+00  3.268575E+09  2.085551E+09  1.336319E+27  1.955263E+18  7.760902E+07  9.266716E+08  1.930401E+01  4.289443E-09
    201  4.4428119064899541E-01  0.0000000000000000E+00  0.0000000000000000E+00  3.323733E+09  2.085975E+09  1.336508E+27  1.989411E+18  7.660865E+07  9.266081E+08  1.994146E+01  2.208475E-08
    202  4.4429471542510268E-01  0.0000000000000000E+00  0.0000000000000000E+00  3.434049E+09  2.086824E+09  1.335791E+27  2.069373E+18  7.371687E+07  9.260713E+08  2.176494E+01  3.427922E-07
    203  4.4429668616020601E-01  0.0000000000000000E+00  0.0000000000000000E+00  3.450124E+09  2.086948E+09  1.335617E+27  2.081161E+18  7.325180E+07  9.259674E+08  2.207636E+01  4.866144E-07
    204  4.4429982123449485E-01  0.0000000000000000E+00  0.0000000000000000E+00  3.475695E+09  2.087144E+09  1.335335E+27  2.099440E+18  7.251925E+07  9.258007E+08  2.258346E+01  8.262844E-07
    205  4.4430609138307253E-01  0.0000000000000000E+00  0.0000000000000000E+00  3.526838E+09  2.087538E+09  1.334823E+27  2.133298E+18  7.114015E+07  9.254880E+08  2.360810E+01  2.161523E-06
    206  4.4431863168022789E-01  0.0000000000000000E+00  0.0000000000000000E+00  3.629125E+09  2.088325E+09  1.334392E+27  2.186407E+18  6.901286E+07  9.250888E+08  2.548228E+01  9.434473E-06
    207  4.4433588466598434E-01  0.0000000000000000E+00  0.0000000000000000E+00  3.769850E+09  2.089407E+09  1.335564E+27  2.229178E+18  6.764871E+07  9.252006E+08  2.728386E+01  2.608654E-05
    208  4.4433807855353818E-01  0.0000000000000000E+00  0.0000000000000000E+00  3.787745E+09  2.089545E+09  1.335849E+27  2.232702E+18  6.758349E+07  9.252649E+08  2.744533E+01  2.793312E-05
    209  4.4434178967572696E-01  0.0000000000000000E+00  0.0000000000000000E+00  3.818015E+09  2.089778E+09  1.336387E+27  2.237925E+18  6.751636E+07  9.253950E+08  2.768846E+01  3.075584E-05
    210  4.4434921192010451E-01  0.0000000000000000E+00  0.0000000000000000E+00  3.878556E+09  2.090244E+09  1.337652E+27  2.246053E+18  6.751932E+07  9.257242E+08  2.807579E+01  3.509340E-05
    211  4.4436405640885962E-01  0.0000000000000000E+00  0.0000000000000000E+00  3.999636E+09  2.091175E+09  1.340737E+27  2.255913E+18  6.790798E+07  9.265852E+08  2.855966E+01  4.053019E-05
    212  4.4436629104998226E-01  0.0000000000000000E+00  0.0000000000000000E+00  4.017863E+09  2.091315E+09  1.341248E+27  2.256897E+18  6.799662E+07  9.267317E+08  2.860865E+01  4.126431E-05
    213  4.4437029262955735E-01  0.0000000000000000E+00  0.0000000000000000E+00  4.050503E+09  2.091566E+09  1.342186E+27  2.258426E+18  6.816925E+07  9.270023E+08  2.868508E+01  4.270757E-05
    214  4.4437829578870747E-01  0.0000000000000000E+00  0.0000000000000000E+00  4.115781E+09  2.092069E+09  1.344138E+27  2.260768E+18  6.855712E+07  9.275704E+08  2.880278E+01  4.657045E-05
    215  4.4439430210700770E-01  0.0000000000000000E+00  0.0000000000000000E+00  4.246339E+09  2.093073E+09  1.348261E+27  2.263534E+18  6.944325E+07  9.287837E+08  2.894488E+01  6.273816E-05
    216  4.4439653810745178E-01  0.0000000000000000E+00  0.0000000000000000E+00  4.264577E+09  2.093213E+09  1.348855E+27  2.263786E+18  6.957477E+07  9.289594E+08  2.895802E+01  6.662694E-05
    217  4.4440034190627303E-01  0.0000000000000000E+00  0.0000000000000000E+00  4.295603E+09  2.093452E+09  1.349874E+27  2.264152E+18  6.980175E+07  9.292613E+08  2.897753E+01  7.461239E-05
    218  4.4440794950391560E-01  0.0000000000000000E+00  0.0000000000000000E+00  4.357655E+09  2.093929E+09  1.351943E+27  2.264696E+18  7.026621E+07  9.298753E+08  2.900712E+01  9.743351E-05
    219  4.4442316469920068E-01  0.0000000000000000E+00  0.0000000000000000E+00  4.481759E+09  2.094884E+09  1.356189E+27  2.265212E+18  7.122665E+07  9.311390E+08  2.903750E+01  1.892391E-04
    220  4.4442510068258312E-01  0.0000000000000000E+00  0.0000000000000000E+00  4.497550E+09  2.095006E+09  1.356738E+27  2.265232E+18  7.135099E+07  9.313028E+08  2.903936E+01  2.076366E-04
    221  4.4442817050030553E-01  0.0000000000000000E+00  0.0000000000000000E+00  4.522590E+09  2.095198E+09  1.357612E+27  2.265261E+18  7.154859E+07  9.315636E+08  2.904182E+01  2.413535E-04
    222  4.4443431013575035E-01  0.0000000000000000E+00  0.0000000000000000E+00  4.572668E+09  2.095583E+09  1.359373E+27  2.265286E+18  7.194508E+07  9.320889E+08  2.904524E+01  3.284486E-04
    223  4.4444658940664006E-01  0.0000000000000000E+00  0.0000000000000000E+00  4.672825E+09  2.096354E+09  1.362933E+27  2.265309E+18  7.273674E+07  9.331512E+08  2.905157E+01  6.157745E-04
    224  4.4444861850967832E-01  0.0000000000000000E+00  0.0000000000000000E+00  4.689376E+09  2.096481E+09  1.363526E+27  2.265319E+18  7.286660E+07  9.333277E+08  2.905320E+01  6.824891E-04
    225  4.4445194175959152E-01  0.0000000000000000E+00  0.0000000000000000E+00  4.716483E+09  2.096690E+09  1.364497E+27  2.265342E+18  7.307821E+07  9.336173E+08  2.905662E+01  8.060879E-04
    226  4.4445858825941792E-01  0.0000000000000000E+00  0.0000000000000000E+00  4.770695E+09  2.097107E+09  1.366444E+27  2.265431E+18  7.349632E+07  9.341972E+08  2.906719E+01  1.115807E-03
    227  4.4447188125907072E-01  0.0000000000000000E+00  0.0000000000000000E+00  4.879121E+09  2.097941E+09  1.370333E+27  2.265896E+18  7.429887E+07  9.353524E+08  2.911406E+01  2.065512E-03
    228  4.4447384838935139E-01  0.0000000000000000E+00  0.0000000000000000E+00  4.895166E+09  2.098064E+09  1.370904E+27  2.266022E+18  7.441159E+07  9.355215E+08  2.912574E+01  2.261627E-03
    229  4.4447697304082773E-01  0.0000000000000000E+00  0.0000000000000000E+00  4.920653E+09  2.098261E+09  1.371808E+27  2.266254E+18  7.458651E+07  9.357886E+08  2.914756E+01  2.616848E-03
    230  4.4448322234378046E-01  0.0000000000000000E+00  0.0000000000000000E+00  4.971626E+09  2.098653E+09  1.373596E+27  2.266898E+18  7.491664E+07  9.363146E+08  2.920703E+01  3.569069E-03
    231  4.4448447220437098E-01  0.0000000000000000E+00  0.0000000000000000E+00  4.981821E+09  2.098731E+09  1.373949E+27  2.267058E+18  7.497896E+07  9.364182E+08  2.922191E+01  3.811957E-03
    232  4.4448570558972234E-01  0.0000000000000000E+00  0.0000000000000000E+00  4.991881E+09  2.098809E+09  1.374296E+27  2.267232E+18  7.503901E+07  9.365197E+08  2.923778E+01  4.074043E-03
    233  4.4448817236042504E-01  0.0000000000000000E+00  0.0000000000000000E+00  5.012001E+09  2.098963E+09  1.374984E+27  2.267619E+18  7.515456E+07  9.367206E+08  2.927322E+01  4.678198E-03
    234  4.4449310590183044E-01  0.0000000000000000E+00  0.0000000000000000E+00  5.052242E+09  2.099273E+09  1.376334E+27  2.268586E+18  7.536491E+07  9.371122E+08  2.936115E+01  6.300318E-03
    235  4.4450297298464125E-01  0.0000000000000000E+00  0.0000000000000000E+00  5.132724E+09  2.099892E+09  1.378884E+27  2.271503E+18  7.567815E+07  9.378397E+08  2.962689E+01  1.256751E-02
    236  4.4450428577887613E-01  0.0000000000000000E+00  0.0000000000000000E+00  5.143432E+09  2.099974E+09  1.379204E+27  2.272027E+18  7.570610E+07  9.379291E+08  2.967393E+01  1.390244E-02
    237  4.4450620100353827E-01  0.0000000000000000E+00  0.0000000000000000E+00  5.159054E+09  2.100095E+09  1.379660E+27  2.272845E+18  7.574021E+07  9.380558E+08  2.974836E+01  1.613201E-02
    238  4.4451003145286255E-01  0.0000000000000000E+00  0.0000000000000000E+00  5.190297E+09  2.100335E+09  1.380530E+27  2.274737E+18  7.578128E+07  9.382940E+08  2.992105E+01  2.179994E-02
    239  4.4451079754272743E-01  0.0000000000000000E+00  0.0000000000000000E+00  5.196546E+09  2.100383E+09  1.380697E+27  2.275158E+18  7.578479E+07  9.383390E+08  2.995977E+01  2.315887E-02
    240  4.4451182668718048E-01  0.0000000000000000E+00  0.0000000000000000E+00  5.204940E+09  2.100448E+09  1.380917E+27  2.275752E+18  7.578679E+07  9.383979E+08  3.001422E+01  2.511884E-02
    241  4.4451388497608657E-01  0.0000000000000000E+00  0.0000000000000000E+00  5.221729E+09  2.100577E+09  1.381342E+27  2.277032E+18  7.578107E+07  9.385100E+08  3.013194E+01  2.954141E-02
    242  4.4451800155389881E-01  0.0000000000000000E+00  0.0000000000000000E+00  5.255306E+09  2.100835E+09  1.382123E+27  2.280001E+18  7.572713E+07  9.387093E+08  3.040666E+01  4.077955E-02
    243  4.4451882486946126E-01  0.0000000000000000E+00  0.0000000000000000E+00  5.262022E+09  2.100887E+09  1.382267E+27  2.280664E+18  7.570894E+07  9.387448E+08  3.046857E+01  4.346845E-02
    244  4.4452014521025901E-01  0.0000000000000000E+00  0.0000000000000000E+00  5.272791E+09  2.100970E+09  1.382490E+27  2.281785E+18  7.567417E+07  9.387983E+08  3.057323E+01  4.813420E-02
    245  4.4452278589185446E-01  0.0000000000000000E+00  0.0000000000000000E+00  5.294330E+09  2.101135E+09  1.382898E+27  2.284237E+18  7.558285E+07  9.388922E+08  3.080379E+01  5.887718E-02
    246  4.4452806725504540E-01  0.0000000000000000E+00  0.0000000000000000E+00  5.337408E+09  2.101467E+09  1.383552E+27  2.290078E+18  7.530462E+07  9.390211E+08  3.136162E+01  8.685326E-02
    247  4.4452912352768359E-01  0.0000000000000000E+00  0.0000000000000000E+00  5.346024E+09  2.101533E+09  1.383654E+27  2.291399E+18  7.523234E+07  9.390365E+08  3.149069E+01  9.342152E-02
    248  4.4453071474104672E-01  0.0000000000000000E+00  0.0000000000000000E+00  5.359003E+09  2.101633E+09  1.383789E+27  2.293503E+18  7.511293E+07  9.390528E+08  3.169673E+01  1.041883E-01
    249  4.4453389716777297E-01  0.0000000000000000E+00  0.0000000000000000E+00  5.384961E+09  2.101833E+09  1.383989E+27  2.298087E+18  7.483545E+07  9.390603E+08  3.215305E+01  1.284205E-01
    250  4.4454026202122543E-01  0.0000000000000000E+00  0.0000000000000000E+00  5.436876E+09  2.102232E+09  1.384109E+27  2.308712E+18  7.413149E+07  9.389745E+08  3.325234E+01  1.879114E-01
    251  4.4454128915688834E-01  0.0000000000000000E+00  0.0000000000000000E+00  5.445254E+09  2.102296E+09  1.384097E+27  2.310580E+18  7.400189E+07  9.389492E+08  3.345242E+01  1.989615E-01
    252  4.4454315159415081E-01  0.0000000000000000E+00  0.0000000000000000E+00  5.460445E+09  2.102413E+09  1.384051E+27  2.314088E+18  7.375540E+07  9.388949E+08  3.383274E+01  2.197689E-01
    253  4.4454687646867574E-01  0.0000000000000000E+00  0.0000000000000000E+00  5.490828E+09  2.102647E+09  1.383885E+27  2.321426E+18  7.323030E+07  9.387604E+08  3.465188E+01  2.645807E-01
    254  4.4455432621772556E-01  0.0000000000000000E+00  0.0000000000000000E+00  5.551592E+09  2.103114E+09  1.383377E+27  2.336689E+18  7.212184E+07  9.384289E+08  3.646900E+01  3.619711E-01
    255  4.4456601392047690E-01  0.0000000000000000E+00  0.0000000000000000E+00  5.646924E+09  2.103848E+09  1.382803E+27  2.358615E+18  7.061050E+07  9.379941E+08  3.936411E+01  5.147053E-01
    256  4.4456752545464423E-01  0.0000000000000000E+00  0.0000000000000000E+00  5.659253E+09  2.103943E+09  1.382791E+27  2.361106E+18  7.045475E+07  9.379602E+08  3.971222E+01  5.324321E-01
    257  4.4457047647034909E-01  0.0000000000000000E+00  0.0000000000000000E+00  5.683324E+09  2.104128E+09  1.382835E+27  2.365567E+18  7.018960E+07  9.379188E+08  4.035118E+01  5.660482E-01
    258  4.4457637850175874E-01  0.0000000000000000E+00  0.0000000000000000E+00  5.731464E+09  2.104498E+09  1.383177E+27  2.373206E+18  6.979697E+07  9.379274E+08  4.147419E+01  6.258345E-01
    259  4.4458818256457805E-01  0.0000000000000000E+00  0.0000000000000000E+00  5.827745E+09  2.105239E+09  1.384896E+27  2.383578E+18  6.953221E+07  9.383133E+08  4.303046E+01  7.141980E-01
    260  4.4460533341645347E-01  0.0000000000000000E+00  0.0000000000000000E+00  5.967638E+09  2.106315E+09  1.388930E+27  2.392330E+18  6.986445E+07  9.394182E+08  4.422410E+01  8.120174E-01
    261  4.4460734496845911E-01  0.0000000000000000E+00  0.0000000000000000E+00  5.984045E+09  2.106441E+09  1.389556E+27  2.392691E+18  6.997060E+07  9.396014E+08  4.425270E+01  8.124419E-01
    262  4.4460981013587381E-01  0.0000000000000000E+00  0.0000000000000000E+00  6.004153E+09  2.106596E+09  1.390359E+27  2.393027E+18  7.011655E+07  9.398389E+08  4.426065E+01  8.192692E-01
    263  4.4461360999270488E-01  0.0000000000000000E+00  0.0000000000000000E+00  6.035147E+09  2.106835E+09  1.391627E+27  2.393447E+18  7.035345E+07  9.402157E+08  4.425248E+01  8.296033E-01
    264  4.4462120970636709E-01  0.0000000000000000E+00  0.0000000000000000E+00  6.097135E+09  2.107311E+09  1.394268E+27  2.393981E+18  7.086680E+07  9.410048E+08  4.416873E+01  8.486962E-01
    265  4.4463640913369146E-01  0.0000000000000000E+00  0.0000000000000000E+00  6.221110E+09  2.108265E+09  1.400007E+27  2.393620E+18  7.207008E+07  9.427409E+08  4.370664E+01  8.798646E-01
    266  4.4463860164752245E-01  0.0000000000000000E+00  0.0000000000000000E+00  6.238994E+09  2.108403E+09  1.400874E+27  2.393504E+18  7.225825E+07  9.430048E+08  4.361662E+01  8.837321E-01
    267  4.4464298667518448E-01  0.0000000000000000E+00  0.0000000000000000E+00  6.274761E+09  2.108678E+09  1.402652E+27  2.393072E+18  7.265163E+07  9.435475E+08  4.340977E+01  8.910068E-01
    268  4.4465175673050855E-01  0.0000000000000000E+00  0.0000000000000000E+00  6.346295E+09  2.109228E+09  1.406335E+27  2.391920E+18  7.348597E+07  9.446760E+08  4.292547E+01  9.038733E-01
    269  4.4466929684115664E-01  0.0000000000000000E+00  0.0000000000000000E+00  6.489363E+09  2.110329E+09  1.414202E+27  2.388426E+18  7.534613E+07  9.471035E+08  4.169607E+01  9.252466E-01
    270  4.4467201010075136E-01  0.0000000000000000E+00  0.0000000000000000E+00  6.511493E+09  2.110499E+09  1.415460E+27  2.387773E+18  7.564873E+07  9.474928E+08  4.148971E+01  9.280376E-01
    271  4.4467743661994080E-01  0.0000000000000000E+00  0.0000000000000000E+00  6.555755E+09  2.110840E+09  1.418041E+27  2.386305E+18  7.628007E+07  9.482934E+08  4.104437E+01  9.332716E-01
    272  4.4468828965831969E-01  0.0000000000000000E+00  0.0000000000000000E+00  6.644279E+09  2.111521E+09  1.423381E+27  2.382903E+18  7.761294E+07  9.499545E+08  4.008196E+01  9.424154E-01
    273  4.4470999573507747E-01  0.0000000000000000E+00  0.0000000000000000E+00  6.821327E+09  2.112883E+09  1.434921E+27  2.373777E+18  8.063890E+07  9.535686E+08  3.782254E+01  9.562121E-01
    274  4.4471276165750967E-01  0.0000000000000000E+00  0.0000000000000000E+00  6.843888E+09  2.113056E+09  1.436440E+27  2.372477E+18  8.104398E+07  9.540452E+08  3.752774E+01  9.576884E-01
    275  4.4471738429280461E-01  0.0000000000000000E+00  0.0000000000000000E+00  6.881593E+09  2.113346E+09  1.439034E+27  2.370151E+18  8.174534E+07  9.548604E+08  3.701516E+01  9.597019E-01
    276  4.4472662956339454E-01  0.0000000000000000E+00  0.0000000000000000E+00  6.957003E+09  2.113926E+09  1.444340E+27  2.365172E+18  8.319900E+07  9.565302E+08  3.597027E+01  9.631332E-01
    277  4.4474512010457440E-01  0.0000000000000000E+00  0.0000000000000000E+00  7.107823E+09  2.115087E+09  1.455423E+27  2.353815E+18  8.631217E+07  9.600262E+08  3.382759E+01  9.678124E-01
    278  4.4474808910721819E-01  0.0000000000000000E+00  0.0000000000000000E+00  7.132040E+09  2.115273E+09  1.457302E+27  2.351722E+18  8.685879E+07  9.606214E+08  3.345881E+01  9.682792E-01
    279  4.4475402711250578E-01  0.0000000000000000E+00  0.0000000000000000E+00  7.180474E+09  2.115646E+09  1.461025E+27  2.347602E+18  8.793176E+07  9.617983E+08  3.276304E+01  9.691114E-01
    280  4.4476590312308095E-01  0.0000000000000000E+00  0.0000000000000000E+00  7.277342E+09  2.116391E+09  1.468627E+27  2.338904E+18  9.014594E+07  9.642030E+08  3.138912E+01  9.701872E-01
    281  4.4478965514423136E-01  0.0000000000000000E+00  0.0000000000000000E+00  7.471078E+09  2.117881E+09  1.484496E+27  2.319578E+18  9.486734E+07  9.692288E+08  2.871927E+01  9.708505E-01
    282  4.4479266480847707E-01  0.0000000000000000E+00  0.0000000000000000E+00  7.495627E+09  2.118070E+09  1.486747E+27  2.316440E+18  9.558701E+07  9.699483E+08  2.832112E+01  9.714677E-01
    283  4.4479758617504539E-01  0.0000000000000000E+00  0.0000000000000000E+00  7.535768E+09  2.118379E+09  1.490216E+27  2.311916E+18  9.664947E+07  9.710498E+08  2.777305E+01  9.715828E-01
    284  4.4480742890818198E-01  0.0000000000000000E+00  0.0000000000000000E+00  7.616052E+09  2.118997E+09  1.497301E+27  2.302478E+18  9.884093E+07  9.733006E+08  2.669009E+01  9.721121E-01
    285  4.4482711437445516E-01  0.0000000000000000E+00  0.0000000000000000E+00  7.776618E+09  2.120232E+09  1.512219E+27  2.281246E+18  1.035775E+08  9.780517E+08  2.454225E+01  9.725236E-01
    286  4.4485423152098164E-01  0.0000000000000000E+00  0.0000000000000000E+00  7.867894E+09  2.120315E+09  1.521158E+27  2.266287E+18  1.068111E+08  9.810661E+08  2.318212E+01  9.743091E-01
    287  4.4485467543890383E-01  0.0000000000000000E+00  0.0000000000000000E+00  7.868317E+09  2.120303E+09  1.520731E+27  2.267750E+18  1.065740E+08  9.809179E+08  2.330595E+01  9.763851E-01
    288  4.4485520735822537E-01  0.0000000000000000E+00  0.0000000000000000E+00  7.868823E+09  2.120288E+09  1.520559E+27  2.268250E+18  1.064776E+08  9.808603E+08  2.335805E+01  9.749324E-01
    289  4.4485627119686844E-01  0.0000000000000000E+00  0.0000000000000000E+00  7.869836E+09  2.120260E+09  1.520550E+27  2.268304E+18  1.064697E+08  9.808634E+08  2.336645E+01  9.744499E-01
    290  4.4485839887415463E-01  0.0000000000000000E+00  0.0000000000000000E+00  7.871862E+09  2.120202E+09  1.520677E+27  2.268019E+18  1.065328E+08  9.809205E+08  2.334221E+01  9.744414E-01
    291  4.4486265422872695E-01  0.0000000000000000E+00  0.0000000000000000E+00  7.875913E+09  2.120087E+09  1.520940E+27  2.267425E+18  1.066641E+08  9.810377E+08  2.329129E+01  9.744831E-01
    292  4.4487116493787165E-01  0.0000000000000000E+00  0.0000000000000000E+00  7.884016E+09  2.119857E+09  1.521465E+27  2.266233E+18  1.069271E+08  9.812725E+08  2.318985E+01  9.745607E-01
    293  4.4488818635616101E-01  0.0000000000000000E+00  0.0000000000000000E+00  7.900223E+09  2.119397E+09  1.522526E+27  2.263821E+18  1.074575E+08  9.817454E+08  2.298716E+01  9.747280E-01
    294  4.4492222919273977E-01  0.0000000000000000E+00  0.0000000000000000E+00  7.932635E+09  2.118477E+09  1.524678E+27  2.258898E+18  1.085336E+08  9.827022E+08  2.258407E+01  9.750784E-01
    295  4.4499031486589724E-01  0.0000000000000000E+00  0.0000000000000000E+00  7.997460E+09  2.116637E+09  1.529101E+27  2.248661E+18  1.107442E+08  9.846584E+08  2.178939E+01  9.758100E-01
    296  4.4512648621221224E-01  0.0000000000000000E+00  0.0000000000000000E+00  8.127110E+09  2.112956E+09  1.538436E+27  2.226523E+18  1.154042E+08  9.887478E+08  2.025066E+01  9.771365E-01
    297  4.4515372048147522E-01  0.0000000000000000E+00  0.0000000000000000E+00  8.153040E+09  2.112220E+09  1.540415E+27  2.221730E+18  1.163922E+08  9.896057E+08  1.994505E+01  9.775835E-01
    298  4.4520818902000120E-01  0.0000000000000000E+00  0.0000000000000000E+00  8.204901E+09  2.110748E+09  1.544411E+27  2.211989E+18  1.183830E+08  9.913358E+08  1.935324E+01  9.781587E-01
    299  4.4531712609705321E-01  0.0000000000000000E+00  0.0000000000000000E+00  8.308621E+09  2.107804E+09  1.552756E+27  2.191302E+18  1.225300E+08  9.949223E+08  1.820748E+01  9.792186E-01
    300  4.4533891351246363E-01  0.0000000000000000E+00  0.0000000000000000E+00  8.329365E+09  2.107215E+09  1.554505E+27  2.186880E+18  1.233986E+08  9.956683E+08  1.798055E+01  9.794720E-01
    301  4.4538248834328442E-01  0.0000000000000000E+00  0.0000000000000000E+00  8.370853E+09  2.106037E+09  1.558030E+27  2.177957E+18  1.251446E+08  9.971698E+08  1.753931E+01  9.798790E-01
    302  4.4546963800492601E-01  0.0000000000000000E+00  0.0000000000000000E+00  8.453829E+09  2.103682E+09  1.565332E+27  2.159250E+18  1.287119E+08  1.000263E+09  1.668240E+01  9.806156E-01
    303  4.4564393732820917E-01  0.0000000000000000E+00  0.0000000000000000E+00  8.619781E+09  2.098971E+09  1.581145E+27  2.117653E+18  1.364623E+08  1.006878E+09  1.505410E+01  9.818780E-01
    304  4.4590702075199706E-01  0.0000000000000000E+00  0.0000000000000000E+00  8.662366E+09  2.091449E+09  1.579022E+27  2.107332E+18  1.385127E+08  1.008135E+09  1.468540E+01  9.823476E-01
    305  4.4638979636150106E-01  0.0000000000000000E+00  0.0000000000000000E+00  8.660727E+09  2.077489E+09  1.565270E+27  2.107974E+18  1.386904E+08  1.007121E+09  1.467959E+01  9.825488E-01
    306  4.4735534758050904E-01  0.0000000000000000E+00  0.0000000000000000E+00  8.657924E+09  2.050657E+09  1.538739E+27  2.110029E+18  1.389190E+08  1.005090E+09  1.469516E+01  9.829411E-01
    307  4.4928645001852502E-01  0.0000000000000000E+00  0.0000000000000000E+00  8.659430E+09  2.012456E+09  1.500915E+27  2.113580E+18  1.392983E+08  1.002083E+09  1.471472E+01  9.836101E-01
    308  4.5314865489455697E-01  0.0000000000000000E+00  0.0000000000000000E+00  8.726368E+09  2.042028E+09  1.528113E+27  2.115418E+18  1.398473E+08  1.003807E+09  1.460669E+01  9.844827E-01
    309  4.6087306464662087E-01  0.0000000000000000E+00  0.0000000000000000E+00  8.705559E+09  1.881857E+09  1.372180E+27  2.129378E+18  1.411222E+08  9.910396E+08  1.473979E+01  9.863707E-01
    310  4.7087306442310345E-01  0.0000000000000000E+00  0.0000000000000000E+00  8.671114E+09  1.725005E+09  1.224811E+27  2.141211E+18  1.425716E+08  9.781351E+08  1.485501E+01  9.876196E-01
    311  4.8087306419958603E-01  0.0000000000000000E+00  0.0000000000000000E+00  8.635909E+09  1.604163E+09  1.113757E+27  2.152460E+18  1.435087E+08  9.673602E+08  1.500734E+01  9.885922E-01
    312  4.9087306397606861E-01  0.0000000000000000E+00  0.0000000000000000E+00  8.593565E+09  1.496157E+09  1.017089E+27  2.162342E+18  1.443273E+08  9.573291E+08  1.516629E+01  9.892521E-01
    313  5.0087306375255114E-01  0.0000000000000000E+00  0.0000000000000000E+00  8.526771E+09  1.375070E+09  9.119706E+26  2.172324E+18  1.452312E+08  9.457085E+08  1.536548E+01  9.898573E-01
    314  5.1087306352903372E-01  0.0000000000000000E+00  0.0000000000000000E+00  8.428259E+09  1.241164E+09  7.991071E+26  2.184304E+18  1.459826E+08  9.319146E+08  1.567258E+01  9.904318E-01
    315  5.2087306330551630E-01  0.0000000000000000E+00  0.0000000000000000E+00  8.323979E+09  1.118052E+09  6.987471E+26  2.195959E+18  1.467142E+08  9.182838E+08  1.600499E+01  9.909481E-01
    316  5.3087306308199889E-01  0.0000000000000000E+00  0.0000000000000000E+00  8.227757E+09  1.017946E+09  6.195176E+26  2.206526E+18  1.473038E+08  9.062794E+08  1.632984E+01  9.913765E-01
    317  5.4087306285848147E-01  0.0000000000000000E+00  0.0000000000000000E+00  8.132603E+09  9.292219E+08  5.512049E+26  2.217040E+18  1.477911E+08  8.948331E+08  1.668025E+01  9.917639E-01
    318  5.5087306263496405E-01  0.0000000000000000E+00  0.0000000000000000E+00  8.023649E+09  8.395994E+08  4.841870E+26  2.228409E+18  1.482921E+08  8.824005E+08  1.709460E+01  9.921577E-01
    319  5.6087306241144663E-01  0.0000000000000000E+00  0.0000000000000000E+00  7.910498E+09  7.569063E+08  4.241871E+26  2.239961E+18  1.487608E+08  8.699704E+08  1.754960E+01  9.925308E-01
    320  5.7087306218792921E-01  0.0000000000000000E+00  0.0000000000000000E+00  7.797804E+09  6.827389E+08  3.719471E+26  2.251850E+18  1.491360E+08  8.578445E+08  1.805530E+01  9.928747E-01
    321  5.8087306196441180E-01  0.0000000000000000E+00  0.0000000000000000E+00  7.675917E+09  6.110182E+08  3.229671E+26  2.264769E+18  1.494793E+08  8.450812E+08  1.865145E+01  9.932161E-01
    322  5.8654596999999997E-01  0.0000000000000000E+00  0.0000000000000000E+00  7.611152E+09  5.747662E+08  2.988956E+26  2.271389E+18  1.497736E+08  8.382853E+08  1.897288E+01  9.933820E-01
